Z      N      A      Binding_Energy_(MeV)    beta2_total    beta3_total    fileID    Convergence    
40     30     70     -506.403764             0.0            0.0            11        YES            
40     32     72     -541.727454             5e-05          0.0            33        YES            
40     34     74     -575.148129             -4.5e-05       0.0            52        YES            
40     36     76     -607.095779             0.0            0.0            74        YES            
40     38     78     -637.601373             -2.9e-05       0.0            94        YES            
40     40     80     -666.173722             -0.0           0.0            116       YES            
40     42     82     -692.398325             -8.7e-05       0.0            140       YES            
40     44     84     -716.923154             -0.000113      0.0            162       YES            
40     46     86     -740.366998             -0.00012       0.0            183       YES            
40     48     88     -762.879411             -0.000115      0.0            204       YES            
40     50     90     -783.430068             -0.00012       0.0            225       YES            
40     52     92     -799.478283             -0.00011       0.0            246       YES            
40     54     94     -813.868401             -0.000165      0.0            262       YES            
40     56     96     -827.046706             -7e-05         0.0            283       YES            
40     58     98     -838.929201             -0.0           0.0            305       YES            
40     60     100    -850.318289             -0.179747      0.0            324       YES            
40     62     102    -861.509748             0.370062       0.0            352       YES            
40     64     104    -871.733361             0.372765       0.0            373       YES            
40     66     106    -880.983883             0.367555       0.0            393       YES            
40     68     108    -889.467792             -0.193916      0.0            408       YES            
40     72     112    -905.104722             -0.0           0.0            431       YES            
40     74     114    -912.322688             9.4e-05        0.0            451       YES            
40     76     116    -918.986928             -0.0           0.0            473       YES            
40     78     118    -925.20732              -7.7e-05       0.0            495       YES            
40     80     120    -931.044946             -0.000527      0.0            512       YES            
40     82     122    -935.470329             -0.000405      0.0            534       YES            
40     84     124    -937.529131             -0.001439      0.0            555       YES            
40     86     126    -938.62494              -0.010011      0.0            575       YES            
40     88     128    -939.594091             -0.018382      0.0            596       YES            
40     90     130    -940.392664             -0.016306      0.0            617       YES            
40     92     132    -940.995474             -0.004793      0.0            639       YES            
40     94     134    -941.220013             -0.003975      0.0            660       YES            
40     96     136    -940.771139             -0.003689      0.0            681       YES            
40     98     138    -939.639132             -0.003356      0.0            702       YES            
40     100    140    -938.013735             -0.002899      0.0            723       YES            
40     102    142    -936.102724             -0.002311      0.0            744       YES            
54     50     104    -814.045159             0.000855       0.0            771       YES            
54     52     106    -842.534032             0.131896       0.0            795       YES            
54     54     108    -869.674916             0.174868       0.0            810       YES            
54     56     110    -895.20075              0.195104       0.0            831       YES            
54     58     112    -919.211819             0.21142        0.0            852       YES            
54     60     114    -942.039809             0.231909       0.0            873       YES            
54     62     116    -964.019522             0.257307       0.0            898       YES            
54     68     122    -1024.880968            0.247768       0.0            920       YES            
54     70     124    -1043.343206            0.222969       0.0            942       YES            
54     72     126    -1060.89744             0.194173       0.0            963       YES            
54     76     130    -1094.365004            0.129325       0.0            982       YES            
54     78     132    -1110.348014            0.089248       0.0            1003      YES            
54     80     134    -1126.000988            0.000933       0.0            1022      YES            
54     82     136    -1140.568237            -0.000197      0.0            1038      YES            
54     84     138    -1149.777986            -0.002841      0.0            1058      YES            
54     86     140    -1159.171993            0.124237       0.0            1085      YES            
54     88     142    -1167.674262            0.15671        0.0            1107      YES            
54     92     146    -1182.637891            0.198259       0.0            1130      YES            
54     94     148    -1189.495473            0.219499       0.0            1153      YES            
54     96     150    -1196.088729            0.240909       0.0            1172      YES            
54     98     152    -1202.348909            0.259306       0.0            1194      YES            
54     100    154    -1208.184337            0.271436       0.0            1216      YES            
54     102    156    -1213.442877            0.276633       0.0            1237      YES            
54     104    158    -1218.099815            0.273005       0.0            1256      YES            
54     106    160    -1222.285008            0.261031       0.0            1276      YES            
54     108    162    -1226.146008            0.24298        0.0            1296      YES            
54     110    164    -1229.721362            0.22395        0.0            1317      YES            
54     112    166    -1232.967189            0.202836       0.0            1338      YES            
54     114    168    -1235.919056            0.177816       0.0            1359      YES            
54     116    170    -1238.67273             0.14934        0.0            1377      YES            
54     118    172    -1241.432834            0.118244       0.0            1398      YES            
54     120    174    -1244.229669            0.083917       0.0            1419      YES            
54     122    176    -1246.897286            0.0            0.0            1439      YES            
54     124    178    -1250.06199             0.000503       0.0            1463      YES            
54     126    180    -1251.818468            -0.00066       0.0            1479      YES            
54     128    182    -1250.722669            0.007412       0.0            1505      YES            
54     130    184    -1249.268435            0.073307       0.0            1527      YES            
54     132    186    -1247.898612            0.102426       0.0            1548      YES            
56     52     108    -836.602433             0.161351       0.0            1571      YES            
56     56     112    -893.379947             0.221114       0.0            1594      YES            
56     58     114    -919.261134             0.246627       0.0            1615      YES            
56     60     116    -944.153529             0.298795       0.0            1636      YES            
56     62     118    -968.195819             0.340965       0.0            1657      YES            
56     64     120    -990.820789             0.333314       0.0            1678      YES            
56     66     122    -1012.480929            0.309441       0.0            1699      YES            
56     68     124    -1033.252282            0.283901       0.0            1719      YES            
56     70     126    -1053.006033            0.257779       0.0            1740      YES            
56     72     128    -1071.684058            0.228176       0.0            1761      YES            
56     74     130    -1089.60397             0.194054       0.0            1783      YES            
56     76     132    -1107.124946            0.158585       0.0            1804      YES            
56     78     134    -1124.210504            0.120416       0.0            1821      YES            
56     80     136    -1140.637765            0.046356       0.0            1843      YES            
56     82     138    -1156.521058            0.0            0.0            1859      YES            
56     84     140    -1167.41424             0.07902        0.0            1884      YES            
56     86     142    -1178.062674            0.140753       0.0            1905      YES            
56     94     150    -1214.511152            0.25716        0.0            1928      YES            
56     96     152    -1222.596548            0.27472        0.0            1951      YES            
56     98     154    -1230.18648             0.284888       0.0            1972      YES            
56     100    156    -1237.218832            0.291025       0.0            1993      YES            
56     102    158    -1243.572156            0.292723       0.0            2014      YES            
56     104    160    -1249.195548            0.288145       0.0            2035      YES            
56     106    162    -1254.264032            0.275208       0.0            2054      YES            
56     108    164    -1258.989429            0.256072       0.0            2073      YES            
56     110    166    -1263.443327            0.236902       0.0            2094      YES            
56     112    168    -1267.566937            0.217785       0.0            2115      YES            
56     114    170    -1271.280008            0.19651        0.0            2136      YES            
56     116    172    -1274.653756            0.170038       0.0            2154      YES            
56     118    174    -1277.965431            0.138894       0.0            2175      YES            
56     120    176    -1281.415252            0.104803       0.0            2196      YES            
56     122    178    -1284.890599            0.057222       0.0            2219      YES            
56     124    180    -1288.86019             0.000661       0.0            2240      YES            
56     126    182    -1291.638066            -0.000561      0.0            2256      YES            
56     128    184    -1291.137411            0.003335       0.0            2281      YES            
56     130    186    -1290.256619            0.076453       0.0            2304      YES            
56     132    188    -1289.535534            0.109862       0.0            2325      YES            
56     134    190    -1288.505136            0.132069       0.0            2346      YES            
56     136    192    -1287.187269            0.147852       0.0            2367      YES            
56     138    194    -1285.582959            0.158853       0.0            2388      YES            
58     54     112    -859.760678             0.224419       0.0            2412      YES            
58     56     114    -889.222797             0.256379       0.0            2434      YES            
58     58     116    -917.731331             0.323273       0.0            2455      YES            
58     60     118    -945.254728             0.363817       0.0            2476      YES            
58     62     120    -970.880973             0.376119       0.0            2497      YES            
58     64     122    -994.880773             0.371171       0.0            2518      YES            
58     66     124    -1017.715378            0.353003       0.0            2538      YES            
58     68     126    -1039.557645            0.326272       0.0            2560      YES            
58     70     128    -1060.339494            0.294786       0.0            2581      YES            
58     72     130    -1079.996017            0.25788        0.0            2602      YES            
58     74     132    -1098.915793            0.214113       0.0            2623      YES            
58     76     134    -1117.597804            0.171664       0.0            2640      YES            
58     80     138    -1153.628514            0.065384       0.0            2661      YES            
58     82     140    -1170.702138            0.0            0.0            2678      YES            
58     84     142    -1182.800784            0.081858       0.0            2703      YES            
58     92     150    -1227.712948            0.277614       0.0            2726      YES            
58     94     152    -1237.920194            0.299097       0.0            2749      YES            
58     96     154    -1247.305494            0.308775       0.0            2770      YES            
58     98     156    -1256.056251            0.313907       0.0            2791      YES            
58     100    158    -1264.178083            0.316631       0.0            2812      YES            
58     102    160    -1271.520957            0.317881       0.0            2833      YES            
58     104    162    -1278.048612            0.317449       0.0            2854      YES            
58     106    164    -1283.868114            0.309653       0.0            2875      YES            
58     108    166    -1289.184161            0.282857       0.0            2893      YES            
58     110    168    -1294.376381            0.252271       0.0            2913      YES            
58     112    170    -1299.436828            0.228104       0.0            2934      YES            
58     114    172    -1304.079304            0.205364       0.0            2955      YES            
58     116    174    -1308.281949            0.178634       0.0            2973      YES            
58     118    176    -1312.330725            0.147417       0.0            2994      YES            
58     120    178    -1316.510225            0.112323       0.0            3015      YES            
58     122    180    -1320.795889            0.058169       0.0            3038      YES            
58     124    182    -1325.812924            0.000258       0.0            3058      YES            
58     126    184    -1329.581735            0.000669       0.0            3080      YES            
58     128    186    -1329.720626            0.002225       0.0            3100      YES            
58     130    188    -1329.276897            0.067397       0.0            3123      YES            
58     132    190    -1329.095068            0.105664       0.0            3144      YES            
58     134    192    -1328.67707             0.132221       0.0            3165      YES            
58     142    200    -1324.949104            0.249968       0.0            3186      YES            
58     144    202    -1323.995945            0.26957        0.0            3207      YES            
58     146    204    -1322.630285            0.280942       0.0            3228      YES            
58     148    206    -1321.01832             0.289805       0.0            3249      YES            
58     150    208    -1319.236006            0.296125       0.0            3270      YES            
80     86     166    -1257.021164            -0.0           0.0            3287      YES            
80     88     168    -1279.47408             -0.0           0.0            3308      YES            
80     90     170    -1301.625836            0.067493       0.0            3330      YES            
80     92     172    -1323.359574            0.091139       0.0            3351      YES            
80     94     174    -1344.554142            0.106126       0.0            3374      YES            
80     96     176    -1365.198393            -0.107243      0.0            3390      YES            
80     98     178    -1385.621456            -0.12494       0.0            3411      YES            
80     100    180    -1405.623443            -0.14905       0.0            3432      YES            
80     102    182    -1425.127818            -0.169187      0.0            3453      YES            
80     104    184    -1444.071334            -0.174067      0.0            3474      YES            
80     106    186    -1462.419567            -0.171869      0.0            3495      YES            
80     108    188    -1480.209155            -0.164819      0.0            3516      YES            
80     110    190    -1497.524443            -0.155231      0.0            3537      YES            
80     112    192    -1514.386073            -0.144539      0.0            3558      YES            
80     114    194    -1530.747925            -0.131766      0.0            3579      YES            
80     116    196    -1546.571491            -0.11457       0.0            3601      YES            
80     118    198    -1561.916821            -0.095288      0.0            3622      YES            
80     120    200    -1576.942322            -0.067253      0.0            3643      YES            
80     122    202    -1591.927812            -0.001035      0.0            3664      YES            
80     124    204    -1607.011212            -0.000313      0.0            3685      YES            
80     126    206    -1620.517255            0.0            0.0            3707      YES            
80     128    208    -1629.078968            0.0            0.0            3728      YES            
80     130    210    -1636.534536            0.0            0.0            3749      YES            
80     132    212    -1643.696716            0.0            0.0            3770      YES            
80     134    214    -1650.530535            0.0            0.0            3791      YES            
80     136    216    -1657.052485            0.002554       0.0            3813      YES            
80     138    218    -1663.346817            0.064513       0.0            3834      YES            
80     140    220    -1669.735251            0.102824       0.0            3855      YES            
80     142    222    -1676.433847            0.210273       0.0            3879      YES            
80     144    224    -1683.489069            0.231367       0.0            3899      YES            
80     146    226    -1690.186803            0.245646       0.0            3920      YES            
80     148    228    -1696.455028            0.254738       0.0            3941      YES            
80     150    230    -1702.25893             0.258801       0.0            3962      YES            
80     152    232    -1707.689652            0.259323       0.0            3983      YES            
80     154    234    -1712.832717            0.257541       0.0            4004      YES            
80     156    236    -1717.67456             0.253378       0.0            4025      YES            
80     158    238    -1722.050447            0.245354       0.0            4046      YES            
80     160    240    -1725.886748            0.2313         0.0            4067      YES            
80     162    242    -1729.817551            -0.16993       0.0            4083      YES            
80     164    244    -1733.961994            -0.164156      0.0            4104      YES            
80     166    246    -1737.835064            -0.156847      0.0            4125      YES            
80     168    248    -1741.462127            -0.147319      0.0            4146      YES            
80     170    250    -1744.906404            -0.135488      0.0            4167      YES            
80     172    252    -1748.23169             -0.12098       0.0            4188      YES            
80     174    254    -1751.422238            -0.101895      0.0            4210      YES            
80     176    256    -1754.433119            -0.08085       0.0            4231      YES            
80     178    258    -1757.205418            -0.040177      0.0            4251      YES            
80     180    260    -1760.7849              0.0            0.0            4274      YES            
80     182    262    -1764.328045            0.000279       0.0            4296      YES            
80     184    264    -1766.576399            0.0            0.0            4316      YES            
80     186    266    -1765.563943            -0.000321      0.0            4336      YES            
80     188    268    -1763.616204            0.000689       0.0            4359      YES            
80     190    270    -1761.62081             0.0            0.0            4379      YES            
86     100    186    -1403.169099            0.297113       0.0            4403      YES            
86     102    188    -1425.415288            0.298782       0.0            4424      YES            
86     104    190    -1446.73822             0.278536       0.0            4445      YES            
86     106    192    -1467.30758             0.243997       0.0            4466      YES            
86     108    194    -1487.55727             -0.227044      0.0            4481      YES            
86     110    196    -1507.122459            -0.217511      0.0            4502      YES            
86     112    198    -1526.439353            0.14787        0.0            4528      YES            
86     114    200    -1545.444167            -0.127284      0.0            4545      YES            
86     116    202    -1564.159518            -0.113338      0.0            4567      YES            
86     118    204    -1582.427934            -0.096597      0.0            4588      YES            
86     120    206    -1600.340431            -0.073892      0.0            4609      YES            
86     122    208    -1617.900441            -0.034361      0.0            4630      YES            
86     124    210    -1635.499452            0.000684       0.0            4653      YES            
86     126    212    -1651.544964            -0.000268      0.0            4672      YES            
86     128    214    -1662.610102            -0.000413      0.0            4693      YES            
86     130    216    -1672.565074            -0.0           0.0            4715      YES            
86     140    226    -1723.581226            0.182882       0.0            4739      YES            
86     142    228    -1732.967245            0.200577       0.0            4760      YES            
86     144    230    -1742.043704            0.21752        0.0            4781      YES            
86     146    232    -1750.796502            0.231994       0.0            4802      YES            
86     148    234    -1759.115163            0.240919       0.0            4823      YES            
86     150    236    -1766.925264            0.24416        0.0            4844      YES            
86     152    238    -1774.292169            0.243406       0.0            4865      YES            
86     154    240    -1781.352491            0.240163       0.0            4886      YES            
86     156    242    -1788.123246            0.234613       0.0            4907      YES            
86     158    244    -1794.55808             0.224975       0.0            4928      YES            
86     160    246    -1800.632328            0.210133       0.0            4949      YES            
86     162    248    -1806.456432            0.190767       0.0            4969      YES            
86     164    250    -1812.105801            0.171047       0.0            4990      YES            
86     166    252    -1817.601348            0.151847       0.0            5011      YES            
86     168    254    -1822.932035            0.133376       0.0            5032      YES            
86     170    256    -1828.247281            -0.122524      0.0            5049      YES            
86     172    258    -1833.678502            -0.106654      0.0            5070      YES            
86     174    260    -1838.961411            -0.092249      0.0            5091      YES            
86     176    262    -1844.043897            -0.07411       0.0            5113      YES            
86     178    264    -1848.919206            -0.049544      0.0            5134      YES            
86     180    266    -1853.819007            0.0            0.0            5156      YES            
86     182    268    -1858.947898            0.000276       0.0            5178      YES            
86     184    270    -1862.788051            0.0            0.0            5198      YES            
86     186    272    -1863.294689            -0.000195      0.0            5218      YES            
86     188    274    -1862.825329            0.0            0.0            5240      YES            
86     190    276    -1862.263826            -0.000573      0.0            5260      YES            
86     192    278    -1861.53568             0.001548       0.0            5283      YES            
86     198    284    -1860.970748            0.141635       0.0            5306      YES            
86     200    286    -1860.790266            0.159364       0.0            5327      YES            
86     202    288    -1860.505621            0.174838       0.0            5348      YES            
86     204    290    -1860.048371            0.187757       0.0            5369      YES            
86     206    292    -1859.428458            0.19842        0.0            5390      YES            
86     208    294    -1858.648621            0.207373       0.0            5411      YES            
86     210    296    -1857.723327            0.214517       0.0            5432      YES            
86     212    298    -1856.624986            0.220205       0.0            5453      YES            
86     214    300    -1855.331232            0.224298       0.0            5474      YES            
88     104    192    -1444.657622            0.287762       0.0            5495      YES            
88     106    194    -1466.09363             0.253424       0.0            5516      YES            
88     108    196    -1486.927026            0.222464       0.0            5537      YES            
88     110    198    -1507.263313            0.197271       0.0            5557      YES            
88     112    200    -1527.217891            0.17648        0.0            5578      YES            
88     114    202    -1546.813836            0.156482       0.0            5599      YES            
88     116    204    -1566.000133            0.135842       0.0            5620      YES            
88     118    206    -1584.891912            -0.117546      0.0            5637      YES            
88     120    208    -1603.485682            -0.09403       0.0            5658      YES            
88     122    210    -1621.763627            -0.059378      0.0            5680      YES            
88     124    212    -1639.948781            0.001104       0.0            5703      YES            
88     126    214    -1656.817707            0.000356       0.0            5724      YES            
88     128    216    -1668.754532            -0.000565      0.0            5743      YES            
88     142    230    -1748.107184            0.220433       0.0            5768      YES            
88     144    232    -1758.136038            0.232641       0.0            5789      YES            
88     146    234    -1767.701167            0.242422       0.0            5810      YES            
88     148    236    -1776.727332            0.247854       0.0            5831      YES            
88     150    238    -1785.178207            0.248563       0.0            5852      YES            
88     152    240    -1793.17819             0.245845       0.0            5873      YES            
88     154    242    -1800.86261             0.241045       0.0            5894      YES            
88     156    244    -1808.298308            0.23419        0.0            5915      YES            
88     158    246    -1815.435794            0.224229       0.0            5936      YES            
88     160    248    -1822.240226            0.21086        0.0            5957      YES            
88     162    250    -1828.736858            0.194875       0.0            5977      YES            
88     164    252    -1834.987005            0.178944       0.0            5998      YES            
88     166    254    -1841.012926            0.162939       0.0            6019      YES            
88     168    256    -1846.852619            0.14609        0.0            6040      YES            
88     170    258    -1852.561956            0.127665       0.0            6061      YES            
88     172    260    -1858.195961            0.106971       0.0            6081      YES            
88     174    262    -1863.945314            -0.098031      0.0            6099      YES            
88     176    264    -1869.660571            -0.079874      0.0            6120      YES            
88     178    266    -1875.133536            -0.053334      0.0            6142      YES            
88     180    268    -1880.528208            0.001104       0.0            6165      YES            
88     182    270    -1886.163329            0.0            0.0            6185      YES            
88     184    272    -1890.488494            0.0            0.0            6206      YES            
88     186    274    -1891.527301            0.000247       0.0            6228      YES            
88     188    276    -1891.571549            0.000446       0.0            6249      YES            
88     190    278    -1891.52342             0.000807       0.0            6270      YES            
88     202    290    -1894.741982            0.189131       0.0            6291      YES            
88     204    292    -1894.982887            0.199285       0.0            6312      YES            
88     206    294    -1894.940335            0.207374       0.0            6333      YES            
88     208    296    -1894.669525            0.21391        0.0            6354      YES            
88     210    298    -1894.208279            0.219691       0.0            6377      YES            
88     212    300    -1893.57607             0.22367        0.0            6398      YES            
88     214    302    -1892.755252            0.226263       0.0            6419      YES            
88     216    304    -1891.720799            0.227134       0.0            6440      YES            
88     218    306    -1890.481412            0.226001       0.0            6461      YES            
88     220    308    -1889.084505            0.222807       0.0            6482      YES            
90     108    198    -1484.857144            0.24378        0.0            6503      YES            
90     110    200    -1505.838882            0.220469       0.0            6524      YES            
90     112    202    -1526.43781             0.198434       0.0            6545      YES            
90     114    204    -1546.722522            0.176639       0.0            6566      YES            
90     116    206    -1566.604828            0.154496       0.0            6587      YES            
90     118    208    -1585.972101            0.129769       0.0            6607      YES            
90     120    210    -1605.175624            -0.107937      0.0            6624      YES            
90     122    212    -1624.173542            -0.07324       0.0            6645      YES            
90     124    214    -1643.009452            0.001595       0.0            6669      YES            
90     126    216    -1660.710097            0.00041        0.0            6690      YES            
90     128    218    -1673.531066            -0.000578      0.0            6709      YES            
90     140    230    -1750.203775            0.230548       0.0            6734      YES            
90     142    232    -1761.689205            0.241305       0.0            6755      YES            
90     144    234    -1772.617026            0.250223       0.0            6776      YES            
90     146    236    -1782.97787             0.256687       0.0            6797      YES            
90     148    238    -1792.716306            0.259517       0.0            6818      YES            
90     150    240    -1801.825084            0.258459       0.0            6839      YES            
90     152    242    -1810.452812            0.254305       0.0            6860      YES            
90     154    244    -1818.77602             0.248329       0.0            6881      YES            
90     156    246    -1826.864641            0.240718       0.0            6902      YES            
90     158    248    -1834.658529            0.230837       0.0            6923      YES            
90     160    250    -1842.095082            0.218534       0.0            6944      YES            
90     162    252    -1849.167806            0.204532       0.0            6965      YES            
90     164    254    -1855.917329            0.189618       0.0            6986      YES            
90     166    256    -1862.423273            0.173577       0.0            7006      YES            
90     168    258    -1868.75144             0.156211       0.0            7027      YES            
90     170    260    -1875.001439            0.136665       0.0            7048      YES            
90     172    262    -1881.194812            0.115898       0.0            7069      YES            
90     174    264    -1887.303058            0.093369       0.0            7089      YES            
90     176    266    -1893.569032            -0.08196       0.0            7107      YES            
90     178    268    -1899.674425            -0.04926       0.0            7129      YES            
90     180    270    -1905.797063            0.0            0.0            7151      YES            
90     182    272    -1911.900509            0.000255       0.0            7173      YES            
90     184    274    -1916.709384            0.0            0.0            7193      YES            
90     186    276    -1918.308572            -0.000172      0.0            7213      YES            
90     188    278    -1918.888305            -0.000279      0.0            7234      YES            
90     190    280    -1919.370819            -0.000505      0.0            7255      YES            
90     202    292    -1927.36564             0.204954       0.0            7278      YES            
90     204    294    -1928.296084            0.21371        0.0            7299      YES            
90     206    296    -1928.863474            0.220197       0.0            7320      YES            
90     208    298    -1929.140634            0.225142       0.0            7341      YES            
90     210    300    -1929.181326            0.228919       0.0            7362      YES            
90     212    302    -1929.043442            0.232116       0.0            7385      YES            
90     214    304    -1928.712973            0.233654       0.0            7406      YES            
90     216    306    -1928.154932            0.233748       0.0            7427      YES            
90     218    308    -1927.355867            0.231824       0.0            7448      YES            
90     220    310    -1926.361672            0.227762       0.0            7469      YES            
90     222    312    -1925.236286            0.222294       0.0            7490      YES            
90     224    314    -1924.000254            0.216105       0.0            7511      YES            
90     226    316    -1922.650887            0.209141       0.0            7532      YES            
92     112    204    -1524.261707            0.217992       0.0            7553      YES            
92     114    206    -1545.177607            0.194633       0.0            7574      YES            
92     116    208    -1565.725142            0.170527       0.0            7595      YES            
92     118    210    -1585.725813            0.1436         0.0            7615      YES            
92     120    212    -1605.502056            -0.120442      0.0            7632      YES            
92     122    214    -1625.162327            -0.083104      0.0            7653      YES            
92     124    216    -1644.694161            0.0            0.0            7676      YES            
92     126    218    -1663.21594             0.000446       0.0            7698      YES            
92     128    220    -1676.908092            -0.000639      0.0            7717      YES            
92     138    230    -1747.787338            0.236102       0.0            7742      YES            
92     140    232    -1760.932326            0.24782        0.0            7763      YES            
92     142    234    -1773.421249            0.256998       0.0            7784      YES            
92     144    236    -1785.267828            0.264029       0.0            7805      YES            
92     146    238    -1796.472401            0.26854        0.0            7826      YES            
92     148    240    -1806.994527            0.270012       0.0            7847      YES            
92     150    242    -1816.848311            0.268339       0.0            7868      YES            
92     152    244    -1826.173393            0.264048       0.0            7889      YES            
92     154    246    -1835.167215            0.25807        0.0            7910      YES            
92     156    248    -1843.881143            0.250548       0.0            7931      YES            
92     158    250    -1852.277578            0.241047       0.0            7952      YES            
92     160    252    -1860.288354            0.229478       0.0            7973      YES            
92     162    254    -1867.872986            0.216103       0.0            7994      YES            
92     164    256    -1875.083713            0.20102        0.0            8015      YES            
92     166    258    -1882.04538             0.184057       0.0            8036      YES            
92     168    260    -1888.884557            0.165066       0.0            8056      YES            
92     170    262    -1895.684837            0.144825       0.0            8077      YES            
92     172    264    -1902.402693            0.123939       0.0            8098      YES            
92     174    266    -1909.065453            -0.109746      0.0            8115      YES            
92     176    268    -1915.92624             -0.087059      0.0            8136      YES            
92     178    270    -1922.571516            -0.050814      0.0            8158      YES            
92     180    272    -1929.303483            0.000683       0.0            8181      YES            
92     182    274    -1935.906334            -0.000238      0.0            8200      YES            
92     184    276    -1941.203436            -0.000133      0.0            8221      YES            
92     186    278    -1943.387119            -0.000183      0.0            8242      YES            
92     188    280    -1944.536991            -0.000303      0.0            8263      YES            
92     200    292    -1956.374377            0.205686       0.0            8286      YES            
92     202    294    -1958.445273            0.216597       0.0            8307      YES            
92     204    296    -1960.085569            0.224658       0.0            8328      YES            
92     206    298    -1961.294374            0.230564       0.0            8349      YES            
92     208    300    -1962.148378            0.234958       0.0            8370      YES            
92     210    302    -1962.741451            0.238147       0.0            8391      YES            
92     212    304    -1963.122216            0.240372       0.0            8412      YES            
92     214    306    -1963.287721            0.241747       0.0            8433      YES            
92     216    308    -1963.200431            0.241932       0.0            8454      YES            
92     218    310    -1962.819982            0.241647       0.0            8477      YES            
92     220    312    -1962.185191            0.237901       0.0            8498      YES            
92     222    314    -1961.378245            0.232147       0.0            8519      YES            
92     224    316    -1960.472189            0.225481       0.0            8540      YES            
92     226    318    -1959.451276            0.218168       0.0            8561      YES            
92     228    320    -1958.261622            0.209423       0.0            8582      YES            
92     230    322    -1956.897859            0.198348       0.0            8603      YES            
92     232    324    -1955.449396            0.185221       0.0            8624      YES            
92     234    326    -1953.97382             0.171669       0.0            8645      YES            
92     236    328    -1952.50922             0.158634       0.0            8666      YES            
92     238    330    -1951.026203            0.146212       0.0            8687      YES            
94     116    210    -1563.405523            0.186149       0.0            8708      YES            
94     118    212    -1584.046307            0.156203       0.0            8729      YES            
94     120    214    -1604.518021            -0.131845      0.0            8745      YES            
94     122    216    -1624.785232            -0.092548      0.0            8766      YES            
94     124    218    -1644.976852            0.0            0.0            8789      YES            
94     126    220    -1664.32397             -0.0           0.0            8810      YES            
94     128    222    -1678.893023            0.000742       0.0            8832      YES            
94     138    232    -1755.210534            0.247817       0.0            8855      YES            
94     140    234    -1769.39573             0.257962       0.0            8877      YES            
94     142    236    -1782.925621            0.266033       0.0            8897      YES            
94     144    238    -1795.780936            0.272478       0.0            8918      YES            
94     146    240    -1807.955416            0.276434       0.0            8939      YES            
94     148    242    -1819.422008            0.277434       0.0            8960      YES            
94     150    244    -1830.168695            0.275892       0.0            8981      YES            
94     152    246    -1840.317235            0.272523       0.0            9002      YES            
94     154    248    -1850.023392            0.267711       0.0            9023      YES            
94     156    250    -1859.379679            0.261227       0.0            9044      YES            
94     158    252    -1868.378111            0.252665       0.0            9065      YES            
94     160    254    -1876.954152            0.241837       0.0            9086      YES            
94     162    256    -1885.053552            0.228523       0.0            9107      YES            
94     164    258    -1892.731718            0.212373       0.0            9128      YES            
94     166    260    -1900.15625             0.193767       0.0            9149      YES            
94     168    262    -1907.516588            0.173728       0.0            9169      YES            
94     170    264    -1914.818535            0.153587       0.0            9190      YES            
94     172    266    -1922.009941            0.132988       0.0            9211      YES            
94     174    268    -1929.464096            -0.117772      0.0            9228      YES            
94     176    270    -1936.793476            -0.095733      0.0            9249      YES            
94     178    272    -1943.835959            -0.063607      0.0            9271      YES            
94     180    274    -1950.860393            -0.00089       0.0            9292      YES            
94     182    276    -1957.987795            -0.000224      0.0            9313      YES            
94     184    278    -1963.817787            0.0            0.0            9335      YES            
94     186    280    -1966.611369            -0.000196      0.0            9355      YES            
94     188    282    -1968.363505            -0.000336      0.0            9376      YES            
94     200    294    -1984.915087            0.214347       0.0            9399      YES            
94     202    296    -1987.711829            0.224267       0.0            9420      YES            
94     204    298    -1990.082714            0.2318         0.0            9441      YES            
94     206    300    -1991.989183            0.23747        0.0            9462      YES            
94     208    302    -1993.494462            0.241731       0.0            9483      YES            
94     210    304    -1994.675883            0.244962       0.0            9504      YES            
94     212    306    -1995.617798            0.24742        0.0            9525      YES            
94     214    308    -1996.337997            0.249263       0.0            9546      YES            
94     216    310    -1996.747307            0.250344       0.0            9567      YES            
94     218    312    -1996.811613            0.25006        0.0            9588      YES            
94     220    314    -1996.564705            0.252443       0.0            9613      YES            
94     222    316    -1996.1171              0.24258        0.0            9630      YES            
94     224    318    -1995.552745            0.237688       0.0            9653      YES            
94     226    320    -1994.868188            0.229419       0.0            9674      YES            
94     228    322    -1994.033041            0.219453       0.0            9695      YES            
94     230    324    -1993.033393            0.206414       0.0            9716      YES            
94     234    328    -1990.803816            0.178584       0.0            9737      YES            
94     236    330    -1989.628503            0.166164       0.0            9758      YES            
94     238    332    -1988.394996            0.154309       0.0            9779      YES            
94     240    334    -1987.08547             0.142339       0.0            9800      YES            
94     242    336    -1985.700332            -0.120694      0.0            9814      YES            
94     244    338    -1984.856799            -0.107231      0.0            9835      YES            
94     246    340    -1984.00642             -0.091257      0.0            9857      YES            
94     248    342    -1983.14512             -0.073598      0.0            9878      YES            
94     250    344    -1982.26435             -0.050337      0.0            9899      YES            
94     252    346    -1981.533968            -0.002222      0.0            9921      YES            
94     254    348    -1981.118312            -0.000998      0.0            9942      YES            
94     256    350    -1980.570535            -0.000604      0.0            9963      YES            
94     258    352    -1978.883975            -0.000716      0.0            9984      YES            
94     260    354    -1975.130773            -0.002709      0.0            10005     YES            
94     262    356    -1970.713752            0.027101       0.0            10032     YES            
96     122    218    -1623.084518            -0.101826      0.0            10047     YES            
96     124    220    -1643.845179            0.003202       0.0            10071     YES            
96     126    222    -1664.037447            -0.0           0.0            10091     YES            
96     134    230    -1728.601289            0.24034        0.0            10115     YES            
96     136    232    -1745.038613            0.249925       0.0            10136     YES            
96     138    234    -1760.875635            0.257514       0.0            10157     YES            
96     140    236    -1776.086682            0.264998       0.0            10178     YES            
96     142    238    -1790.639631            0.272372       0.0            10200     YES            
96     144    240    -1804.499272            0.278292       0.0            10221     YES            
96     146    242    -1817.668015            0.281845       0.0            10241     YES            
96     148    244    -1830.110995            0.282925       0.0            10262     YES            
96     150    246    -1841.806764            0.281819       0.0            10283     YES            
96     152    248    -1852.814382            0.279462       0.0            10304     YES            
96     154    250    -1863.285399            0.275974       0.0            10325     YES            
96     156    252    -1873.331204            0.270873       0.0            10346     YES            
96     158    254    -1882.961252            0.263708       0.0            10367     YES            
96     160    256    -1892.139023            0.254089       0.0            10388     YES            
96     162    258    -1900.799943            0.241156       0.0            10409     YES            
96     164    260    -1908.970852            0.223653       0.0            10430     YES            
96     166    262    -1916.864109            0.202882       0.0            10450     YES            
96     168    264    -1924.70223             0.182727       0.0            10471     YES            
96     170    266    -1932.480319            0.16275        0.0            10492     YES            
96     172    268    -1940.458534            -0.144104      0.0            10509     YES            
96     174    270    -1948.418657            -0.125761      0.0            10530     YES            
96     176    272    -1956.191941            -0.105084      0.0            10551     YES            
96     178    274    -1963.59252             -0.076975      0.0            10573     YES            
96     180    276    -1970.679862            -0.002187      0.0            10594     YES            
96     182    278    -1978.348544            -0.000224      0.0            10615     YES            
96     184    280    -1984.711295            0.0            0.0            10637     YES            
96     186    282    -1988.154271            0.0            0.0            10658     YES            
96     198    294    -2007.777897            0.20935        0.0            10680     YES            
96     200    296    -2011.574211            0.221286       0.0            10701     YES            
96     202    298    -2015.068936            0.230235       0.0            10722     YES            
96     204    300    -2018.165887            0.237081       0.0            10743     YES            
96     206    302    -2020.791264            0.242352       0.0            10764     YES            
96     208    304    -2022.966594            0.246457       0.0            10785     YES            
96     210    306    -2024.789936            0.249679       0.0            10806     YES            
96     212    308    -2026.352865            0.252254       0.0            10827     YES            
96     214    310    -2027.658569            0.254282       0.0            10848     YES            
96     216    312    -2028.643704            0.255608       0.0            10869     YES            
96     218    314    -2029.219199            0.255852       0.0            10890     YES            
96     220    316    -2029.437257            0.254343       0.0            10911     YES            
96     222    318    -2029.428077            0.250449       0.0            10932     YES            
96     224    320    -2029.268558            0.244257       0.0            10953     YES            
96     226    322    -2028.976832            0.236293       0.0            10974     YES            
96     228    324    -2028.530881            0.227813       0.0            10997     YES            
96     234    330    -2026.337665            0.186812       0.0            11018     YES            
96     236    332    -2025.416129            0.1747         0.0            11039     YES            
96     238    334    -2024.423189            0.162737       0.0            11060     YES            
96     242    338    -2022.713321            -0.129023      0.0            11074     YES            
96     244    340    -2022.127495            -0.117148      0.0            11095     YES            
96     246    342    -2021.458091            -0.102852      0.0            11117     YES            
96     248    344    -2020.744485            -0.087017      0.0            11138     YES            
96     250    346    -2020.001553            -0.06769       0.0            11159     YES            
96     252    348    -2019.233332            -0.037474      0.0            11180     YES            
96     254    350    -2018.963199            -0.000578      0.0            11202     YES            
96     256    352    -2018.752865            -0.000235      0.0            11223     YES            
96     258    354    -2017.401587            -0.000252      0.0            11244     YES            
96     260    356    -2013.938409            -0.001483      0.0            11265     YES            
96     262    358    -2009.609619            0.023136       0.0            11292     YES            
98     124    222    -1641.332217            0.004755       0.0            11310     YES            
98     126    224    -1662.352303            -0.0           0.0            11330     YES            
98     132    230    -1713.152493            0.280572       0.0            11355     YES            
98     134    232    -1730.835135            0.267417       0.0            11375     YES            
98     136    234    -1748.091188            0.265645       0.0            11396     YES            
98     138    236    -1764.819291            0.268185       0.0            11417     YES            
98     140    238    -1780.979717            0.273147       0.0            11439     YES            
98     142    240    -1796.513065            0.278351       0.0            11460     YES            
98     144    242    -1811.359067            0.283198       0.0            11481     YES            
98     146    244    -1825.506763            0.286346       0.0            11501     YES            
98     148    246    -1838.922495            0.287652       0.0            11523     YES            
98     150    248    -1851.567693            0.286565       0.0            11543     YES            
98     152    250    -1863.471814            0.284743       0.0            11564     YES            
98     154    252    -1874.759021            0.281938       0.0            11585     YES            
98     156    254    -1885.547216            0.277555       0.0            11606     YES            
98     158    256    -1895.879352            0.271234       0.0            11627     YES            
98     160    258    -1905.73622             0.262731       0.0            11648     YES            
98     162    260    -1915.043524            0.251533       0.0            11669     YES            
98     164    262    -1923.783401            0.234394       0.0            11690     YES            
98     166    264    -1932.177184            0.212982       0.0            11711     YES            
98     168    266    -1940.482094            0.191998       0.0            11731     YES            
98     170    268    -1948.719701            0.172138       0.0            11753     YES            
98     172    270    -1957.428969            -0.150638      0.0            11769     YES            
98     174    272    -1965.87573             -0.133032      0.0            11790     YES            
98     176    274    -1974.119608            -0.113294      0.0            11811     YES            
98     178    276    -1981.915391            -0.088507      0.0            11832     YES            
98     180    278    -1989.409791            -0.048678      0.0            11854     YES            
98     182    280    -1997.289213            0.0            0.0            11876     YES            
98     184    282    -2004.156127            0.0            0.0            11897     YES            
98     198    296    -2032.165861            0.216249       0.0            11919     YES            
98     200    298    -2036.571693            0.226531       0.0            11940     YES            
98     202    300    -2040.689158            0.233993       0.0            11961     YES            
98     204    302    -2044.429976            0.239751       0.0            11982     YES            
98     206    304    -2047.718972            0.24437        0.0            12003     YES            
98     208    306    -2050.559606            0.24816        0.0            12024     YES            
98     210    308    -2053.028296            0.251317       0.0            12045     YES            
98     212    310    -2055.239387            0.253926       0.0            12066     YES            
98     214    312    -2057.195147            0.255835       0.0            12087     YES            
98     216    314    -2058.780408            0.256718       0.0            12108     YES            
98     218    316    -2059.92703             0.256187       0.0            12129     YES            
98     220    318    -2060.692068            0.253959       0.0            12150     YES            
98     222    320    -2061.223116            0.250111       0.0            12171     YES            
98     224    322    -2061.563044            0.244814       0.0            12192     YES            
98     226    324    -2061.74935             0.238416       0.0            12213     YES            
98     228    326    -2061.749657            0.230361       0.0            12234     YES            
98     232    330    -2061.157497            0.208236       0.0            12257     YES            
98     236    334    -2059.930967            0.183604       0.0            12278     YES            
98     240    338    -2058.475271            -0.145801      0.0            12292     YES            
98     242    340    -2058.335753            -0.136313      0.0            12313     YES            
98     244    342    -2058.049797            -0.12547       0.0            12334     YES            
98     246    344    -2057.615502            -0.111951      0.0            12356     YES            
98     248    346    -2057.105468            -0.09646       0.0            12377     YES            
98     250    348    -2056.54131             -0.078168      0.0            12398     YES            
98     252    350    -2055.95481             -0.053696      0.0            12419     YES            
98     254    352    -2055.657067            -0.000247      0.0            12441     YES            
98     256    354    -2055.755591            3.2e-05        0.0            12462     YES            
98     258    356    -2054.736244            7.9e-05        0.0            12483     YES            
98     260    358    -2051.592988            -0.000516      0.0            12504     YES            
98     262    360    -2047.415296            -0.002559      0.0            12525     YES            
100    130    230    -1694.578194            0.328027       0.0            12552     YES            
100    132    232    -1713.192926            0.319013       0.0            12573     YES            
100    134    234    -1731.378997            0.300793       0.0            12594     YES            
100    136    236    -1749.29094             0.284965       0.0            12615     YES            
100    138    238    -1766.818552            0.280007       0.0            12636     YES            
100    140    240    -1783.848352            0.280625       0.0            12657     YES            
100    142    242    -1800.290906            0.283433       0.0            12678     YES            
100    144    244    -1816.08383             0.286816       0.0            12699     YES            
100    146    246    -1831.20885             0.289448       0.0            12720     YES            
100    148    248    -1845.624273            0.290026       0.0            12740     YES            
100    150    250    -1859.281017            0.289228       0.0            12761     YES            
100    152    252    -1872.149553            0.287605       0.0            12782     YES            
100    154    254    -1884.308058            0.285          0.0            12803     YES            
100    156    256    -1895.90124             0.280541       0.0            12824     YES            
100    158    258    -1907.015993            0.27389        0.0            12845     YES            
100    160    260    -1917.663778            0.26531        0.0            12866     YES            
100    162    262    -1927.734012            0.255474       0.0            12887     YES            
100    164    264    -1937.140559            0.242106       0.0            12908     YES            
100    166    266    -1946.074579            0.22249        0.0            12929     YES            
100    170    270    -1963.567241            0.181178       0.0            12950     YES            
100    172    272    -1972.847892            -0.156626      0.0            12966     YES            
100    174    274    -1981.812414            -0.13927       0.0            12987     YES            
100    176    276    -1990.551026            -0.119875      0.0            13008     YES            
100    178    278    -1998.812728            -0.095923      0.0            13029     YES            
100    180    280    -2006.706413            -0.059476      0.0            13051     YES            
100    182    282    -2014.857456            0.0            0.0            13073     YES            
100    198    298    -2055.028637            0.222508       0.0            13095     YES            
100    200    300    -2059.98954             0.230514       0.0            13116     YES            
100    202    302    -2064.672893            0.236139       0.0            13137     YES            
100    204    304    -2069.015623            0.240607       0.0            13158     YES            
100    206    306    -2072.946431            0.244338       0.0            13179     YES            
100    208    308    -2076.447397            0.247627       0.0            13200     YES            
100    210    310    -2079.591209            0.25058        0.0            13221     YES            
100    212    312    -2082.446122            0.253123       0.0            13242     YES            
100    214    314    -2085.042547            0.254885       0.0            13263     YES            
100    216    316    -2087.276279            0.255352       0.0            13284     YES            
100    218    318    -2089.078536            0.254214       0.0            13305     YES            
100    220    320    -2090.473668            0.251576       0.0            13326     YES            
100    222    322    -2091.582358            0.247862       0.0            13347     YES            
100    224    324    -2092.473222            0.243343       0.0            13368     YES            
100    226    326    -2093.167815            0.238216       0.0            13389     YES            
100    228    328    -2093.640351            0.232264       0.0            13410     YES            
100    238    338    -2092.688505            0.179078       0.0            13433     YES            
100    240    340    -2092.253141            -0.150869      0.0            13447     YES            
100    242    342    -2092.486213            -0.141695      0.0            13468     YES            
100    244    344    -2092.571752            -0.131243      0.0            13489     YES            
100    246    346    -2092.432796            -0.118401      0.0            13510     YES            
100    248    348    -2092.174723            -0.102594      0.0            13532     YES            
100    250    350    -2091.857347            -0.084626      0.0            13553     YES            
100    252    352    -2091.4837              -0.061742      0.0            13574     YES            
100    254    354    -2091.195254            -5.1e-05       0.0            13596     YES            
100    256    356    -2091.606851            0.000194       0.0            13617     YES            
100    258    358    -2090.900534            0.000302       0.0            13638     YES            
100    260    360    -2088.104277            0.000156       0.0            13659     YES            
