  2     2   -0.000000   0.000000  
  2     4   -0.000000   0.000000  
  2     6   -0.000000   -0.000000  
  4     2   0.000000   -0.000000  
  4     4   -0.000000   0.000000  
  4     6   -0.000000   -0.000000  
  4     8   -0.000000   -0.000000  
  6     4   -0.000000   0.000000  
  6     6   -0.000000   0.000000  
  6     8   -0.000000   -0.000000  
  6    10   -0.000000   -0.000000  
  6    12   0.762549   -0.000000  
  6    14   0.670668   -0.000000  
  6    16   0.000000   -0.000000  
  8     4   -0.000000   -0.000000  
  8     6   -0.000000   -0.000000  
  8     8   1.220050   0.670391  
  8    10   0.727502   0.722044  
  8    12   -0.000000   -0.000000  
  8    14   -0.000000   -0.000000  
  8    16   0.000000   -0.000000  
  8    18   -0.000000   -0.000000  
 10     8   0.722939   0.714771  
 10    10   0.736447   -0.000000  
 10    12   -0.000000   0.000000  
 10    14   1.007613   0.827821  
 10    16   -0.000000   0.000000  
 10    18   -0.000000   0.000000  
 10    20   -0.000000   -0.000000  
 12     8   -0.000000   0.000000  
 12    10   0.000000   0.000000  
 12    12   1.348228   0.000000  
 12    14   0.000000   0.000000  
 12    16   0.000000   0.000000  
 12    18   -0.000000   0.000000  
 12    20   -0.000000   0.000000  
 12    22   -0.000000   0.000000  
 12    24   0.357731   0.000000  
 12    26   0.326716   0.000000  
 12    28   0.297626   0.000000  
 14     8   0.000000   0.000000  
 14    10   0.000000   0.000000  
 14    12   -0.000000   0.000000  
 14    14   0.000000   -0.000000  
 14    16   -0.000000   0.000000  
 14    18   0.000000   0.000000  
 14    20   -0.000000   0.000000  
 14    22   -0.000000   0.000000  
 14    24   -0.000000   0.000000  
 14    26   0.000000   0.000000  
 14    28   0.000000   0.000000  
 14    30   0.000000   0.000000  
 14    32   0.000000   0.000000  
 16    10   0.000000   0.000000  
 16    12   0.000000   0.000000  
 16    14   -0.000000   0.000000  
 16    16   -0.000000   0.000000  
 16    18   -0.000000   0.000000  
 16    20   -0.000000   0.000000  
 16    22   -0.000000   0.000000  
 16    24   -0.000000   0.000000  
 16    26   0.000000   0.000000  
 16    28   0.000000   0.000000  
 16    30   0.000000   0.000000  
 16    32   0.000000   0.000000  
 16    34   0.000000   0.000000  
 18    14   -0.000000   0.000000  
 18    16   -0.000000   0.000000  
 18    18   -0.000000   0.000000  
 18    20   0.000000   -0.000000  
 18    22   -0.000000   0.000000  
 18    24   -0.000000   0.000000  
 18    26   0.000000   0.000000  
 18    28   0.000000   0.000000  
 18    30   0.000000   0.000000  
 18    32   0.000000   0.000000  
 18    34   0.000000   0.000000  
 18    36   0.000000   0.000000  
 18    38   0.000000   0.000000  
 18    40   0.000000   0.000000  
 20    14   -0.000000   0.000000  
 20    16   -0.000000   0.000000  
 20    18   -0.000000   0.000000  
 20    20   -0.000000   0.000000  
 20    22   -0.000000   0.000000  
 20    24   -0.000000   0.000000  
 20    26   -0.000000   0.000000  
 20    28   0.000000   -0.000000  
 20    30   0.000000   0.000000  
 20    32   0.000000   0.000000  
 20    34   0.000000   0.000000  
 20    36   0.000000   0.000000  
 20    38   0.000000   0.000000  
 20    40   0.000000   0.000000  
 20    42   0.000000   0.000000  
 20    44   0.000000   0.000000  
 20    46   0.000000   0.000000  
 20    48   0.000000   0.000000  
 22    18   -0.000000   0.000000  
 22    20   -0.000000   0.000000  
 22    22   -0.000000   0.000000  
 22    24   0.000000   -0.000000  
 22    26   -0.000000   0.000000  
 22    28   0.000000   -0.000000  
 22    30   0.000000   0.000000  
 22    32   0.000000   -0.000000  
 22    34   -0.000000   -0.000000  
 22    36   -0.000000   -0.000000  
 22    38   0.174573   0.000000  
 22    40   0.000000   0.000000  
 22    42   0.000000   0.000000  
 22    44   -0.000000   -0.000000  
 22    46   0.000000   0.000000  
 22    48   0.000000   0.000000  
 22    50   0.000000   -0.000000  
 24    20   -0.000000   0.000000  
 24    22   0.000000   -0.000000  
 24    24   1.049684   0.130047  
 24    26   0.616668   -0.000000  
 24    28   -0.000000   0.000000  
 24    30   0.212910   -0.000000  
 24    32   0.000000   0.000000  
 24    34   0.000000   -0.000000  
 24    36   0.000000   0.000000  
 24    38   0.000000   0.000000  
 24    40   0.000000   0.000000  
 24    42   0.000000   0.000000  
 24    44   0.000000   0.000000  
 24    46   0.000000   0.000000  
 24    48   0.000000   0.000000  
 24    50   0.000000   0.000000  
 24    52   0.000000   0.000000  
 24    54   0.000000   -0.000000  
 26    20   0.000000   0.000000  
 26    22   -0.000000   0.000000  
 26    24   0.237672   0.000000  
 26    26   0.000000   0.000000  
 26    28   -0.390285   -0.000000  
 26    30   0.000000   0.000000  
 26    32   0.000000   0.000000  
 26    34   0.000000   0.000000  
 26    36   0.000000   -0.000000  
 26    38   0.000000   0.000000  
 26    40   0.000000   0.000000  
 26    42   -0.281460   -0.000000  
 26    44   0.000000   0.000000  
 26    46   0.000000   0.000000  
 26    48   0.000000   0.000000  
 26    50   0.000000   0.000000  
 26    52   0.000000   0.000000  
 26    54   0.000000   0.000000  
 26    56   0.000000   0.000000  
 26    58   0.000000   -0.000000  
 28    22   0.000000   -0.000000  
 28    24   0.000000   0.000000  
 28    26   0.000000   0.000000  
 28    28   0.202209   0.000000  
 28    30   0.000000   0.000000  
 28    32   0.000000   0.000000  
 28    34   0.000000   0.000000  
 28    36   0.000000   -0.000000  
 28    38   -0.000000   -0.000000  
 28    40   0.000000   -0.000000  
 28    42   0.000000   0.000000  
 28    44   0.000000   0.000000  
 28    46   0.000000   0.000000  
 28    48   0.000000   0.000000  
 28    50   0.000000   0.000000  
 28    52   0.000000   0.000000  
 28    54   0.000000   0.000000  
 28    56   0.000000   0.000000  
 28    58   0.000000   0.000000  
 28    60   0.000000   -0.000000  
 30    26   0.199978   0.000000  
 30    28   0.000000   0.000000  
 30    30   0.000000   0.000000  
 30    32   -0.172439   -0.000000  
 30    34   -0.163975   -0.000000  
 30    36   -0.156024   -0.000000  
 30    38   -0.286263   -0.000000  
 30    40   0.000000   -0.000000  
 30    42   0.000000   0.000000  
 30    44   0.000000   0.000000  
 30    46   0.000000   0.000000  
 30    48   0.000000   0.000000  
 30    50   0.000000   0.000000  
 30    52   0.000000   0.000000  
 30    54   0.104434   0.000000  
 30    56   0.099693   0.000000  
 30    58   -0.187970   -0.000000  
 30    60   -0.180227   0.000000  
 30    62   -0.172874   0.000000  
 30    64   -0.165948   0.000000  
 30    66   -0.159450   -0.000000  
 30    68   -0.077114   -0.000000  
 32    28   0.000000   -0.000000  
 32    30   -0.171496   -0.000000  
 32    32   -0.163564   -0.000000  
 32    34   -0.155925   -0.000000  
 32    36   -0.148734   -0.000000  
 32    38   -0.142021   -0.000000  
 32    40   0.000000   -0.000000  
 32    42   -0.000000   -0.000000  
 32    44   0.000000   0.000000  
 32    46   0.119792   0.000000  
 32    48   0.000000   0.000000  
 32    50   0.000000   0.000000  
 32    52   0.105850   0.000000  
 32    54   0.200011   0.000000  
 32    56   0.191901   0.000000  
 32    58   0.184064   0.000000  
 32    60   -0.176197   0.000000  
 32    62   -0.169300   0.000000  
 32    64   -0.162788   -0.000000  
 32    66   -0.231874   -0.000000  
 32    68   -0.150920   0.000000  
 32    70   -0.145508   0.000000  
 32    72   0.140379   -0.000000  
 32    74   0.135591   -0.000000  
 32    76   0.131044   -0.000000  
 34    30   -0.162185   -0.000000  
 34    32   -0.155090   -0.000000  
 34    34   -0.148233   -0.000000  
 34    36   -0.141742   -0.000000  
 34    38   -0.135661   -0.000000  
 34    40   0.130053   0.000000  
 34    42   -0.000000   -0.000000  
 34    44   0.000000   -0.000000  
 34    46   0.115289   -0.000000  
 34    48   0.000000   -0.000000  
 34    50   0.000000   0.000000  
 34    52   -0.102315   -0.000000  
 34    54   0.194060   -0.000000  
 34    56   0.186482   -0.000000  
 34    58   -0.178698   -0.000000  
 34    60   -0.252930   -0.000000  
 34    62   -0.244091   -0.000000  
 34    64   -0.235564   -0.000000  
 34    66   -0.227425   -0.000000  
 34    68   -0.219654   0.000000  
 34    70   -0.212217   -0.000000  
 34    72   -0.138166   -0.000000  
 34    74   0.067176   -0.000000  
 34    76   0.065065   -0.000000  
 34    78   0.063033   -0.000000  
 34    80   0.000000   -0.000000  
 36    32   -0.147133   -0.000000  
 36    34   -0.140996   0.000000  
 36    36   -0.135149   -0.000000  
 36    38   -0.129639   0.000000  
 36    40   0.000000   -0.000000  
 36    42   0.119681   0.000000  
 36    44   0.000000   -0.000000  
 36    46   0.000000   -0.000000  
 36    48   0.000000   0.000000  
 36    50   0.000000   0.000000  
 36    52   0.000000   0.000000  
 36    54   -0.095089   -0.000000  
 36    56   -0.180532   -0.000000  
 36    58   -0.173858   -0.000000  
 36    60   -0.246841   -0.000000  
 36    62   -0.238426   -0.000000  
 36    64   -0.230341   -0.000000  
 36    66   -0.222628   -0.000000  
 36    68   -0.215266   -0.000000  
 36    70   -0.208231   -0.000000  
 36    72   -0.135671   -0.000000  
 36    74   0.000000   0.000000  
 36    76   0.000000   0.000000  
 36    78   0.000000   0.000000  
 36    80   0.000000   -0.000000  
 36    82   0.000000   -0.000000  
 38    34   -0.134241   0.000000  
 38    36   -0.128973   -0.000000  
 38    38   0.000000   -0.000000  
 38    40   0.000000   -0.000000  
 38    42   0.000000   0.000000  
 38    44   0.000000   -0.000000  
 38    46   0.000000   -0.000000  
 38    48   0.000000   -0.000000  
 38    50   0.000000   0.000000  
 38    52   0.000000   0.000000  
 38    54   -0.092131   -0.000000  
 38    56   -0.175308   -0.000000  
 38    58   -0.169037   -0.000000  
 38    60   -0.163032   0.000000  
 38    62   -0.232605   -0.000000  
 38    64   -0.224952   -0.000000  
 38    66   -0.217648   -0.000000  
 38    68   -0.210670   -0.000000  
 38    70   -0.137357   0.000000  
 38    72   0.000000   0.000000  
 38    74   0.000000   0.000000  
 38    76   0.000000   -0.000000  
 38    78   0.000000   -0.000000  
 38    80   0.000000   -0.000000  
 38    82   0.000000   -0.000000  
 40    36   0.000000   0.000000  
 40    38   0.000000   -0.000000  
 40    40   0.000000   -0.000000  
 40    42   0.000000   -0.000000  
 40    44   0.000000   0.000000  
 40    46   0.000000   0.000000  
 40    48   0.000000   -0.000000  
 40    50   0.000000   0.000000  
 40    52   0.000000   0.000000  
 40    54   0.000000   0.000000  
 40    56   0.000000   -0.000000  
 40    58   -0.164336   -0.000000  
 40    60   -0.158699   0.000000  
 40    62   -0.226798   -0.000000  
 40    64   -0.219558   -0.000000  
 40    66   -0.212636   -0.000000  
 40    68   -0.206020   0.000000  
 40    70   0.000000   0.000000  
 40    72   0.000000   -0.000000  
 40    74   0.000000   0.000000  
 40    76   0.000000   -0.000000  
 40    78   0.000000   -0.000000  
 40    80   0.000000   -0.000000  
 40    82   0.000000   -0.000000  
 40    84   0.000000   -0.000000  
 42    38   0.000000   -0.000000  
 42    40   0.000000   0.000000  
 42    42   0.000000   0.000000  
 42    44   0.000000   0.000000  
 42    46   0.000000   0.000000  
 42    48   0.000000   0.000000  
 42    50   0.000000   -0.000000  
 42    52   0.000000   -0.000000  
 42    54   0.000000   0.000000  
 42    56   0.000000   0.000000  
 42    58   -0.159758   -0.000000  
 42    60   -0.154454   -0.000000  
 42    62   -0.221098   -0.000000  
 42    64   -0.214242   -0.000000  
 42    66   -0.207678   0.000000  
 42    68   -0.201395   0.000000  
 42    70   0.000000   -0.000000  
 42    72   0.000000   0.000000  
 42    74   0.000000   -0.000000  
 42    76   0.000000   -0.000000  
 42    78   0.000000   -0.000000  
 42    80   0.000000   -0.000000  
 42    82   0.000000   -0.000000  
 42    84   0.000000   -0.000000  
 42    86   0.000000   -0.000000  
 42    88   0.000000   -0.000000  
 44    42   0.000000   0.000000  
 44    44   0.000000   0.000000  
 44    46   0.000000   -0.000000  
 44    48   0.000000   -0.000000  
 44    50   0.000000   0.000000  
 44    52   0.000000   -0.000000  
 44    54   0.000000   0.000000  
 44    56   0.160881   0.000000  
 44    58   0.155574   -0.000000  
 44    60   0.150481   -0.000000  
 44    62   -0.145498   0.000000  
 44    64   -0.209009   0.000000  
 44    66   -0.202777   0.000000  
 44    68   -0.196807   0.000000  
 44    70   0.000000   0.000000  
 44    72   0.000000   -0.000000  
 44    74   0.000000   -0.000000  
 44    76   0.000000   -0.000000  
 44    78   0.000000   -0.000000  
 44    80   0.000000   -0.000000  
 44    82   0.000000   -0.000000  
 44    84   0.000000   -0.000000  
 44    86   0.000000   -0.000000  
 44    88   0.000000   -0.000000  
 44    90   0.000000   -0.000000  
 44    92   0.000000   -0.000000  
 46    42   0.000000   0.000000  
 46    44   0.000000   0.000000  
 46    46   0.000000   -0.000000  
 46    48   0.000000   -0.000000  
 46    50   0.000000   -0.000000  
 46    52   0.000000   0.000000  
 46    54   0.081430   0.000000  
 46    56   0.156241   0.000000  
 46    58   0.151247   -0.000000  
 46    60   0.146448   -0.000000  
 46    62   0.141874   -0.000000  
 46    64   0.137517   -0.000000  
 46    66   0.133379   -0.000000  
 46    68   -0.064994   0.000000  
 46    70   0.000000   0.000000  
 46    72   0.000000   -0.000000  
 46    74   0.000000   -0.000000  
 46    76   0.000000   -0.000000  
 46    78   0.000000   -0.000000  
 46    80   0.000000   -0.000000  
 46    82   0.000000   -0.000000  
 46    84   0.000000   -0.000000  
 46    86   0.000000   -0.000000  
 46    88   0.000000   -0.000000  
 46    90   0.000000   -0.000000  
 46    92   -0.000000   -0.000000  
 46    94   0.134303   -0.000000  
 46    96   0.130630   -0.000000  
 46    98   0.168906   -0.000000  
 46   100   0.164475   -0.000000  
 48    44   0.000000   -0.000000  
 48    46   0.000000   0.000000  
 48    48   0.000000   -0.000000  
 48    50   0.000000   -0.000000  
 48    52   0.000000   -0.000000  
 48    54   0.000000   -0.000000  
 48    56   0.076441   0.000000  
 48    58   0.146983   0.000000  
 48    60   0.142459   -0.000000  
 48    62   0.138138   -0.000000  
 48    64   0.067352   -0.000000  
 48    66   0.065356   -0.000000  
 48    68   0.000000   0.000000  
 48    70   0.000000   0.000000  
 48    72   0.000000   -0.000000  
 48    74   0.000000   -0.000000  
 48    76   0.000000   -0.000000  
 48    78   0.000000   -0.000000  
 48    80   0.000000   -0.000000  
 48    82   0.000000   -0.000000  
 48    84   0.000000   -0.000000  
 48    86   0.000000   -0.000000  
 48    88   0.000000   -0.000000  
 48    90   -0.000000   -0.000000  
 48    92   -0.000000   -0.000000  
 48    94   0.088586   -0.000000  
 48    96   0.128928   -0.000000  
 48    98   0.125550   -0.000000  
 48   100   0.202287   -0.000000  
 48   102   0.235433   -0.000000  
 48   104   0.229688   -0.000000  
 48   106   0.187713   -0.000000  
 48   108   0.183170   -0.000000  
 48   110   -0.072115   -0.000000  
 50    46   0.000000   0.000000  
 50    48   0.000000   0.000000  
 50    50   0.000000   -0.000000  
 50    52   0.000000   -0.000000  
 50    54   0.000000   -0.000000  
 50    56   0.000000   -0.000000  
 50    58   0.000000   0.000000  
 50    60   0.000000   0.000000  
 50    62   0.000000   0.000000  
 50    64   0.000000   0.000000  
 50    66   0.000000   0.000000  
 50    68   0.000000   0.000000  
 50    70   0.000000   0.000000  
 50    72   0.000000   -0.000000  
 50    74   0.000000   -0.000000  
 50    76   0.000000   -0.000000  
 50    78   0.000000   -0.000000  
 50    80   0.000000   -0.000000  
 50    82   0.000000   -0.000000  
 50    84   0.000000   -0.000000  
 50    86   0.000000   -0.000000  
 50    88   0.000000   -0.000000  
 50    90   0.000000   -0.000000  
 50    92   -0.000000   -0.000000  
 50    94   -0.000000   -0.000000  
 50    96   0.084936   -0.000000  
 50    98   0.243898   -0.000000  
 50   100   0.275760   -0.000000  
 50   102   0.269343   -0.000000  
 50   104   0.263043   -0.000000  
 50   106   0.221589   -0.000000  
 50   108   0.216382   -0.000000  
 50   110   -0.106878   -0.000000  
 50   112   0.000000   -0.000000  
 50   114   0.000000   -0.000000  
 50   116   0.000000   -0.000000  
 50   118   0.000000   -0.000000  
 50   120   0.000000   -0.000000  
 50   122   0.000000   -0.000000  
 50   124   0.000000   -0.000000  
 52    54   0.074031   -0.000000  
 52    56   0.142655   -0.000000  
 52    58   0.138493   -0.000000  
 52    60   0.199911   -0.000000  
 52    62   0.194339   -0.000000  
 52    64   -0.126837   -0.000000  
 52    66   -0.123341   0.000000  
 52    68   -0.120003   0.000000  
 52    70   0.000000   0.000000  
 52    72   0.000000   -0.000000  
 52    74   0.000000   -0.000000  
 52    76   0.000000   -0.000000  
 52    78   0.000000   -0.000000  
 52    80   0.000000   -0.000000  
 52    82   0.000000   -0.000000  
 52    84   0.000000   -0.000000  
 52    86   0.000000   -0.000000  
 52    88   0.000000   0.000000  
 52    90   0.134931   -0.000000  
 52    92   0.131507   -0.000000  
 52    94   0.170137   -0.000000  
 52    96   0.206352   -0.000000  
 52    98   0.240256   -0.000000  
 52   100   0.271866   -0.000000  
 52   102   0.265693   0.000000  
 52   104   0.259632   -0.000000  
 52   106   0.253702   -0.000000  
 52   108   0.247913   -0.000000  
 52   110   0.208927   -0.000000  
 52   112   -0.137253   -0.000000  
 52   114   -0.100994   -0.000000  
 52   116   -0.033027   -0.000000  
 52   118   0.000000   -0.000000  
 52   120   0.000000   -0.000000  
 52   122   0.000000   -0.000000  
 52   124   0.000000   -0.000000  
 52   126   0.000000   -0.000000  
 54    56   0.205251   -0.000000  
 54    58   0.199663   -0.000000  
 54    60   0.256118   -0.000000  
 54    62   0.249404   -0.000000  
 54    64   0.242887   0.000000  
 54    66   0.292392   -0.000000  
 54    68   0.230510   0.000000  
 54    70   0.224627   0.000000  
 54    72   0.165512   -0.000000  
 54    74   0.108171   -0.000000  
 54    76   0.000000   0.000000  
 54    78   0.000000   -0.000000  
 54    80   0.000000   -0.000000  
 54    82   0.000000   -0.000000  
 54    84   0.000000   -0.000000  
 54    86   0.093233   -0.000000  
 54    88   0.135712   -0.000000  
 54    90   0.175505   -0.000000  
 54    92   0.212727   -0.000000  
 54    94   0.207780   -0.000000  
 54    96   0.241962   -0.000000  
 54    98   0.273887   -0.000000  
 54   100   0.267830   -0.000000  
 54   102   0.261877   -0.000000  
 54   104   0.256033   -0.000000  
 54   106   0.250318   -0.000000  
 54   108   0.244723   -0.000000  
 54   110   0.239286   -0.000000  
 54   112   0.201730   -0.000000  
 54   114   0.165181   -0.000000  
 54   116   -0.129785   -0.000000  
 54   118   -0.095584   -0.000000  
 54   120   0.000000   -0.000000  
 54   122   0.000000   -0.000000  
 54   124   0.000000   -0.000000  
 54   126   0.000000   -0.000000  
 56    58   0.315123   -0.000000  
 56    60   0.307483   -0.000000  
 56    62   0.354958   -0.000000  
 56    64   0.292416   0.000000  
 56    66   0.285137   0.000000  
 56    68   0.278070   0.000000  
 56    70   0.271206   -0.000000  
 56    72   0.213692   -0.000000  
 56    74   0.157469   0.000000  
 56    76   0.102964   0.000000  
 56    78   0.050426   0.000000  
 56    80   -0.000000   -0.000000  
 56    82   0.000000   -0.000000  
 56    84   0.000000   -0.000000  
 56    86   0.136250   0.000000  
 56    88   0.176199   0.038874  
 56    90   0.213387   0.074508  
 56    92   0.208880   -0.000000  
 56    94   0.243318   -0.000000  
 56    96   0.275532   -0.000000  
 56    98   0.269569   0.000000  
 56   100   0.299049   -0.000000  
 56   102   0.292644   0.000000  
 56   104   0.286327   -0.000000  
 56   106   0.280114   -0.000000  
 56   108   0.241388   -0.000000  
 56   110   0.236138   -0.000000  
 56   112   0.199129   -0.000000  
 56   114   0.194839   -0.000000  
 56   116   0.159609   -0.000000  
 56   118   0.125451   -0.000000  
 56   120   0.061733   -0.000000  
 56   122   0.000000   -0.000000  
 56   124   0.000000   -0.000000  
 56   126   0.000000   -0.000000  
 58    60   0.354320   -0.000000  
 58    62   0.346086   -0.000000  
 58    64   0.337860   -0.000000  
 58    66   0.329752   0.000000  
 58    68   0.321860   0.000000  
 58    70   0.264736   -0.000000  
 58    72   0.258382   -0.000000  
 58    74   0.203519   -0.000000  
 58    76   0.150025   -0.000000  
 58    78   0.098165   -0.000000  
 58    80   0.000000   -0.000000  
 58    82   0.000000   -0.000000  
 58    84   0.000000   0.000000  
 58    86   0.133385   0.000000  
 58    88   0.172677   0.038021  
 58    90   0.209345   0.072995  
 58    92   0.244353   -0.000000  
 58    94   0.276832   -0.000000  
 58    96   0.307134   -0.000000  
 58    98   0.300748   0.000000  
 58   100   0.328431   -0.000000  
 58   102   0.321673   -0.000000  
 58   104   0.314984   -0.000000  
 58   106   0.276111   -0.000000  
 58   108   0.270213   -0.000000  
 58   110   0.232867   -0.000000  
 58   112   0.227937   -0.000000  
 58   114   0.192270   0.000000  
 58   116   0.157538   0.000000  
 58   118   0.123841   -0.000000  
 58   120   -0.091280   0.000000  
 58   122   0.000000   -0.000000  
 58   124   0.000000   -0.000000  
 58   126   0.000000   -0.000000  
 60    62   0.387941   -0.000000  
 60    64   0.379232   -0.000000  
 60    66   0.370574   0.000000  
 60    68   0.362105   0.000000  
 60    70   0.353891   0.000000  
 60    72   0.299824   0.000000  
 60    74   0.198686   -0.000000  
 60    76   0.146472   -0.000000  
 60    78   0.095862   -0.000000  
 60    80   0.000000   -0.000000  
 60    82   0.000000   -0.000000  
 60    84   0.000000   0.000000  
 60    86   0.130576   0.000000  
 60    88   0.169188   0.037165  
 60    90   0.245080   -0.000000  
 60    92   0.314688   -0.000000  
 60    94   0.308319   -0.000000  
 60    96   0.336739   0.000000  
 60    98   0.330007   0.000000  
 60   100   0.323372   -0.000000  
 60   102   0.316815   -0.000000  
 60   104   0.310320   -0.000000  
 60   106   0.303901   -0.000000  
 60   108   0.266289   -0.000000  
 60   110   0.260733   -0.000000  
 60   112   0.224748   -0.000000  
 60   114   0.220124   0.000000  
 60   116   0.185731   0.000000  
 60   118   -0.122208   0.000000  
 60   120   -0.090086   0.000000  
 60   122   0.000000   -0.000000  
 60   124   0.000000   -0.000000  
 60   126   0.000000   -0.000000  
 62    66   0.361673   -0.000000  
 62    68   0.353574   -0.000000  
 62    70   0.345726   -0.000000  
 62    72   0.338116   -0.000000  
 62    74   0.240678   -0.000000  
 62    76   -0.142894   0.000000  
 62    78   0.093634   -0.000000  
 62    80   0.000000   -0.000000  
 62    82   0.000000   -0.000000  
 62    84   0.000000   0.000000  
 62    86   0.127837   -0.000000  
 62    88   0.206090   -0.000000  
 62    90   0.240422   -0.000000  
 62    92   0.309105   -0.000000  
 62    94   0.302946   -0.000000  
 62    96   0.331135   0.000000  
 62    98   0.324622   -0.000000  
 62   100   0.318196   0.000000  
 62   102   0.343609   -0.000000  
 62   104   0.336868   -0.000000  
 62   106   0.330172   -0.000000  
 62   108   0.293205   -0.000000  
 62   110   0.256937   -0.000000  
 62   112   0.251732   -0.000000  
 62   114   0.217055   0.000000  
 62   116   0.183184   0.000000  
 62   118   -0.150195   0.000000  
 62   120   -0.088886   0.000000  
 62   122   0.000000   -0.000000  
 62   124   0.000000   -0.000000  
 62   126   0.000000   -0.000000  
 64    68   0.345061   -0.000000  
 64    70   0.337594   -0.000000  
 64    72   0.330346   -0.000000  
 64    74   -0.188939   0.000000  
 64    76   -0.184847   0.000000  
 64    78   0.091478   -0.000000  
 64    80   0.000000   -0.000000  
 64    82   0.000000   -0.000000  
 64    84   0.000000   0.000000  
 64    86   0.125171   -0.000000  
 64    88   0.201987   -0.000000  
 64    90   0.273103   -0.000000  
 64    92   0.303466   -0.000000  
 64    94   0.331835   0.000000  
 64    96   0.325437   0.000000  
 64    98   0.319149   0.000000  
 64   100   0.312944   -0.000000  
 64   102   0.338124   -0.000000  
 64   104   0.331584   0.000000  
 64   106   0.325086   -0.000000  
 64   108   0.288769   -0.000000  
 64   110   0.283004   -0.000000  
 64   112   0.248094   -0.000000  
 64   114   0.243233   -0.000000  
 64   116   -0.180432   -0.000000  
 64   118   -0.148157   0.000000  
 64   120   -0.116661   0.000000  
 64   122   0.000000   -0.000000  
 64   124   0.000000   -0.000000  
 64   126   0.000000   -0.000000  
 64   128   0.000000   -0.000000  
 66    72   0.322674   -0.000000  
 66    74   -0.228558   0.000000  
 66    76   -0.180666   0.000000  
 66    78   -0.133525   0.000000  
 66    80   0.000000   -0.000000  
 66    82   0.000000   -0.000000  
 66    84   0.000000   0.000000  
 66    86   0.122575   -0.000000  
 66    88   0.197962   -0.000000  
 66    90   0.267885   -0.000000  
 66    92   0.297841   -0.000000  
 66    94   0.292104   0.000000  
 66    96   0.319728   -0.000000  
 66    98   0.313656   -0.000000  
 66   100   0.338998   -0.000000  
 66   102   0.332601   0.000000  
 66   104   0.326256   -0.000000  
 66   106   0.319961   -0.000000  
 66   108   0.284320   -0.000000  
 66   110   0.278747   -0.000000  
 66   112   0.273364   -0.000000  
 66   114   0.239742   0.000000  
 66   116   -0.177913   0.000000  
 66   118   -0.174605   -0.000000  
 66   120   -0.115086   0.000000  
 66   122   -0.056706   0.000000  
 66   124   0.000000   -0.000000  
 66   126   0.000000   -0.000000  
 66   128   0.000000   -0.000000  
 66   130   0.000000   -0.000000  
 66   132   0.025812   -0.000000  
 66   134   0.100701   0.059444  
 66   136   0.171774   -0.000000  
 66   138   0.215415   -0.000000  
 66   140   0.234344   -0.000000  
 66   142   0.252392   0.000000  
 66   144   0.269563   -0.000000  
 66   146   0.285839   0.000000  
 66   148   0.281139   -0.000000  
 68    74   -0.223372   0.000000  
 68    76   -0.176588   0.000000  
 68    78   -0.130544   0.000000  
 68    80   0.000000   -0.000000  
 68    82   0.000000   -0.000000  
 68    84   0.000000   -0.000000  
 68    86   0.120055   -0.000000  
 68    88   0.194021   -0.000000  
 68    90   0.226671   0.032437  
 68    92   0.257643   0.000000  
 68    94   0.286731   -0.000000  
 68    96   0.314039   -0.000000  
 68    98   0.308172   -0.000000  
 68   100   0.333299   -0.000000  
 68   102   0.327099   -0.000000  
 68   104   0.320939   -0.000000  
 68   106   0.314830   -0.000000  
 68   108   0.279865   -0.000000  
 68   110   0.274475   -0.000000  
 68   112   0.269266   -0.000000  
 68   114   0.264249   -0.000000  
 68   116   -0.175396   0.000000  
 68   118   -0.172191   -0.000000  
 68   120   -0.141444   0.000000  
 68   122   -0.083787   0.000000  
 68   124   0.000000   -0.000000  
 68   126   0.000000   -0.000000  
 68   128   0.000000   -0.000000  
 68   130   0.000000   -0.000000  
 68   132   0.025509   0.000000  
 68   134   0.124285   0.019561  
 68   136   0.169890   -0.000000  
 68   138   0.190155   -0.000000  
 68   140   0.231910   -0.000000  
 68   142   0.249846   0.000000  
 68   144   0.266933   0.000000  
 68   146   0.262614   -0.000000  
 68   148   0.278595   -0.000000  
 68   150   0.274062   0.000000  
 68   152   0.269571   -0.000000  
 68   154   0.284266   -0.000000  
 70    78   -0.127645   0.000000  
 70    80   0.000000   -0.000000  
 70    82   0.000000   -0.000000  
 70    84   0.000000   -0.000000  
 70    86   0.117605   -0.000000  
 70    88   0.190164   -0.000000  
 70    90   0.222353   -0.000000  
 70    92   0.252741   0.000000  
 70    94   0.281410   0.000000  
 70    96   0.308400   -0.000000  
 70    98   0.302734   -0.000000  
 70   100   0.327642   0.000000  
 70   102   0.321635   -0.000000  
 70   104   0.315656   -0.000000  
 70   106   0.280728   -0.000000  
 70   108   0.275385   -0.000000  
 70   110   0.270176   -0.000000  
 70   112   0.265139   -0.000000  
 70   114   0.232701   0.000000  
 70   116   -0.172864   0.000000  
 70   118   -0.169761   0.000000  
 70   120   -0.139485   0.000000  
 70   122   -0.082648   0.000000  
 70   124   0.000000   -0.000000  
 70   126   0.000000   -0.000000  
 70   128   0.000000   -0.000000  
 70   130   0.000000   -0.000000  
 70   132   0.000000   -0.000000  
 70   134   0.122867   -0.000000  
 70   136   0.144441   -0.000000  
 70   138   0.188071   0.000000  
 70   140   0.207302   -0.000000  
 70   142   0.247222   0.000000  
 70   144   0.243268   0.000000  
 70   146   0.260011   -0.000000  
 70   148   0.275917   -0.000000  
 70   150   0.271512   0.000000  
 70   152   0.267149   -0.000000  
 70   154   0.262842   -0.000000  
 70   156   0.258585   -0.000000  
 70   158   0.254379   -0.000000  
 72    80   0.000000   -0.000000  
 72    82   0.000000   -0.000000  
 72    84   0.000000   -0.000000  
 72    86   0.077046   -0.000000  
 72    88   0.149882   -0.000000  
 72    90   0.182746   -0.000000  
 72    92   0.213857   -0.000000  
 72    94   0.243286   0.000000  
 72    96   0.271113   -0.000000  
 72    98   0.297374   -0.000000  
 72   100   0.322040   -0.000000  
 72   102   0.316224   -0.000000  
 72   104   0.281319   -0.000000  
 72   106   0.276072   -0.000000  
 72   108   0.270912   -0.000000  
 72   110   0.265875   -0.000000  
 72   112   0.233421   -0.000000  
 72   114   0.229154   0.000000  
 72   116   -0.170324   0.000000  
 72   118   -0.167319   0.000000  
 72   120   -0.110361   0.000000  
 72   122   -0.081517   -0.000000  
 72   124   0.000000   -0.000000  
 72   126   0.000000   -0.000000  
 72   128   0.000000   -0.000000  
 72   130   0.000000   -0.000000  
 72   132   0.000000   -0.000000  
 72   134   0.097370   -0.000000  
 72   136   0.142784   -0.000000  
 72   138   0.185955   -0.000000  
 72   140   0.205017   -0.000000  
 72   142   0.223263   0.000000  
 72   144   0.240703   -0.000000  
 72   146   0.257337   -0.000000  
 72   148   0.253285   0.000000  
 72   150   0.268876   -0.000000  
 72   152   0.264629   -0.000000  
 72   154   0.260429   -0.000000  
 72   156   0.256289   -0.000000  
 72   158   0.252191   -0.000000  
 72   160   0.248133   -0.000000  
 74    82   0.000000   -0.000000  
 74    84   0.000000   -0.000000  
 74    86   0.075488   -0.000000  
 74    88   0.146910   0.000000  
 74    90   0.179183   -0.000000  
 74    92   0.209756   -0.000000  
 74    94   0.205814   0.000000  
 74    96   0.234334   0.000000  
 74    98   0.292091   -0.000000  
 74   100   0.286866   -0.000000  
 74   102   0.310877   -0.000000  
 74   104   0.276568   -0.000000  
 74   106   0.271490   -0.000000  
 74   108   0.238332   -0.000000  
 74   110   0.233979   -0.000000  
 74   112   0.229733   0.000000  
 74   114   0.198484   0.000000  
 74   116   -0.167784   -0.000000  
 74   118   -0.137965   0.000000  
 74   120   -0.108805   -0.000000  
 74   122   -0.080393   0.000000  
 74   124   0.000000   -0.000000  
 74   126   0.000000   -0.000000  
 74   128   0.000000   -0.000000  
 74   130   0.000000   -0.000000  
 74   132   0.000000   -0.000000  
 74   134   0.096201   -0.000000  
 74   136   0.141107   -0.000000  
 74   138   0.161382   0.000000  
 74   140   0.180823   -0.000000  
 74   142   0.220785   0.000000  
 74   144   0.238097   -0.000000  
 74   146   0.254626   -0.000000  
 74   148   0.250678   -0.000000  
 74   150   0.246762   -0.000000  
 74   152   0.262044   -0.000000  
 74   154   0.257950   -0.000000  
 74   156   0.253892   -0.000000  
 74   158   0.249901   -0.000000  
 74   160   0.227898   -0.000000  
 74   162   0.224271   -0.000000  
 74   164   0.203014   -0.000000  
 74   166   0.199779   -0.000000  
 76    86   0.037049   0.000000  
 76    88   0.108418   0.000000  
 76    90   0.141204   -0.000000  
 76    92   0.172358   -0.000000  
 76    94   0.201928   -0.000000  
 76    96   0.198198   0.000000  
 76    98   0.286903   -0.000000  
 76   100   0.281863   -0.000000  
 76   102   0.276862   -0.000000  
 76   104   0.271902   -0.000000  
 76   106   0.238709   -0.000000  
 76   108   0.234411   -0.000000  
 76   110   0.202516   -0.000000  
 76   112   -0.171092   0.000000  
 76   114   -0.168138   0.000000  
 76   116   -0.138308   0.000000  
 76   118   -0.135950   -0.000000  
 76   120   -0.107259   0.000000  
 76   122   -0.079278   0.000000  
 76   124   0.000000   -0.000000  
 76   126   0.000000   -0.000000  
 76   128   0.000000   -0.000000  
 76   130   0.000000   -0.000000  
 76   132   0.000000   -0.000000  
 76   134   0.000000   -0.000000  
 76   136   0.116488   0.000000  
 76   138   0.137088   -0.000000  
 76   140   0.156866   -0.000000  
 76   142   0.197178   -0.000000  
 76   144   0.235455   -0.000000  
 76   146   0.251880   -0.000000  
 76   148   0.248032   -0.000000  
 76   150   0.263457   0.000000  
 76   152   0.259408   -0.000000  
 76   154   0.255406   -0.000000  
 76   156   0.251458   -0.000000  
 76   158   0.229391   -0.000000  
 76   160   0.225808   -0.000000  
 76   162   0.204464   -0.000000  
 76   164   0.201259   -0.000000  
 76   166   0.180687   -0.000000  
 76   168   0.160552   0.000000  
 76   170   -0.140851   -0.000000  
 76   172   -0.121680   -0.000000  
 78    90   0.104204   0.000000  
 78    92   0.135810   -0.000000  
 78    94   0.133237   -0.000000  
 78    96   0.162824   0.000000  
 78    98   0.281800   -0.000000  
 78   100   0.276937   -0.000000  
 78   102   0.272109   -0.000000  
 78   104   0.267328   -0.000000  
 78   106   -0.177411   0.000000  
 78   108   -0.174332   0.000000  
 78   110   -0.171326   0.000000  
 78   112   -0.140945   0.000000  
 78   114   -0.138556   0.000000  
 78   116   -0.136225   0.000000  
 78   118   -0.107505   0.000000  
 78   120   -0.105720   0.000000  
 78   122   0.000000   -0.000000  
 78   124   0.000000   -0.000000  
 78   126   0.000000   -0.000000  
 78   128   0.000000   -0.000000  
 78   130   0.000000   -0.000000  
 78   132   0.000000   -0.000000  
 78   134   -0.000000   -0.000000  
 78   136   0.000000   -0.000000  
 78   138   0.090694   -0.000000  
 78   140   0.133210   -0.000000  
 78   142   0.173784   0.000000  
 78   144   0.232777   0.000000  
 78   146   0.249093   -0.000000  
 78   148   0.245345   -0.000000  
 78   150   0.260684   -0.000000  
 78   152   0.256738   -0.000000  
 78   154   0.252833   -0.000000  
 78   156   0.248979   -0.000000  
 78   158   0.227160   -0.000000  
 78   160   0.223662   -0.000000  
 78   162   0.202559   -0.000000  
 78   164   0.181887   -0.000000  
 78   166   -0.143921   -0.000000  
 78   168   -0.141796   -0.000000  
 78   170   -0.122528   -0.000000  
 78   172   -0.120738   -0.000000  
 78   174   -0.102168   -0.000000  
 78   176   -0.084023   -0.000000  
 78   178   0.000000   -0.000000  
 78   180   0.000000   -0.000000  
 78   182   0.000000   -0.000000  
 78   184   0.000000   -0.000000  
 80    94   0.000000   0.000000  
 80    96   0.064457   -0.000000  
 80    98   0.063257   -0.000000  
 80   100   0.092986   0.000000  
 80   102   -0.151177   0.000000  
 80   104   -0.148546   0.000000  
 80   106   -0.174410   0.000000  
 80   108   -0.143488   0.000000  
 80   110   -0.141056   0.000000  
 80   112   -0.138688   -0.000000  
 80   114   -0.109459   0.000000  
 80   116   -0.107655   0.000000  
 80   118   -0.079612   0.000000  
 80   120   0.000000   -0.000000  
 80   122   0.000000   -0.000000  
 80   124   0.000000   -0.000000  
 80   126   0.000000   -0.000000  
 80   128   0.000000   -0.000000  
 80   130   0.000000   -0.000000  
 80   132   0.000000   -0.000000  
 80   134   -0.000000   -0.000000  
 80   136   -0.000000   -0.000000  
 80   138   0.000000   -0.000000  
 80   140   0.000000   -0.000000  
 80   142   0.000000   -0.000000  
 80   144   0.230076   0.000000  
 80   146   0.246283   -0.000000  
 80   148   0.242628   -0.000000  
 80   150   0.257886   -0.000000  
 80   152   0.254037   -0.000000  
 80   154   0.250228   -0.000000  
 80   156   0.246462   -0.000000  
 80   158   0.242742   -0.000000  
 80   160   0.221476   -0.000000  
 80   162   0.200609   -0.000000  
 80   164   -0.144731   -0.000000  
 80   166   -0.142619   -0.000000  
 80   168   -0.140548   -0.000000  
 80   170   -0.121480   -0.000000  
 80   172   -0.102821   -0.000000  
 80   174   -0.067745   0.000000  
 80   176   0.000000   -0.000000  
 80   178   0.000000   -0.000000  
 80   180   0.000000   -0.000000  
 80   182   0.000000   -0.000000  
 80   184   0.000000   -0.000000  
 82    96   0.000000   0.000000  
 82    98   0.000000   0.000000  
 82   100   0.000000   0.000000  
 82   102   0.000000   0.000000  
 82   104   0.000000   0.000000  
 82   106   0.000000   -0.000000  
 82   108   0.000000   -0.000000  
 82   110   0.000000   -0.000000  
 82   112   0.000000   -0.000000  
 82   114   0.000000   -0.000000  
 82   116   0.000000   -0.000000  
 82   118   0.000000   -0.000000  
 82   120   0.000000   -0.000000  
 82   122   0.000000   -0.000000  
 82   124   0.000000   -0.000000  
 82   126   0.000000   -0.000000  
 82   128   0.000000   -0.000000  
 82   130   0.000000   -0.000000  
 82   132   -0.000000   -0.000000  
 82   134   -0.000000   -0.000000  
 82   136   -0.000000   -0.000000  
 82   138   0.000000   -0.000000  
 82   140   0.000000   -0.000000  
 82   142   0.000000   -0.000000  
 82   144   -0.000000   -0.000000  
 82   146   0.224027   -0.000000  
 82   148   0.239902   -0.000000  
 82   150   0.255070   -0.000000  
 82   152   0.251318   -0.000000  
 82   154   0.247598   -0.000000  
 82   156   0.243919   -0.000000  
 82   158   0.222593   -0.000000  
 82   160   0.219265   -0.000000  
 82   162   -0.163125   -0.000000  
 82   164   -0.160783   -0.000000  
 82   166   -0.141254   -0.000000  
 82   168   -0.139234   -0.000000  
 82   170   0.017306   -0.000000  
 82   172   0.000000   -0.000000  
 82   174   0.000000   -0.000000  
 82   176   0.000000   -0.000000  
 82   178   0.000000   -0.000000  
 82   180   0.000000   -0.000000  
 82   182   0.000000   -0.000000  
 82   184   0.000000   -0.000000  
 84   104   0.280698   -0.000000  
 84   106   -0.085031   -0.000000  
 84   108   -0.083617   -0.000000  
 84   110   -0.082244   0.000000  
 84   112   -0.080908   -0.000000  
 84   114   -0.053149   -0.000000  
 84   116   -0.052306   -0.000000  
 84   118   0.000000   -0.000000  
 84   120   0.000000   -0.000000  
 84   122   0.000000   -0.000000  
 84   124   0.000000   -0.000000  
 84   126   0.000000   -0.000000  
 84   128   0.000000   -0.000000  
 84   130   0.000000   -0.000000  
 84   132   -0.000000   -0.000000  
 84   134   -0.000000   -0.000000  
 84   136   -0.000000   -0.000000  
 84   138   -0.000000   -0.000000  
 84   140   0.128264   0.000000  
 84   142   0.167502   -0.000000  
 84   144   0.204974   -0.000000  
 84   146   0.221410   -0.000000  
 84   148   0.237174   -0.000000  
 84   150   0.233724   -0.000000  
 84   152   0.248586   -0.000000  
 84   154   0.244958   -0.000000  
 84   156   0.223582   -0.000000  
 84   158   0.220284   -0.000000  
 84   160   0.199580   -0.000000  
 84   162   0.179281   -0.000000  
 84   164   -0.159150   -0.000000  
 84   166   -0.139833   -0.000000  
 84   168   -0.103815   -0.000000  
 84   170   -0.068419   -0.000000  
 84   172   -0.050641   -0.000000  
 84   174   -0.033311   -0.000000  
 84   176   0.000000   -0.000000  
 84   178   0.000000   -0.000000  
 84   180   0.000000   -0.000000  
 84   182   0.000000   -0.000000  
 84   184   0.000000   -0.000000  
 86   108   0.189636   -0.000000  
 86   110   0.160471   -0.000000  
 86   112   -0.131859   -0.000000  
 86   114   -0.104110   -0.000000  
 86   116   -0.102482   -0.000000  
 86   118   -0.075816   -0.000000  
 86   120   -0.049832   -0.000000  
 86   122   0.000000   -0.000000  
 86   124   0.000000   -0.000000  
 86   126   0.000000   -0.000000  
 86   128   0.000000   -0.000000  
 86   130   -0.000000   -0.000000  
 86   132   -0.000000   -0.000000  
 86   134   0.110794   0.034608  
 86   136   0.130548   0.033806  
 86   138   0.149600   0.016521  
 86   140   0.167921   0.000000  
 86   142   0.185545   -0.000000  
 86   144   0.221985   -0.000000  
 86   146   0.218805   -0.000000  
 86   148   0.234452   -0.000000  
 86   150   0.231089   -0.000000  
 86   152   0.245858   -0.000000  
 86   154   0.224448   -0.000000  
 86   156   0.221187   -0.000000  
 86   158   0.217970   -0.000000  
 86   160   0.197502   -0.000000  
 86   162   0.177429   -0.000000  
 86   164   0.157768   -0.000000  
 86   166   0.138529   -0.000000  
 86   168   0.102770   -0.000000  
 86   170   0.101330   -0.000000  
 86   172   -0.083373   -0.000000  
 86   174   -0.065851   -0.000000  
 86   176   -0.048751   -0.000000  
 86   178   0.000000   -0.000000  
 86   180   0.000000   -0.000000  
 86   182   0.000000   -0.000000  
 86   184   0.000000   -0.000000  
 88   110   0.183465   -0.000000  
 88   112   0.155260   0.000000  
 88   114   0.152805   0.000000  
 88   116   -0.125639   -0.000000  
 88   118   -0.099188   0.019881  
 88   120   -0.073412   -0.000000  
 88   122   0.000000   -0.000000  
 88   124   0.000000   -0.000000  
 88   126   0.000000   -0.000000  
 88   128   0.000000   -0.000000  
 88   130   -0.000000   -0.000000  
 88   132   0.110825   0.069261  
 88   134   0.151741   0.100718  
 88   136   0.170144   0.114601  
 88   138   0.188003   0.111994  
 88   140   0.205663   0.062810  
 88   142   0.222459   0.000000  
 88   144   0.219326   0.000000  
 88   146   0.235059   -0.000000  
 88   148   0.250142   0.000000  
 88   150   0.246633   -0.000000  
 88   152   0.243138   -0.000000  
 88   154   0.239679   -0.000000  
 88   156   0.236252   -0.000000  
 88   158   0.215654   -0.000000  
 88   160   0.212559   -0.000000  
 88   162   0.192615   -0.000000  
 88   164   0.173057   -0.000000  
 88   166   0.153894   -0.000000  
 88   168   0.135141   -0.000000  
 88   170   0.116799   -0.000000  
 88   172   0.098875   -0.000000  
 88   174   -0.065155   -0.000000  
 88   176   -0.064281   -0.000000  
 88   178   0.000000   -0.000000  
 88   180   0.015664   -0.000000  
 88   182   0.000000   -0.000000  
 88   184   0.000000   -0.000000  
 90   114   0.174807   -0.000000  
 90   116   0.147976   0.000000  
 90   118   -0.121698   -0.000000  
 90   120   -0.096117   -0.000000  
 90   122   -0.047476   -0.000000  
 90   124   0.000000   -0.000000  
 90   126   0.000000   -0.000000  
 90   128   0.000000   -0.000000  
 90   130   -0.000000   -0.000000  
 90   132   0.130531   0.101413  
 90   134   0.149476   0.115459  
 90   136   0.188059   0.128063  
 90   138   0.205296   0.125197  
 90   140   0.222706   0.046206  
 90   142   0.238823   0.000000  
 90   144   0.235547   0.000000  
 90   146   0.250720   0.000000  
 90   148   0.247271   0.000000  
 90   150   0.243837   0.000000  
 90   152   0.240426   -0.000000  
 90   154   0.237045   -0.000000  
 90   156   0.233702   -0.000000  
 90   158   0.230400   -0.000000  
 90   160   0.210316   -0.000000  
 90   162   0.190586   -0.000000  
 90   164   0.187894   -0.000000  
 90   166   0.168826   -0.000000  
 90   168   0.133708   -0.000000  
 90   170   0.115562   -0.000000  
 90   172   0.097830   -0.000000  
 90   174   -0.080515   -0.000000  
 90   176   -0.047732   -0.000000  
 90   178   -0.015710   -0.000000  
 90   180   0.000000   -0.000000  
 90   182   0.000000   -0.000000  
 90   184   0.000000   -0.000000  
 92   118   -0.119722   -0.000000  
 92   120   -0.094559   -0.000000  
 92   122   -0.046707   -0.000000  
 92   124   0.000000   -0.000000  
 92   126   0.000000   -0.000000  
 92   128   0.000000   -0.000000  
 92   130   -0.000000   -0.000000  
 92   132   0.128640   0.099746  
 92   134   0.167783   0.128968  
 92   136   0.185537   0.126170  
 92   138   0.222378   0.107543  
 92   140   0.239143   0.015105  
 92   142   0.254579   0.000000  
 92   144   0.251171   0.000000  
 92   146   0.265795   0.000000  
 92   148   0.262227   0.000000  
 92   150   0.258659   0.000000  
 92   152   0.255114   0.000000  
 92   154   0.251593   0.000000  
 92   156   0.248110   -0.000000  
 92   158   0.227928   -0.000000  
 92   160   0.224745   -0.000000  
 92   162   0.205154   -0.000000  
 92   164   0.202286   -0.000000  
 92   166   0.167041   -0.000000  
 92   168   0.148557   -0.000000  
 92   170   0.130470   -0.000000  
 92   172   0.112785   -0.000000  
 92   174   -0.095503   -0.000000  
 92   176   -0.062940   -0.000000  
 92   178   0.000000   -0.000000  
 92   180   0.000000   -0.000000  
 92   182   0.000000   -0.000000  
 92   184   0.000000   -0.000000  
 92   186   -0.000000   -0.000000  
 94   124   0.000000   -0.000000  
 94   126   0.000000   -0.000000  
 94   128   0.000000   -0.000000  
 94   130   -0.000000   -0.000000  
 94   132   0.147399   0.113733  
 94   134   0.185599   0.126310  
 94   136   0.202746   0.123595  
 94   138   0.239368   0.015134  
 94   140   0.254871   0.000000  
 94   142   0.251495   0.000000  
 94   144   0.266205   0.000000  
 94   146   0.262692   0.000000  
 94   148   0.276613   0.000000  
 94   150   0.272933   0.000000  
 94   152   0.269271   0.000000  
 94   154   0.265631   -0.000000  
 94   156   0.262021   -0.000000  
 94   158   0.242032   -0.000000  
 94   160   0.238706   -0.000000  
 94   162   0.219262   -0.000000  
 94   164   0.200149   -0.000000  
 94   166   0.181387   0.000000  
 94   168   0.162996   -0.000000  
 94   170   0.144981   0.000000  
 94   172   0.111595   -0.000000  
 94   174   -0.094498   -0.000000  
 94   176   -0.077803   -0.000000  
 94   178   -0.015388   -0.000000  
 94   180   0.000000   -0.000000  
 94   182   0.000000   -0.000000  
 94   184   -0.000000   -0.000000  
 94   186   -0.000000   -0.000000  
 94   188   -0.000000   -0.000000  
 94   190   -0.000000   -0.000000  
 94   192   -0.000000   -0.000000  
 94   194   0.123321   0.115170  
 94   196   0.148421   0.112829  
 94   198   0.172703   0.110512  
 94   200   0.209609   0.009046  
 94   202   0.207139   0.000000  
 94   204   0.204713   0.000000  
 94   206   0.202315   0.008667  
 94   208   0.199954   0.000000  
 96   128   0.000000   -0.000000  
 96   130   0.021332   -0.000000  
 96   132   0.145276   0.111858  
 96   134   0.183228   0.109011  
 96   136   0.239505   0.015159  
 96   138   0.255063   0.000000  
 96   140   0.251694   0.000000  
 96   142   0.266478   0.000000  
 96   144   0.280655   0.000000  
 96   146   0.277029   0.000000  
 96   148   0.273425   0.000000  
 96   150   0.269829   0.000000  
 96   152   0.266244   0.000000  
 96   154   0.262681   -0.000000  
 96   156   0.259152   -0.000000  
 96   158   0.255659   -0.000000  
 96   160   0.252207   -0.000000  
 96   162   0.232919   -0.000000  
 96   164   0.213944   -0.000000  
 96   166   0.195305   0.000000  
 96   168   0.177017   0.000000  
 96   170   0.159094   -0.000000  
 96   172   -0.125973   -0.000000  
 96   174   -0.108970   -0.000000  
 96   176   -0.092318   -0.000000  
 96   178   -0.060864   -0.000000  
 96   180   0.000000   -0.000000  
 96   182   0.000000   -0.000000  
 96   184   -0.000000   -0.000000  
 96   186   -0.000000   -0.000000  
 96   188   -0.000000   -0.000000  
 96   190   -0.000000   -0.000000  
 96   192   0.069132   0.107324  
 96   194   0.122244   0.114191  
 96   196   0.147153   0.111903  
 96   198   0.210466   0.009114  
 96   200   0.207977   0.000000  
 96   202   0.205542   0.000000  
 96   204   0.203155   0.000000  
 96   206   0.200808   0.000000  
 96   208   0.198487   0.000000  
 96   210   0.196188   0.000000  
 96   212   0.193907   -0.000000  
 96   214   0.191648   -0.000000  
 98   130   0.041946   0.065188  
 98   132   0.143190   0.110007  
 98   134   0.239591   0.000000  
 98   136   0.255167   0.000000  
 98   138   0.251794   0.000000  
 98   140   0.266632   0.000000  
 98   142   0.280881   0.000000  
 98   144   0.277294   0.000000  
 98   146   0.273747   0.000000  
 98   148   0.287073   0.000000  
 98   150   0.283373   0.000000  
 98   152   0.279687   -0.000000  
 98   154   0.276021   0.000000  
 98   156   0.272386   0.000000  
 98   158   0.268787   0.000000  
 98   160   0.249455   -0.000000  
 98   162   0.246127   -0.000000  
 98   164   0.227307   -0.000000  
 98   166   0.208801   -0.000000  
 98   168   0.190632   0.000000  
 98   170   0.157418   -0.000000  
 98   172   -0.139997   -0.000000  
 98   174   -0.123071   -0.000000  
 98   176   -0.091372   -0.000000  
 98   178   -0.060248   -0.000000  
 98   180   0.000000   -0.000000  
 98   182   0.000000   -0.000000  
 98   184   -0.000000   -0.000000  
 98   186   -0.000000   -0.000000  
 98   188   -0.000000   0.020178  
 98   190   0.027843   0.088872  
 98   192   0.068460   0.115859  
 98   194   0.121168   0.113191  
 98   196   0.211269   0.000000  
 98   198   0.208755   0.000000  
 98   200   0.206303   0.000000  
 98   202   0.203907   0.000000  
 98   204   0.201564   0.000000  
 98   206   0.199258   0.000000  
 98   208   0.196981   0.000000  
 98   210   0.194725   0.000000  
 98   212   0.192492   -0.000000  
 98   214   0.190278   -0.000000  
 98   216   0.188081   -0.000000  
 98   218   0.185901   -0.000000  
100   132   0.296145   0.000000  
100   134   0.273815   0.000000  
100   136   0.270204   0.000000  
100   138   0.266681   0.000000  
100   140   0.263245   0.000000  
100   142   0.277402   0.000000  
100   144   0.273895   0.000000  
100   146   0.287313   0.000000  
100   148   0.283671   -0.000000  
100   150   0.280049   -0.000000  
100   152   0.276445   -0.000000  
100   154   0.272862   0.000000  
100   156   0.269302   0.000000  
100   158   0.265777   0.000000  
100   160   0.262297   0.000000  
100   162   0.243426   -0.000000  
100   164   0.240230   -0.000000  
100   166   0.221880   -0.000000  
100   168   0.203844   -0.000000  
100   170   0.170992   0.000000  
100   172   -0.138541   -0.000000  
100   174   -0.121802   -0.000000  
100   176   -0.105391   -0.000000  
100   178   -0.074496   -0.000000  
100   180   0.000000   -0.000000  
100   182   -0.000000   -0.000000  
100   184   -0.000000   -0.000000  
100   186   -0.000000   -0.000000  
100   188   0.013992   0.069714  
100   190   0.041338   0.097619  
100   192   0.067845   0.114785  
100   194   0.120096   0.112177  
100   196   0.209483   0.000000  
100   198   0.207015   -0.000000  
100   200   0.204603   0.000000  
100   202   0.202252   0.000000  
100   204   0.199949   0.000000  
100   206   0.197684   0.000000  
100   208   0.195448   0.000000  
100   210   0.193236   -0.000000  
100   212   0.191042   0.000000  
100   214   0.188866   -0.000000  
100   216   0.186712   -0.000000  
100   218   0.184581   -0.000000  
100   220   0.182469   -0.000000  
102   134   0.306334   0.000000  
102   136   0.284616   0.000000  
102   138   0.280963   0.000000  
102   140   0.277391   0.000000  
102   142   0.273893   0.000000  
102   144   0.287377   0.000000  
102   146   0.283787   0.000000  
102   148   0.280233   -0.000000  
102   150   0.276697   -0.000000  
102   152   0.273177   0.000000  
102   154   0.269677   -0.000000  
102   156   0.266200   -0.000000  
102   158   0.262752   -0.000000  
102   160   0.259344   -0.000000  
102   162   0.255993   -0.000000  
102   164   0.237598   -0.000000  
102   166   0.234535   -0.000000  
102   168   0.216650   -0.000000  
102   170   0.184172   0.000000  
102   172   -0.152049   -0.000000  
102   174   -0.135399   -0.000000  
102   176   -0.104315   -0.000000  
102   178   -0.088409   -0.000000  
102   180   0.000000   -0.000000  
102   182   -0.000000   -0.000000  
102   184   -0.000000   -0.000000  
102   186   -0.000000   0.010050  
102   188   0.013852   0.078796  
102   190   0.027315   0.096729  
102   192   0.053819   0.113829  
102   194   0.210159   0.000000  
102   196   0.207681   0.000000  
102   198   0.205260   0.000000  
102   200   0.202894   0.000000  
102   202   0.200583   0.000000  
102   204   0.198320   0.000000  
102   206   0.196096   0.000000  
102   208   0.193895   0.000000  
102   210   0.191720   -0.000000  
102   212   0.189567   -0.000000  
102   214   0.187435   -0.000000  
102   216   0.185325   -0.000000  
102   218   0.183235   -0.000000  
102   220   0.181165   -0.000000  
102   222   0.179116   -0.000000  
104   140   0.273783   0.000000  
104   142   0.270369   0.000000  
104   144   0.283755   0.000000  
104   146   0.280251   -0.000000  
104   148   0.276782   -0.000000  
104   150   0.273335   -0.000000  
104   152   0.269903   -0.000000  
104   154   0.266486   -0.000000  
104   156   0.263092   -0.000000  
104   158   0.259725   -0.000000  
104   160   0.256395   -0.000000  
104   162   0.253114   -0.000000  
104   164   0.234974   -0.000000  
104   166   0.231972   -0.000000  
104   168   0.214315   -0.000000  
104   170   0.196953   0.000000  
104   172   0.165243   0.000000  
104   174   -0.134008   -0.000000  
104   176   -0.117843   -0.000000  
104   178   -0.087517   -0.000000  
104   180   -0.043327   0.000000  
104   182   -0.000000   -0.000000  
104   184   -0.000000   -0.000000  
104   186   -0.000000   0.009946  
104   188   -0.000000   0.068321  
104   190   0.013532   0.095787  
104   192   0.053326   0.112718  
104   194   0.208297   -0.000000  
104   196   0.205872   0.000000  
104   198   0.203497   0.000000  
104   200   0.201176   0.000000  
104   202   0.198907   0.000000  
104   204   0.196681   0.000000  
104   206   0.194492   0.000000  
104   208   0.192333   0.000000  
104   210   0.190197   -0.000000  
104   212   0.188083   -0.000000  
104   214   0.185991   -0.000000  
104   216   0.183920   -0.000000  
104   218   0.181869   -0.000000  
104   220   0.179839   -0.000000  
104   222   0.177826   -0.000000  
104   224   0.175833   -0.000000  
104   226   0.173863   -0.000000  
104   228   0.171908   -0.000000  
104   230   0.169977   -0.000000  
106   146   0.276718   -0.000000  
106   148   0.273331   0.000000  
106   150   0.269966   -0.000000  
106   152   0.266622   -0.000000  
106   154   0.263293   -0.000000  
106   156   0.259979   -0.000000  
106   158   0.256695   -0.000000  
106   160   0.253443   -0.000000  
106   162   0.250238   -0.000000  
106   164   0.247085   -0.000000  
106   166   0.229402   -0.000000  
106   168   0.226525   -0.000000  
106   170   0.194832   0.000000  
106   172   0.163484   0.000000  
106   174   -0.132627   -0.000000  
106   176   -0.116639   -0.000000  
106   178   -0.086631   -0.000000  
106   180   -0.057157   -0.000000  
106   182   -0.000000   -0.000000  
106   184   -0.000000   -0.000000  
106   186   -0.000000   -0.000000  
106   188   -0.000000   0.048375  
106   190   0.013415   0.085440  
106   192   0.039643   0.111690  
106   194   0.206431   -0.000000  
106   196   0.204054   0.000000  
106   198   0.201728   0.000000  
106   200   0.199451   0.000000  
106   202   0.197222   0.000000  
106   204   0.195036   0.000000  
106   206   0.192885   0.000000  
106   208   0.190764   -0.000000  
106   210   0.188661   0.008061  
106   212   0.186590   -0.000000  
106   214   0.184535   -0.000000  
106   216   0.182498   -0.000000  
106   218   0.180483   -0.000000  
106   220   0.178489   -0.000000  
106   222   0.176518   -0.000000  
106   224   0.174564   -0.000000  
106   226   0.172631   -0.000000  
106   228   0.170716   -0.000000  
106   230   0.168820   -0.000000  
106   232   0.166945   -0.000000  
108   150   0.266606   -0.000000  
108   152   0.263338   -0.000000  
108   154   0.260088   -0.000000  
108   156   0.256854   -0.000000  
108   158   0.253645   -0.000000  
108   160   0.250470   -0.000000  
108   162   0.247335   -0.000000  
108   164   0.229693   -0.000000  
108   166   0.226814   -0.000000  
108   168   0.209623   -0.000000  
108   170   0.192703   0.000000  
108   172   0.161732   0.000000  
108   174   -0.131253   -0.000000  
108   176   -0.115447   -0.000000  
108   178   -0.099937   -0.000000  
108   180   -0.042460   0.000000  
108   182   0.000000   -0.000000  
108   184   -0.000000   -0.000000  
108   186   -0.000000   -0.000000  
108   188   -0.000000   -0.000000  
108   190   -0.000000   0.065904  
108   192   0.052341   0.110466  
108   194   0.204545   0.008903  
108   196   0.202227   0.000000  
108   198   0.199948   0.000000  
108   200   0.197717   0.000000  
108   202   0.195530   -0.000000  
108   204   0.193384   -0.000000  
108   206   0.191272   0.000000  
108   208   0.189187   -0.000000  
108   210   0.187123   -0.000000  
108   212   0.185082   -0.000000  
108   214   0.183059   -0.000000  
108   216   0.181061   -0.000000  
108   218   0.179084   -0.000000  
108   220   0.177127   -0.000000  
108   222   0.175192   -0.000000  
108   224   0.173276   -0.000000  
108   226   0.171378   -0.000000  
108   228   0.169500   -0.000000  
108   230   0.167642   -0.000000  
108   232   0.165797   0.006889  
108   234   0.163976   -0.000000  
110   156   0.253716   -0.000000  
110   158   0.250581   -0.000000  
110   160   0.247478   -0.000000  
110   162   0.229872   -0.000000  
110   164   0.227015   -0.000000  
110   166   0.224198   -0.000000  
110   168   0.207245   -0.000000  
110   170   0.190562   0.000000  
110   172   0.159985   0.000000  
110   174   0.129788   -0.000000  
110   176   -0.114263   -0.000000  
110   178   -0.098923   -0.000000  
110   180   -0.056012   -0.000000  
110   182   0.000000   -0.000000  
110   184   -0.000000   -0.000000  
110   186   -0.000000   -0.000000  
110   188   -0.000000   -0.000000  
110   190   -0.000000   -0.000000  
110   192   -0.192171   0.008944  
110   194   0.202658   0.000000  
110   196   0.200385   0.000000  
110   198   0.198156   0.000000  
110   200   0.195968   0.000000  
110   202   0.193824   0.000000  
110   204   0.191715   0.000000  
110   206   0.189639   0.000000  
110   208   0.187590   -0.000000  
110   210   0.185563   -0.000000  
110   212   0.183556   -0.000000  
110   214   0.181572   -0.000000  
110   216   0.179608   -0.000000  
110   218   0.177667   -0.000000  
110   220   0.175747   -0.000000  
110   222   0.173845   -0.000000  
110   224   0.171965   -0.000000  
110   226   0.170103   -0.000000  
110   228   0.168260   -0.000000  
110   230   0.166433   -0.000000  
110   232   0.164627   -0.000000  
110   234   0.162841   -0.000000  
110   236   0.161074   -0.000000  
110   238   0.159326   -0.000000  
110   240   0.157604   -0.000000  
110   242   0.136773   -0.000000  
110   244   0.116236   -0.000000  
110   246   -0.105594   -0.000000  
110   248   -0.095047   -0.000000  
110   250   -0.075316   -0.000000  
112   158   0.232791   -0.000000  
112   160   0.229941   -0.000000  
112   162   0.227122   -0.000000  
112   164   0.224329   -0.000000  
112   166   0.207407   -0.000000  
112   168   0.190743   0.000000  
112   170   0.174351   0.000000  
112   172   0.144150   0.000000  
112   174   0.128417   -0.000000  
112   176   -0.113087   -0.000000  
112   178   -0.084015   0.000000  
112   180   -0.055447   0.000000  
112   182   0.000000   -0.000000  
112   184   -0.000000   -0.000000  
112   186   -0.000000   -0.000000  
112   188   -0.000000   -0.000000  
112   190   -0.000000   -0.000000  
112   192   -0.190386   -0.000000  
112   194   -0.188226   -0.000000  
112   196   0.198531   0.000000  
112   198   0.196341   0.008492  
112   200   0.194203   0.000000  
112   202   0.192098   0.000000  
112   204   0.190029   0.000000  
112   206   0.187991   0.000000  
112   208   0.185978   -0.000000  
112   210   0.183986   -0.000000  
112   212   0.182018   -0.000000  
112   214   0.180067   -0.000000  
112   216   0.178139   -0.000000  
112   218   0.176231   -0.000000  
112   220   0.174345   -0.000000  
112   222   0.172479   -0.000000  
112   224   0.170634   -0.000000  
112   226   0.168802   -0.000000  
112   228   0.166993   -0.000000  
112   230   0.165204   -0.000000  
112   232   0.163435   -0.000000  
112   234   0.161683   -0.000000  
112   236   0.159950   0.000000  
112   238   0.158235   -0.000000  
112   240   0.156544   -0.000000  
112   242   0.135885   -0.000000  
112   244   0.115501   -0.000000  
112   246   -0.104945   -0.000000  
112   248   -0.094475   -0.000000  
112   250   -0.074873   -0.000000  
112   252   -0.037094   -0.000000  
114   160   0.227158   -0.000000  
114   162   0.210062   -0.000000  
114   164   0.207510   -0.000000  
114   166   0.190872   -0.000000  
114   168   0.174499   -0.000000  
114   170   0.158404   -0.000000  
114   172   0.142591   -0.000000  
114   174   0.127059   -0.000000  
114   176   -0.111920   -0.000000  
114   178   -0.083157   0.000000  
114   180   0.000000   -0.000000  
114   182   0.000000   -0.000000  
114   184   -0.000000   -0.000000  
114   186   -0.000000   -0.000000  
114   188   -0.000000   -0.000000  
114   190   -0.000000   -0.000000  
114   192   0.038361   -0.000000  
114   194   -0.174432   -0.000000  
114   196   0.124148   0.000000  
114   198   0.194528   0.000000  
114   200   0.192427   0.000000  
114   202   0.190364   0.000000  
114   204   0.188333   0.000000  
114   206   0.186330   0.000000  
114   208   0.184355   -0.000000  
114   210   0.182398   -0.000000  
114   212   0.180464   -0.000000  
114   214   0.178549   -0.000000  
114   216   0.176654   -0.000000  
114   218   0.174782   -0.000000  
114   220   0.172928   -0.000000  
114   222   0.171093   -0.000000  
114   224   0.169279   -0.000000  
114   226   0.167485   -0.000000  
114   228   0.165713   -0.000000  
114   230   0.163960   -0.000000  
114   232   0.162225   -0.000000  
114   234   0.160508   -0.000000  
114   236   0.158807   -0.000000  
114   238   0.157122   0.000000  
114   240   0.145961   -0.000000  
114   242   0.125496   -0.000000  
114   244   0.105301   -0.000000  
114   246   -0.104286   -0.000000  
114   248   -0.093896   -0.000000  
114   250   -0.074424   -0.000000  
114   252   0.000000   -0.000000  
114   254   -0.000000   -0.000000  
114   256   -0.000000   -0.000000  
114   258   -0.000000   -0.000000  
116   164   0.205069   -0.000000  
116   166   0.188658   -0.000000  
116   168   0.172515   -0.000000  
116   170   0.156643   -0.000000  
116   172   0.141043   -0.000000  
116   174   0.111935   -0.000000  
116   176   -0.110761   -0.000000  
116   178   -0.082308   0.000000  
116   180   -0.040769   -0.000000  
116   182   0.000000   -0.000000  
116   184   -0.000000   -0.000000  
116   186   -0.000000   -0.000000  
116   188   -0.000000   -0.000000  
116   190   -0.000000   -0.000000  
116   192   -0.000000   -0.000000  
116   194   -0.136545   -0.000000  
116   196   -0.147023   -0.000000  
116   198   0.121624   0.000000  
116   200   0.190650   0.000000  
116   202   0.188621   0.008105  
116   204   0.186633   0.000000  
116   206   0.184667   0.000000  
116   208   0.182726   0.000000  
116   210   0.180804   -0.000000  
116   212   0.178903   -0.000000  
116   214   0.177021   0.000000  
116   216   0.175159   -0.000000  
116   218   0.173317   -0.000000  
116   220   0.171496   -0.000000  
116   222   0.169699   -0.000000  
116   224   0.167920   -0.000000  
116   226   0.166162   -0.000000  
116   228   0.164424   -0.000000  
116   230   0.162706   -0.000000  
116   232   0.161003   -0.000000  
116   234   0.159316   0.000000  
116   236   0.157648   -0.000000  
116   238   0.155998   -0.000000  
116   240   0.135475   -0.000000  
116   242   0.115198   -0.000000  
116   244   -0.104677   -0.000000  
116   246   -0.094266   -0.000000  
116   248   -0.084028   -0.000000  
116   250   -0.064751   -0.000000  
116   252   -0.027497   -0.000000  
116   254   0.009074   -0.000000  
116   256   -0.000000   -0.000000  
116   258   -0.000000   -0.000000  
118   170   0.141129   -0.000000  
118   172   0.125801   -0.000000  
118   174   -0.110839   -0.000000  
118   176   -0.096020   -0.000000  
118   178   -0.081465   -0.000000  
118   180   -0.040357   0.000000  
118   182   0.013312   -0.000000  
118   184   -0.000000   -0.000000  
118   186   -0.000000   -0.000000  
118   188   -0.000000   -0.000000  
118   190   -0.000000   -0.000000  
118   192   -0.000000   -0.000000  
118   194   0.024811   -0.000000  
118   196   -0.145648   -0.000000  
118   198   -0.155751   -0.000000  
118   200   -0.165574   0.000000  
118   202   0.186891   -0.000000  
118   204   0.184935   0.000000  
118   206   0.183004   -0.000000  
118   208   0.181096   0.000000  
118   210   0.179208   -0.000000  
118   212   0.177338   -0.000000  
118   214   0.175488   -0.000000  
118   216   0.173660   -0.000000  
118   218   0.171852   -0.000000  
118   220   0.170066   -0.000000  
118   222   0.168299   -0.000000  
118   224   0.166555   -0.000000  
118   226   0.164830   -0.000000  
118   228   0.163124   -0.000000  
118   230   0.161437   -0.000000  
118   232   0.159769   -0.000000  
118   234   0.158116   -0.000000  
118   236   0.156480   0.000000  
118   238   0.145408   -0.000000  
118   240   -0.106075   -0.000000  
118   242   -0.114469   -0.000000  
118   244   -0.103977   -0.000000  
118   246   -0.093649   -0.000000  
118   248   -0.074254   -0.000000  
118   250   -0.055175   -0.000000  
118   252   -0.000000   -0.000000  
118   254   0.009020   0.000000  
118   256   -0.000000   -0.000000  
118   258   -0.000000   -0.000000  
120   172   -0.124540   -0.000000  
120   174   -0.109648   -0.000000  
120   176   -0.095009   -0.000000  
120   178   -0.067243   -0.000000  
120   180   0.000000   -0.000000  
120   182   0.000000   -0.000000  
120   184   -0.000000   -0.000000  
120   186   -0.000000   -0.000000  
120   188   -0.000000   -0.000000  
120   190   -0.000000   -0.000000  
120   192   -0.000000   -0.000000  
120   194   -0.000000   -0.000000  
120   196   -0.179261   -0.000000  
120   198   -0.177320   0.000000  
120   200   -0.175408   0.000000  
120   202   -0.173528   0.000000  
120   204   0.183239   0.000000  
120   206   0.181342   -0.000000  
120   208   0.179467   -0.000000  
120   210   0.177614   -0.000000  
120   212   0.175777   -0.000000  
120   214   0.173960   -0.000000  
120   216   0.172161   -0.000000  
120   218   0.170385   -0.000000  
120   220   0.168631   -0.000000  
120   222   0.166897   -0.000000  
120   224   0.165180   -0.000000  
120   226   0.163487   -0.000000  
120   228   0.161815   -0.000000  
120   230   0.160159   -0.000000  
120   232   0.158523   -0.000000  
120   234   0.156904   -0.000000  
120   236   -0.126694   -0.000000  
120   238   -0.115923   -0.000000  
120   240   -0.114786   -0.000000  
120   242   -0.113660   -0.000000  
120   244   -0.103258   -0.000000  
120   246   -0.083770   -0.000000  
120   248   -0.073767   -0.000000  
120   250   -0.018290   -0.000000  
120   252   -0.000000   -0.000000  
120   254   -0.000000   -0.000000  
120   256   -0.000000   -0.000000  
120   258   -0.000000   -0.000000  
