Z      N      A      E_oct(MeV)          BE_gs(MeV)          BE_control(MeV)     beta3_gs       beta2_gs       beta2_control  Q20_control (b)
26     36     62     0.00849             -537.138358         -537.146848         0.01566        0.130097       1.413122       0.0            
32     70     102    -0.02255            -745.10855          -745.086            0.021522       0.239706       0.241094       6.776009       
34     78     112    -0.017106           -795.287003         -795.269897         0.025225       0.188317       0.188975       6.149378       
36     32     68     -0.00152            -547.326616         -547.325096         0.031874       -0.187511      -0.192999      -2.580138      
40     56     96     -0.001868           -830.589642         -830.587774         0.014731       0.000393       5.4e-05        0.001328       
40     58     98     -0.19233            -841.846207         -841.653877         0.080838       0.005355       -1.3e-05       -0.000216      
40     60     100    -0.225347           -851.333727         -851.10838          0.090445       0.002611       -0.000357      -0.008886      
42     58     100    -0.099807           -860.842719         -860.742912         0.073811       -0.00247       3.4e-05        0.00072        
42     74     116    -0.000922           -941.363942         -941.36302          0.020025       -0.169056      -0.171623      -5.482779      
42     104    146    -0.16288            -975.314856         -975.151976         0.070879       -0.022789      -0.001638      -0.07911       
52     58     110    0.002979            -920.0608           -920.063779         0.013466       0.173555       0.17285        4.92515        
52     72     124    -0.001384           -1049.849233        -1049.847849        0.02314        0.17067        0.167325       5.789978       
54     54     108    -0.047146           -873.368219         -873.321073         0.067929       0.184837       0.182991       5.059204       
54     56     110    -0.146896           -899.026422         -898.879526         0.104111       0.207685       0.204668       5.883628       
54     58     112    0.002063            -922.745087         -922.74715          0.042586       0.232984       0.231689       6.905855       
54     72     126    0.002565            -1064.187448        -1064.190013        0.02007        0.219289       0.218344       7.85164        
54     74     128    -0.001466           -1080.54014         -1080.538674        0.028629       0.184627       0.180698       6.601092       
54     88     142    -0.112447           -1168.039259        -1167.926812        0.101112       0.159135       0.148186       6.467251       
54     90     144    -0.009049           -1175.339872        -1175.330823        0.060725       0.1839         0.182144       8.214568       
56     54     110    -0.185561           -869.65341          -869.467849         0.114334       0.210304       0.20674        5.966156       
56     56     112    -0.357664           -897.564051         -897.206387         0.142289       0.234721       0.229495       6.869969       
56     58     114    -0.08914            -923.218899         -923.129759         0.146418       0.27939        0.273657       8.486884       
56     90     146    -0.475388           -1198.513433        -1198.038045        0.161036       0.208447       0.203986       9.417603       
58     54     112    -0.070047           -863.455016         -863.384969         0.099171       0.234352       0.232203       6.971845       
58     56     114    -0.230628           -893.341268         -893.11064          0.127533       0.268251       0.266591       8.292889       
58     90     148    -0.453538           -1218.707124        -1218.253586        0.166903       0.213714       0.241303       11.427066      
60     62     122    0.010008            -976.356958         -976.366966         0.035494       0.391374       13.878023      0.0            
60     88     148    -1.15505            -1225.059587        -1223.904537        0.162573       0.161829       0.178568       8.363047       
60     136    196    -0.069291           -1365.784092        -1365.714801        0.059973       0.079293       -0.066572      -5.193321      
62     86     148    -1.006565           -1226.862052        -1225.855487        0.13788        0.109554       0.074813       3.423415       
62     88     150    -1.266461           -1239.654002        -1238.387541        0.163485       0.132033       0.207473       9.937684       
62     90     152    0.000159            -1252.688363        -1252.688522        0.10895        0.297278       0.276802       13.780121      
62     132    194    -0.511196           -1402.619223        -1402.108027        0.082687       0.075038       0.057002       4.207904       
62     134    196    -0.796397           -1403.477299        -1402.680902        0.128716       0.095955       0.065071       4.94747        
62     136    198    -0.899097           -1403.87605         -1402.976953        0.140993       0.097893       -0.074387      -5.860553      
62     138    200    -0.408819           -1403.948067        -1403.539248        0.146615       0.093209       -0.119743      -9.706224      
62     140    202    -0.034643           -1403.84733         -1403.812687        0.121981       0.067911       -0.134006      -11.117308     
64     86     150    -1.2779             -1238.216405        -1236.938505        0.118627       0.084166       -0.064364      -3.027784      
64     88     152    -1.304311           -1252.320213        -1251.015902        0.186667       0.121367       0.213319       10.438862      
64     132    196    -1.066686           -1436.883218        -1435.816532        0.132038       0.087153       0.046273       3.468098       
64     134    198    -1.464447           -1438.499899        -1437.035452        0.154096       0.094154       0.05487        4.248416       
64     136    200    -1.215807           -1439.643494        -1438.427687        0.165982       0.094242       -0.119431      -9.546665      
64     138    202    -0.547383           -1440.467768        -1439.920385        0.143537       0.079378       -0.136933      -11.197961     
64     140    204    -0.012481           -1441.0336          -1441.021119        0.149935       0.068066       -0.150011      -12.541492     
66     72     138    0.011004            -1100.063054        -1100.074058        0.043309       0.332478       0.330632       14.230415      
66     84     150    -0.047629           -1230.821654        -1230.774025        0.037074       0.02642        0.000211       0.009797       
66     86     152    -1.060613           -1247.151643        -1246.09103         0.127744       0.079964       -0.108369      -5.196937      
66     88     154    -0.932048           -1262.614555        -1261.682507        0.186904       0.110148       0.206038       10.291986      
66     94     160    0.010409            -1309.500281        -1309.51069         0.123961       0.335489       0.315614       17.232924      
66     130    196    -0.580181           -1465.825691        -1465.24551         0.0758         0.051812       0.032378       2.379379       
66     132    198    -1.365092           -1468.860221        -1467.495129        0.111992       0.073295       0.053483       4.07658        
66     134    200    -1.681061           -1471.29879         -1469.617729        0.165829       0.090557       -0.106832      -8.422372      
66     136    202    -1.13501            -1473.249224        -1472.114214        0.14806        0.078844       -0.128401      -10.372842     
66     138    204    -0.489612           -1474.849938        -1474.360326        0.159685       0.072371       -0.142827      -11.800272     
68     86     154    -0.47973            -1253.856471        -1253.376741        0.126535       0.083905       -0.11898       -5.821116      
68     130    198    -0.445194           -1494.964467        -1494.519273        0.075983       0.052834       0.041702       3.097743       
68     132    200    -1.217305           -1498.728271        -1497.510966        0.11404        0.071159       0.069283       5.356128       
68     134    202    -1.360798           -1501.893454        -1500.532656        0.137391       0.074817       -0.112296      -8.950533      
68     136    204    -0.959779           -1504.610001        -1503.650222        0.155854       0.067242       -0.13002       -10.604536     
68     138    206    -0.083081           -1506.964071        -1506.88099         0.1917         0.071283       0.208831       17.567333      
70     94     164    -0.008386           -1330.270119        -1330.261733        0.086737       0.29749        0.28455        16.036437      
70     96     166    0.006025            -1346.821926        -1346.827951        0.081745       0.316074       0.307533       17.788188      
70     130    200    -0.208506           -1522.453267        -1522.244761        0.065171       0.053352       0.052305       3.935507       
70     132    202    -0.791391           -1526.819662        -1526.028271        0.107503       0.068908       0.08406        6.580322       
70     134    204    -1.068224           -1530.642412        -1529.574188        0.135725       0.064689       0.129358       10.45307       
70     136    206    -0.507925           -1534.121158        -1533.613233        0.166871       0.052614       0.173405       14.353418      
72     94     166    -0.004592           -1337.942121        -1337.937529        0.07733        0.279185       0.267005       15.296883      
72     96     168    -0.003112           -1355.484004        -1355.480892        0.076155       0.304237       0.294865       17.352654      
72     130    202    -0.074547           -1548.457142        -1548.382595        0.046743       0.053513       0.054925       4.17812        
72     132    204    -0.448663           -1553.4014          -1552.952737        0.095428       0.0682         0.088233       6.977726       
72     134    206    -0.568981           -1557.88887         -1557.319889        0.131282       0.050674       0.124944       10.188317      
72     136    208    -0.296372           -1562.260965        -1561.964593        0.157291       0.024088       0.160849       13.437215      
74     96     170    -0.003437           -1362.383798        -1362.380361        0.07493        0.305577       0.296809       17.76301       
74     98     172    -0.00405            -1380.300213        -1380.296163        0.063783       0.314583       0.308824       18.916511      
74     130    204    -0.027867           -1572.956849        -1572.928982        0.026392       0.048397       0.048013       3.68397        
74     132    206    -0.325816           -1578.526752        -1578.200936        0.082111       0.066252       0.0816         6.504807       
74     134    208    -0.448907           -1583.712429        -1583.263522        0.126866       0.03432        0.111104       9.12308        
74     136    210    -0.456866           -1588.914267        -1588.457401        0.14821        0.006333       0.142791       12.017485      
76     96     172    -0.005536           -1367.229144        -1367.223608        0.069496       0.299409       0.291608       17.770513      
76     98     174    -0.001556           -1386.082739        -1386.081183        0.058094       0.306431       0.301382       18.805017      
76     132    208    -0.356645           -1602.180562        -1601.823917        0.075429       0.055366       0.06522        5.231242       
76     134    210    -0.593006           -1608.090238        -1607.497232        0.117224       0.028676       0.091663       7.579224       
76     136    212    -0.807724           -1613.977725        -1613.170001        0.13829        0.002907       0.117807       9.976113       
76     138    214    -0.412423           -1619.291613        -1618.87919         0.139859       -0.024808      0.143132       12.402572      
78     90     168    -0.004131           -1307.587578        -1307.583447        0.04131        0.147898       0.13351        7.551984       
78     96     174    -0.001844           -1369.809827        -1369.807983        0.065245       0.288612       0.280803       17.42959       
78     100    178    -0.000569           -1408.975673        -1408.975104        0.025804       0.303274       0.302168       19.617351      
78     132    210    -0.421673           -1624.407744        -1623.986071        0.070434       0.039731       0.03394        2.733576       
78     138    216    -0.689383           -1643.339278        -1642.649895        0.128759       -0.015106      -0.093469      -8.129072      
78     140    218    -0.438246           -1649.021184        -1648.582938        0.121294       -0.044952      0.212315       19.204588      
80     92     172    -0.000206           -1328.228159        -1328.227953        0.02993        0.111841       0.102088       6.009259       
80     96     176    -0.001861           -1370.462025        -1370.460164        0.049666       0.273598       0.268566       16.976225      
80     134    214    -0.807903           -1652.649413        -1651.84151         0.089531       0.027178       0.0            3e-06          
80     136    216    -1.120171           -1659.625908        -1658.505737        0.104051       0.016834       -0.035797      -3.072302      
80     138    218    -0.713397           -1666.014357        -1665.30096         0.108915       9.2e-05        -0.064712      -5.647155      
80     140    220    -0.353456           -1672.196239        -1671.842783        0.101289       -0.028141      -0.073196      -6.511245      
80     142    222    -0.188556           -1678.31761         -1678.129054        0.089518       -0.05169       -0.077836      -7.05138       
82     92     174    -0.070629           -1326.786209        -1326.71558         0.05166        0.01488        0.00133        0.080536       
82     94     176    -0.057145           -1348.736169        -1348.679024        0.053112       0.023442       0.003756       0.231878       
82     96     178    -0.027908           -1370.296555        -1370.268647        0.042014       0.012255       -0.003135      -0.19856       
82     134    216    -0.770481           -1671.890392        -1671.119911        0.08728        0.023962       0.000461       0.040391       
82     136    218    -1.076587           -1679.623987        -1678.5474          0.098098       0.019106       0.000677       0.060579       
82     138    220    -0.990907           -1686.757529        -1685.766622        0.097682       0.007564       0.001202       0.109315       
82     140    222    -0.761423           -1693.561215        -1692.799792        0.091841       -0.014227      -0.026076      -2.388545      
82     142    224    -0.583988           -1700.312502        -1699.728514        0.084467       -0.035235      -0.040973      -3.819089      
82     144    226    -0.066493           -1706.824444        -1706.757951        0.074511       -0.043796      0.227816       21.977056      
84     134    218    -0.772869           -1685.086151        -1684.313282        0.095264       0.044395       -0.046484      -3.971013      
84     136    220    -0.389634           -1693.531956        -1693.142322        0.103598       0.03428        0.085553       7.593977       
84     192    276    -0.113327           -1829.063135        -1828.949808        0.044729       0.034389       -0.0           -0.0           
84     194    278    -0.385999           -1828.383345        -1827.997346        0.068917       0.040129       0.04247        5.804808       
84     196    280    -0.101138           -1827.424106        -1827.322968        0.087334       0.054823       -0.061392      -8.574418      
86     192    278    -0.19359            -1861.888962        -1861.695372        0.052635       0.053391       0.0543         7.329937       
86     194    280    -0.020748           -1861.687337        -1861.666589        0.06291        0.070874       0.081558       11.316749      
88     136    224    -0.842846           -1720.133819        -1719.290973        0.146841       0.171314       0.167423       15.573799      
88     138    226    -0.096233           -1730.771853        -1730.67562         0.070692       0.190144       0.188287       17.882724      
88     192    280    -0.252763           -1893.2583          -1893.005537        0.055802       0.055625       0.05757        7.837929       
88     194    282    -0.011558           -1893.646321        -1893.634763        0.050969       0.077834       0.081438       11.383351      
90     130    220    -0.377232           -1692.461588        -1692.084356        0.103269       0.089293       -0.001148      -0.101411      
90     136    226    -1.200107           -1730.874386        -1729.674279        0.174515       0.185567       0.19549        18.51608       
90     138    228    -0.247144           -1742.580138        -1742.332994        0.159782       0.206362       0.214336       20.698637      
90     192    282    -0.466067           -1923.186547        -1922.72048         0.063644       0.040914       0.029618       4.046158       
90     194    284    -0.307304           -1924.041826        -1923.734522        0.076251       0.054433       0.063592       8.956773       
92     130    222    -0.390686           -1698.09842         -1697.707734        0.110742       0.087765       -0.000665      -0.061343      
92     132    224    -2.54464            -1712.38438         -1709.83974         0.15531        0.128166       -0.004215      -0.389775      
92     136    228    -0.867584           -1739.50665         -1738.639066        0.181918       0.196058       0.21876        21.144496      
92     138    230    -0.0494             -1752.486629        -1752.437229        0.163463       0.221199       0.23298        22.908493      
92     192    284    -0.545621           -1951.718877        -1951.173256        0.080676       0.039814       -0.001789      -0.253076      
92     194    286    -0.70594            -1953.113439        -1952.407499        0.092279       0.045508       -0.035758      -5.116091      
92     196    288    -0.379279           -1954.204898        -1953.825619        0.092521       0.045314       0.079225       11.623366      
94     130    224    -1.583094           -1702.283575        -1700.700481        0.121546       0.082897       0.001194       0.109643       
94     132    226    -3.259727           -1717.312765        -1714.053038        0.159854       0.116824       -0.058767      -5.446648      
94     136    230    -0.332308           -1746.041849        -1745.709541        0.182428       0.206757       0.237577       23.428677      
94     188    282    -0.309883           -1972.656953        -1972.34707         0.05622        0.023434       -0.00054       -0.074351      
94     190    284    -1.694044           -1975.77819         -1974.084146        0.095004       0.049568       -0.0           -1e-06         
94     192    286    -2.175624           -1978.373821        -1976.198197        0.114736       0.061209       -0.04499       -6.332799      
94     194    288    -1.780668           -1980.353995        -1978.573327        0.125928       0.068295       0.075949       10.965473      
94     196    290    -0.955208           -1981.881286        -1980.926078        0.134704       0.082954       0.093198       13.725063      
94     198    292    -0.455325           -1983.501268        -1983.045943        0.169085       0.148331       0.112078       16.796434      
96     128    224    -0.59739            -1688.324544        -1687.727154        0.0776         0.035385       -0.00068       -0.062198      
96     130    226    -3.109547           -1704.843251        -1701.733704        0.134792       0.08212        -0.022735      -2.090572      
96     132    228    -3.240768           -1720.793898        -1717.55313         0.166479       0.108106       0.254149       24.648774      
96     134    230    -0.985298           -1735.530639        -1734.545341        0.193389       0.151393       0.253473       24.988543      
96     186    282    -0.076128           -1991.731419        -1991.655291        0.037369       0.007736       -0.0           -0.0           
96     188    284    -1.871556           -1995.803692        -1993.932136        0.098629       0.047162       -0.0           -1e-06         
96     190    286    -3.212173           -1999.998726        -1996.786553        0.124333       0.065421       -0.050453      -7.036175      
96     192    288    -3.641795           -2003.472857        -1999.831062        0.1413         0.075766       0.080071       11.479196      
96     194    290    -2.933006           -2006.16595         -2003.232944        0.154284       0.085578       0.099836       14.590291      
96     196    292    -1.948681           -2008.365244        -2006.416563        0.167222       0.10295        0.118512       17.648724      
96     198    294    -0.738562           -2010.415456        -2009.676894        0.185468       0.141132       0.170429       25.8536        
98     126    224    -0.127862           -1670.879645        -1670.751783        0.044158       0.007604       -0.0           -0.0           
98     128    226    -1.386108           -1687.923809        -1686.537701        0.105359       0.043982       0.0            1e-06          
98     130    228    -3.320692           -1705.365536        -1702.044844        0.148692       0.083909       -0.072395      -6.767022      
98     132    230    -2.771522           -1722.398068        -1719.626546        0.178246       0.109384       0.286222       28.332228      
98     134    232    -0.897409           -1738.137436        -1737.240027        0.201054       0.1454         0.27338        27.418389      
98     186    284    -0.786622           -2012.147216        -2011.360594        0.081967       0.025132       -0.0           -1e-06         
98     188    286    -2.771411           -2017.010077        -2014.238666        0.117794       0.052339       -0.0           -4e-06         
98     190    288    -3.733164           -2022.018161        -2018.284997        0.142079       0.071315       -0.063625      -9.001665      
98     192    290    -4.024558           -2026.332386        -2022.307828        0.158262       0.082296       0.098666       14.326189      
98     194    292    -3.123718           -2029.767643        -2026.643925        0.172565       0.094329       0.119987       17.754135      
98     196    294    -1.867603           -2032.675918        -2030.808315        0.19           0.11744        0.14629        22.058038      
98     198    296    -0.742394           -2035.591402        -2034.849008        0.203473       0.151673       0.171966       26.417402      
98     232    330    -0.001086           -2063.123657        -2063.122571        0.02045        -0.157855      -0.160665      -30.091182     
98     234    332    -0.003145           -2063.48078         -2063.477635        0.020995       -0.155181      -0.158233      -29.978777     
98     236    334    -0.004634           -2063.673587        -2063.668953        0.019822       -0.151998      -0.154826      -29.660847     
98     238    336    -0.002444           -2063.674983        -2063.672539        0.016156       -0.148155      -0.149965      -29.038017     
98     262    360    -0.793298           -2051.999736        -2051.206438        0.073025       0.029274       0.023831       5.106752       
100    126    226    -0.424707           -1667.839364        -1667.414657        0.072548       0.01615        -0.0           -0.0           
100    128    228    -1.677685           -1685.731214        -1684.053529        0.114841       0.040752       0.0            0.0            
100    130    230    -2.771575           -1704.028309        -1701.256734        0.161825       0.087002       -0.283545      -28.38208      
100    132    232    -2.330676           -1722.140088        -1719.809412        0.190709       0.113667       0.30972        31.276294      
100    134    234    -0.818346           -1738.946877        -1738.128531        0.208577       0.148215       0.287412       29.332798      
100    184    284    -0.188844           -2025.615832        -2025.426988        0.054462       0.006971       -0.0           -0.0           
100    186    286    -1.116535           -2030.961859        -2029.845324        0.094739       0.025149       -0.0           -1e-06         
100    188    288    -2.763217           -2036.392677        -2033.62946         0.128262       0.052051       -0.043307      -6.063097      
100    194    294    -2.884498           -2051.460609        -2048.576111        0.186579       0.100605       0.136991       20.538006      
100    196    296    -1.508376           -2055.125996        -2053.61762         0.204291       0.128259       0.160486       24.48813       
100    198    298    -0.515849           -2058.903528        -2058.387679        0.210811       0.16452        0.176806       27.428457      
100    234    334    -0.011277           -2095.594121        -2095.582844        0.031339       -0.158754      -0.165145      -31.509579     
100    236    336    -0.010799           -2096.234421        -2096.223622        0.030043       -0.155621      -0.161708      -31.196085     
100    238    338    -0.009771           -2096.642741        -2096.63297         0.027179       -0.151718      -0.156953      -30.607105     
100    240    340    -0.001043           -2096.783183        -2096.78214         0.021983       -0.146885      -0.150541      -29.676456     
100    242    342    -0.000629           -2096.698372        -2096.697743        0.010001       -0.141499      -0.142317      -28.355001     
100    250    350    -0.003381           -2095.091151        -2095.08777         0.010548       -0.087248      -0.08959       -18.480285     
100    260    360    -0.184675           -2091.305894        -2091.121219        0.046854       0.007827       -5.5e-05       -0.038802      
100    262    362    -1.21341            -2088.672406        -2087.458996        0.085882       0.031951       -0.001678      -0.401086      
100    264    364    -2.059658           -2086.61799         -2084.558332        0.110054       0.055801       0.060952       13.490335      
102    128    230    -1.473653           -1681.824847        -1680.351194        0.11509        0.032841       -0.003024      -0.288046      
102    130    232    -1.761533           -1701.055304        -1699.293771        0.170638       0.088942       -0.283088      -28.752601     
102    132    234    -1.607191           -1720.092481        -1718.48529         0.19753        0.113566       43.612294      0.0            
102    134    236    -0.132561           -1737.713969        -1737.581408        0.206996       0.155933       0.319665       33.329837      
102    182    284    -0.047426           -2034.515975        -2034.468549        0.025211       0.002086       -0.0           -4.2e-05       
102    184    286    -0.253174           -2042.340268        -2042.087094        0.061864       0.004652       -0.0           -1e-06         
102    186    288    -1.095947           -2048.214804        -2047.118857        0.097038       0.019704       -0.0           -2e-06         
102    188    290    -2.492248           -2054.179444        -2051.687196        0.133957       0.050871       -0.048785      -6.923159      
102    190    292    -3.738302           -2060.710007        -2056.971705        0.163364       0.076892       -0.074904      -10.892002     
102    192    294    -3.637289           -2066.557056        -2062.919767        0.181094       0.088744       0.124613       18.565439      
102    194    296    -2.576055           -2071.416316        -2068.840261        0.192823       0.099186       0.153732       23.314831      
102    196    298    -0.955986           -2075.60762         -2074.651634        0.207625       0.12604        0.17382        26.79556       
102    214    316    -0.004081           -2113.097516        -2113.093435        0.073386       0.256546       0.244799       42.289108      
102    226    328    -0.001332           -2124.463577        -2124.462245        0.075305       0.245719       0.231432       42.897384      
102    228    330    -0.007617           -2125.316867        -2125.30925         0.07417        0.24162        0.227126       42.571708      
102    230    332    -0.006093           -2125.947457        -2125.941364        0.072768       0.236556       0.22174        42.012739      
102    232    334    -0.001393           -2126.321548        -2126.320155        0.07043        0.229301       0.214986       41.159595      
102    234    336    -0.004362           -2126.488439        -2126.484077        0.054965       0.210733       0.203587       39.356477      
102    240    342    -0.009237           -2128.667971        -2128.658734        0.028114       -0.14918       -0.154861      -30.735446     
102    242    344    -0.000288           -2128.956734        -2128.956446        0.018677       -0.143498      -0.146228      -29.332671     
102    260    362    -0.280629           -2126.343869        -2126.06324         0.057123       0.008952       0.000764       0.148908       
102    262    364    -1.274125           -2124.000752        -2122.726627        0.090567       0.030358       0.001508       0.306951       
102    264    366    -2.220276           -2122.440205        -2120.219929        0.117433       0.056465       0.064028       14.297955      
104    182    286    -0.015552           -2049.494918        -2049.479366        0.015573       -0.000696      -0.0           -4.9e-05       
104    184    288    -0.186201           -2057.772304        -2057.586103        0.057882       -0.000327      -0.0           -1e-06         
104    186    290    -0.86312            -2064.117832        -2063.254712        0.091942       0.01015        -0.0           -2e-06         
104    188    292    -2.114652           -2070.553451        -2068.438799        0.135922       0.047787       -0.049337      -7.08592       
104    190    294    -2.662611           -2077.691404        -2075.028793        0.167797       0.075175       56.489883      0.0            
104    192    296    -2.500056           -2084.171238        -2081.671182        0.180463       0.083256       55.252331      0.0            
104    194    298    -1.685835           -2089.661268        -2087.975433        0.191639       0.090859       53.222435      0.0            
104    196    300    -0.33613            -2094.339316        -2094.003186        0.206287       0.11591        51.837045      0.0            
104    212    316    -0.002782           -2134.451956        -2134.449174        0.07128        0.250278       0.238245       40.984686      
104    214    318    -0.014809           -2138.136128        -2138.121319        0.075135       0.25532        0.242536       42.190115      
104    216    320    -0.018031           -2141.57777         -2141.559739        0.077447       0.258559       0.245345       43.16566       
104    236    340    -0.028148           -2157.126293        -2157.098145        0.054067       0.188113       0.177272       34.737884      
104    238    342    -0.018722           -2158.226085        -2158.207363        0.036468       -0.155581      -0.164266      -32.460491     
104    240    344    -0.012517           -2159.149763        -2159.137246        0.031497       -0.150337      -0.157226      -31.401492     
104    260    364    -0.243401           -2160.243869        -2160.000468        0.056657       0.006647       0.001228       0.257855       
104    262    366    -1.144912           -2158.161333        -2157.016421        0.091457       0.026831       0.004313       0.935065       
104    264    368    -2.217245           -2157.001685        -2154.78444         0.120636       0.053929       0.063724       14.321757      
106    184    290    -0.05924            -2071.978184        -2071.918944        0.042158       -0.00283       -0.0           -1e-06         
106    186    292    -0.569324           -2078.780716        -2078.211392        0.084463       0.004505       -0.0           -1e-06         
106    188    294    -0.492404           -2085.669365        -2085.176961        0.132985       0.041797       60.952168      0.0            
106    190    296    -0.700302           -2093.304656        -2092.604354        0.165539       0.068518       59.865907      0.0            
106    192    298    -0.581586           -2100.372727        -2099.791141        0.180438       0.076852       59.009121      0.0            
106    212    318    -0.002642           -2157.284922        -2157.28228         0.071383       0.245655       0.233066       40.472097      
106    214    320    -0.012785           -2161.436042        -2161.423257        0.074252       0.248969       0.235642       41.388155      
106    216    322    -0.02038            -2165.335124        -2165.314744        0.07653        0.251936       0.238071       42.276464      
106    234    340    -0.009277           -2185.529891        -2185.520614        0.055045       0.208115       0.199415       39.008934      
106    236    342    -0.026892           -2186.452935        -2186.426043        0.054772       0.18889        0.177018       34.915384      
106    260    366    -0.149018           -2193.059885        -2192.910867        0.049282       0.004559       0.001301       0.27994        
106    262    368    -0.933646           -2191.244489        -2190.310843        0.08988        0.022836       0.005147       1.131348       
106    264    370    -2.158218           -2190.412898        -2188.25468         0.12102        0.049253       0.059368       13.408261      
108    186    294    0.035801            -2092.250195        -2092.285996        0.065228       -0.000876      63.491143      0.0            
108    212    320    -0.012494           -2178.232938        -2178.220444        0.072838       0.245283       0.231876       40.613845      
108    214    322    -0.021878           -2182.985688        -2182.96381         0.074531       0.245755       0.231706       41.043852      
108    216    324    -0.021529           -2187.463508        -2187.441979        0.075882       0.246477       0.232072       41.554022      
108    242    350    -0.123464           -2218.987783        -2218.864319        0.173818       0.404045       81.613406      0.0            
108    244    352    0.005127            -2220.35398         -2220.359107        0.174226       0.404732       82.702185      0.0            
108    246    354    0.003677            -2221.566398        -2221.570075        0.173993       0.40522        83.862448      0.0            
108    248    356    0.004581            -2222.586747        -2222.591328        0.173242       0.405611       85.030029      0.0            
108    262    370    -0.657389           -2223.256503        -2222.599114        0.085212       0.020007       0.004027       0.894609       
108    264    372    -1.61429            -2222.761534        -2221.147244        0.119832       0.04472        89.456068      0.0            
108    266    374    -1.869645           -2222.170281        -2220.300636        0.135754       0.055145       89.296015      0.0            
108    268    376    -1.743912           -2221.100064        -2219.356152        0.146629       0.062301       89.098177      0.0            
108    270    378    -1.313258           -2219.619278        -2218.30602         0.159546       0.080086       88.847765      0.0            
108    272    380    -0.463845           -2218.004981        -2217.541136        0.169796       0.094384       0.347231       86.5241        
110    198    308    0.046122            -2153.27292         -2153.319042        0.023393       0.36688        61.480861      0.0            
110    200    310    -0.009644           -2160.078499        -2160.068855        0.130634       0.371167       60.041691      0.0            
110    214    324    -0.012095           -2202.943741        -2202.931646        0.076647       0.248469       0.233867       41.788572      
110    244    354    0.007934            -2247.716331        -2247.724265        0.179277       0.412367       84.819301      0.0            
110    246    356    0.014196            -2249.41644         -2249.430636        0.179946       0.410782       85.451398      0.0            
110    248    358    0.025322            -2250.935298        -2250.96062         0.179981       0.410097       86.315526      0.0            
110    250    360    0.02132             -2252.188135        -2252.209455        0.178614       0.409652       87.302176      0.0            
110    252    362    0.031727            -2253.072294        -2253.104021        0.032431       0.388089       88.268893      0.0            
110    262    372    -0.300046           -2254.180944        -2253.880898        0.073177       0.018169       0.002574       0.580423       
110    264    374    -0.987002           -2254.036821        -2253.049819        0.116907       0.041849       90.096075      0.0            
110    266    376    -1.267571           -2253.840966        -2252.573395        0.133817       0.050541       89.850875      0.0            
110    268    378    -1.202767           -2253.193226        -2251.990459        0.144885       0.054279       89.419701      0.0            
110    270    380    -0.69665            -2252.00446         -2251.30781         0.153669       0.055072       88.909042      0.0            
110    276    386    -0.000369           -2248.870811        -2248.870442        0.032631       0.339664       0.338519       86.392946      
112    158    270    -0.004988           -1943.225656        -1943.220668        0.071374       0.246622       0.233857       30.132061      
112    194    306    0.087944            -2151.790507        -2151.878451        0.085697       0.394821       64.827567      0.0            
112    200    312    0.014466            -2175.162754        -2175.17722         0.137577       0.381964       62.6688        0.0            
112    214    326    0.001089            -2221.481678        -2221.482767        0.079824       0.256413       0.241622       43.533538      
112    248    360    0.026337            -2277.596032        -2277.622369        0.18149        0.419567       89.181372      0.0            
112    250    362    0.03369             -2279.305667        -2279.339357        0.065958       0.397515       89.662954      0.0            
112    264    376    -0.82601            -2284.201842        -2283.375832        0.110885       0.041056       91.352373      0.0            
112    266    378    -1.099291           -2284.396129        -2283.296838        0.130005       0.048448       90.866377      0.0            
112    268    380    -1.073714           -2284.181811        -2283.108097        0.14203        0.050321       90.080053      0.0            
112    270    382    -0.617519           -2283.445059        -2282.82754         0.151228       0.046481       89.235122      0.0            
114    240    354    -0.00028            -2294.56308         -2294.5628          0.025872       0.152426       0.147716       30.542863      
114    242    356    -0.000762           -2297.078478        -2297.077716        0.022219       0.138719       0.134453       28.028068      
114    244    358    -0.001289           -2299.40844         -2299.407151        0.017376       0.127158       0.124045       26.071948      
114    264    378    -0.917552           -2313.252519        -2312.334967        0.100402       0.041889       93.25518       0.0            
114    266    380    -1.134327           -2313.790952        -2312.656625        0.12304        0.048708       92.54155       0.0            
114    268    382    -1.126007           -2313.980519        -2312.854512        0.136834       0.049739       91.46022       0.0            
114    270    384    -0.715894           -2313.675426        -2312.959532        0.147372       0.044644       90.308682      0.0            
114    278    392    -0.007411           -2312.328995        -2312.321584        0.119008       0.304496       0.280965       72.068264      
116    162    278    -0.054838           -1975.028537        -1974.973699        0.069129       0.224586       0.209109       28.221162      
116    164    280    -0.004911           -1991.417532        -1991.412621        0.065003       0.216228       0.200117       27.307755      
116    168    284    -0.006141           -2021.049832        -2021.043691        0.063774       0.198074       0.178533       24.814674      
116    170    286    -0.005981           -2035.038682        -2035.032701        0.060104       0.182039       73.056425      0.0            
116    190    306    0.903855            -2153.103602        -2154.007457        0.119886       0.06014        72.783089      0.0            
116    194    310    0.085451            -2173.56568         -2173.651131        0.234885       0.445632       70.345134      0.0            
116    196    312    2.290053            -2180.672434        -2182.962487        0.172019       0.040546       69.651349      0.0            
116    198    314    2.415678            -2189.407814        -2191.823492        0.180972       0.002157       69.029351      0.0            
116    214    330    0.032775            -2253.993462        -2254.026237        0.028437       0.249178       0.247535       45.41711       
116    236    352    -0.000292           -2310.795494        -2310.795202        0.027412       0.174431       0.170486       34.871792      
116    240    356    -0.00057            -2316.98213         -2316.98156         0.023223       0.149021       0.145042       30.152742      
116    242    358    -0.000872           -2319.999929        -2319.999057        0.021107       0.13413        0.12994        27.20824       
116    264    380    -1.108238           -2341.169207        -2340.060969        0.089979       0.042902       -0.028849      -6.67533       
116    266    382    -1.533395           -2342.026221        -2340.492826        0.113456       0.050094       94.854033      0.0            
116    268    384    -1.532468           -2342.588506        -2341.056038        0.128379       0.051224       92.917719      0.0            
116    270    386    -1.119873           -2342.672822        -2341.552949        0.139723       0.046697       91.033379      0.0            
116    272    388    -0.162341           -2342.346181        -2342.18384         0.154613       0.025406       0.349995       89.264414      
116    280    396    -0.01698            -2342.606931        -2342.589951        0.117536       0.305104       0.282771       73.586023      
116    282    398    -2e-05              -2342.364352        -2342.364332        0.113788       0.298416       0.276369       72.560847      
116    292    408    -0.00141            -2340.452552        -2340.451142        0.023777       0.22747        0.225873       61.844408      
116    298    414    -0.025345           -2337.276525        -2337.25118         0.085761       0.243788       0.226569       63.845243      
116    300    416    -0.024319           -2335.7849          -2335.760581        0.085312       0.24344        0.226475       64.421279      
118    162    280    -0.000364           -1972.157095        -1972.156731        0.059629       0.227843       0.216125       29.509821      
118    164    282    -0.003719           -1989.176282        -1989.172563        0.062172       0.218002       0.203677       28.12644       
118    166    284    0.447851            -2005.022006        -2005.469857        0.062469       0.206252       73.661441      0.0            
118    188    306    -0.336416           -2150.578741        -2150.242325        0.068969       0.038036       -0.000138      -0.021261      
118    190    308    -1.038229           -2161.197726        -2160.159497        0.114714       0.059067       -0.059035      -9.244385      
118    192    310    0.899915            -2171.555587        -2172.455502        0.136663       0.06526        76.234563      0.0            
118    194    312    1.239266            -2181.341614        -2182.58088         0.149477       0.064222       73.977448      0.0            
118    196    314    1.986514            -2190.414961        -2192.401475        0.158919       0.051459       72.915786      0.0            
118    200    318    0.068366            -2210.66362         -2210.731986        0.189271       0.424948       71.33078       0.0            
118    204    322    -0.016053           -2227.781925        -2227.765872        0.118127       0.317319       0.294913       52.157631      
118    210    328    0.035048            -2252.652415        -2252.687463        0.01661        0.259638       0.259555       47.137196      
118    212    330    0.037592            -2260.474498        -2260.51209         0.0238         0.252202       0.251373       46.098935      
118    238    356    -0.00022            -2333.755596        -2333.755376        0.019921       0.163535       0.16118        33.515023      
118    264    382    -1.390931           -2367.80399         -2366.413059        0.087413       0.042936       -0.02779       -6.448142      
118    266    384    -1.789073           -2369.047798        -2367.258725        0.107068       0.05042        -0.047587      -11.22611      
118    268    386    -2.139743           -2369.997403        -2367.85766         0.12041        0.05234        95.756835      0.0            
118    270    388    -1.698512           -2370.410495        -2368.711983        0.133943       0.044651       90.455137      0.0            
118    272    390    -0.781916           -2370.525851        -2369.743935        0.140533       0.03809        0.33682        86.10295       
118    274    392    -0.040252           -2370.578081        -2370.537829        0.156611       0.006882       0.325128       83.663004      
118    280    398    -0.017603           -2371.964465        -2371.946862        0.114486       0.307549       0.288976       75.689816      
118    282    400    -0.017501           -2372.083519        -2372.066018        0.110886       0.30177        0.283625       74.928731      
118    284    402    -0.010339           -2372.04315         -2372.032811        0.106437       0.294703       0.275085       73.267871      
118    288    406    -0.003007           -2371.806055        -2371.803048        0.09523        0.249535       0.227244       61.315389      
118    290    408    -0.000127           -2371.754396        -2371.754269        0.091055       0.245438       0.224886       61.242821      
118    292    410    -0.032288           -2371.57341         -2371.541122        0.08685        0.242743       0.224205       61.63523       
118    296    414    -0.01872            -2370.513432        -2370.494712        0.08611        0.241624       0.223466       62.606851      
118    298    416    -0.015886           -2369.615791        -2369.599905        0.085605       0.241067       0.223144       63.100983      
118    300    418    -0.010559           -2368.507424        -2368.496865        0.084774       0.240255       0.222653       63.544105      
120    166    286    -0.00198            -2003.872887        -2003.870907        0.118599       -0.377432      -59.631392     0.0            
120    188    308    -0.499197           -2156.489244        -2155.990047        0.083016       0.038066       -0.181103      -28.907433     
120    190    310    -0.870213           -2167.71263         -2166.842417        0.117237       0.054688       -0.186089      -30.083405     
120    192    312    -1.411209           -2178.69901         -2177.287801        0.135737       0.061166       -0.189874      -31.075253     
120    194    314    -1.30849            -2189.11032         -2187.80183         0.146407       0.061186       -65.044556     0.0            
120    196    316    -0.184415           -2198.827144        -2198.642729        0.151524       0.053811       -66.704998     0.0            
120    200    320    0.056118            -2219.856132        -2219.91225         0.183519       0.436421       74.998909      0.0            
120    208    328    0.052544            -2255.753332        -2255.805876        0.028558       0.277815       0.276668       50.353197      
120    210    330    0.051064            -2264.317535        -2264.368599        0.036624       0.26592        0.263708       48.379929      
120    262    382    -0.455487           -2391.262576        -2390.807089        0.064386       0.026578       -0.000729      -0.169483      
120    264    384    -1.691161           -2392.961625        -2391.270464        0.091868       0.041974       -0.005271      -1.23632       
120    266    386    -2.185146           -2394.675742        -2392.490596        0.10763        0.049217       -0.048164      -11.457989     
120    268    388    -2.684624           -2396.011944        -2393.32732         0.122771       0.046378       -0.063192      -15.238437     
120    270    390    -2.055904           -2396.937446        -2394.881542        0.129871       0.044655       0.342268       87.236257      
120    272    392    -1.234646           -2397.453866        -2396.21922         0.131201       0.042675       0.327506       84.025244      
120    274    394    -0.232939           -2397.634095        -2397.401156        0.144341       0.015019       0.318148       82.20993       
120    282    402    -0.008487           -2400.515789        -2400.507302        0.10192        0.300363       0.284989       75.787994      
120    284    404    -0.005115           -2400.865543        -2400.860428        0.096057       0.293509       0.279192       74.872927      
120    286    406    -0.000243           -2401.029901        -2401.029658        0.090355       0.284904       0.271425       73.389708      
120    288    408    -0.00206            -2401.035436        -2401.033376        0.094081       0.256767       0.237233       64.373996      
120    290    410    -0.003529           -2401.312309        -2401.30878         0.016385       0.225011       0.224155       61.303898      
120    298    418    -0.00543            -2400.757351        -2400.751921        0.084825       0.237152       0.21862        62.064892      
14     2      16     -0.101439           21.71766            21.819099           1.9e-05        -0.371886      -0.315348      -1.305225      
56     86     142    -0.219272           -1180.151054        -1179.931782        0.087163       0.135836       0.124737       5.372975       
56     88     144    -0.552157           -1189.674428        -1189.122271        0.139712       0.176107       0.166089       7.415349       
58     86     144    -0.49824            -1197.822865        -1197.324625        0.107339       0.133607       0.119996       5.279897       
58     88     146    -0.904392           -1208.574678        -1207.670286        0.160906       0.17812        0.168237       7.695547       
60     86     146    -0.74466            -1213.320354        -1212.575694        0.116257       0.118612       0.100658       4.520626       
64     130    194    -0.382353           -1434.665608        -1434.283255        0.065724       0.048881       0.023737       1.71948        
70     90     160    -0.003211           -1295.393696        -1295.390485        0.069908       0.238281       0.223817       11.928999      
70     92     162    -0.010882           -1313.091734        -1313.080852        0.0835         0.272484       0.257353       14.101143      
72     92     164    -0.009223           -1319.83267         -1319.823447        0.068973       0.250199       0.237663       13.224168      
74     92     166    -0.003104           -1324.610328        -1324.607224        0.067903       0.229731       0.214504       12.113684      
74     94     168    -0.00707            -1343.690179        -1343.683109        0.074176       0.273802       0.262832       15.335689      
78     134    212    -0.814949           -1631.05014         -1630.235191        0.10252        0.030328       0.061645       5.130055       
78     136    214    -0.932563           -1637.472689        -1636.540126        0.123179       0.007771       -0.082684      -7.040413      
80     132    212    -0.253434           -1645.256454        -1645.00302         0.059287       0.023349       0.0            0.0            
82     132    214    -0.196942           -1663.701735        -1663.504793        0.055648       0.015264       -0.0           -0.0           
84     132    216    -0.57646            -1676.051443        -1675.474983        0.070074       0.037281       0.002341       0.195172       
86     132    218    -0.595682           -1687.300499        -1686.704817        0.090138       0.081609       0.073404       6.356737       
86     134    220    -0.200857           -1697.30476         -1697.103903        0.116458       0.117004       0.11015        9.832549       
88     132    220    -1.417197           -1697.537887        -1696.12069         0.127291       0.116552       0.089145       7.912505       
88     134    222    -1.483146           -1709.105097        -1707.621951        0.150751       0.14946        0.134149       12.212041      
90     132    222    -2.298434           -1705.906353        -1703.607919        0.145058       0.128245       0.084032       7.591584       
90     134    224    -2.279755           -1718.668817        -1716.389062        0.166749       0.162277       0.16198        15.029085      
92     134    226    -2.081133           -1726.116201        -1724.035068        0.177776       0.167774       0.191967       18.186193      
94     134    228    -1.426989           -1731.581909        -1730.15492         0.185023       0.165323       0.224677       21.744543      
100    190    290    -3.856564           -2042.160828        -2038.304264        0.154751       0.074921       -0.070209      -10.076098     
100    192    292    -3.881056           -2047.277648        -2043.396592        0.171162       0.086885       0.112749       16.590623      
104    134    238    -2.513644           -1736.103523        -1733.589879        -1.3e-05       0.372937       -0.297964      -31.77283      
106    194    300    -1.839205           -2106.576697        -2104.737492        0.000294       0.362787       0.216712       33.666718      
106    238    344    -0.289947           -2187.611739        -2187.321792        0.000113       0.369913       0.157736       31.333843      
106    240    346    -0.43062            -2188.711144        -2188.280524        6.8e-05        0.371569       -0.157504      -31.645776     
106    242    348    -0.272342           -2189.687935        -2189.415593        -6.4e-05       0.374097       -0.147496      -29.946935     
108    188    296    -2.124503           -2100.40052         -2098.276017        -0.000377      0.399384       -0.126456      -18.873528     
108    190    298    -2.861511           -2108.351298        -2105.489787        0.000353       0.391795       -0.12726       -19.22191      
108    192    300    -3.400095           -2116.049305        -2112.64921         -1.4e-05       0.383434       0.138661       21.197718      
108    194    302    -4.728031           -2123.496601        -2118.76857         -4.2e-05       0.375119       -0.202321      -31.638438     
108    196    304    -5.268399           -2130.475352        -2125.206953        1.2e-05        0.366828       -0.298261      -48.641916     
108    198    306    -5.266609           -2137.026466        -2131.759857        5e-05          0.354683       -0.295359      -48.710084     
110    188    298    -2.295387           -2113.698604        -2111.403217        0.000318       0.404851       -0.0           -0.0           
110    190    300    -3.189045           -2122.251912        -2119.062867        0.000199       0.397861       -0.123683      -18.852842     
110    192    302    -4.04071            -2130.540193        -2126.499483        2.3e-05        0.390485       0.114532       17.6079        
110    194    304    -3.947407           -2138.551826        -2134.604419        -3.1e-05       0.382114       0.148832       23.266946      
110    196    306    -5.534289           -2146.150327        -2140.616038        5.7e-05        0.374744       -0.339431      -56.762502     
112    188    300    -1.553316           -2125.083802        -2123.530486        0.001422       0.411954       0.0            3e-06          
112    190    302    -2.826782           -2134.271754        -2131.444972        -4.2e-05       0.403658       -0.065134      -9.995711      
112    192    304    -3.811259           -2143.202065        -2139.390806        2.6e-05        0.396381       -0.121875      -18.963844     
112    196    308    -4.092431           -2160.016768        -2155.924337        4.5e-05        0.381162       0.138061       22.029869      
112    198    310    -5.959295           -2167.794328        -2161.835033        -6e-06         0.374023       -0.23374       -38.459343     
114    190    304    -2.047296           -2144.675194        -2142.627898        3.4e-05        0.414843       -0.058479      -9.060745      
114    192    306    -3.138695           -2154.182243        -2151.043548        -0.000483      0.405923       -0.113711      -17.851114     
114    194    308    -3.888724           -2163.382802        -2159.494078        -0.0           0.39858        0.098311       15.566774      
114    196    310    -3.942331           -2172.146306        -2168.203975        -3.6e-05       0.391644       0.114195       18.333648      
114    198    312    -3.850902           -2180.488102        -2176.6372          4.6e-05        0.383914       0.127098       20.690916      
114    272    386    -1.745326           -2313.237506        -2311.49218         -8e-06         0.350293       0.097366       23.619394      
116    192    308    -2.477674           -2163.847669        -2161.369995        -0.000355      0.420139       -0.104604      -16.557142     
118    198    316    -1.664595           -2199.755531        -2198.090936        4.6e-05        -0.370947      0.093904       15.465522      
120    198    318    -2.408039           -2209.088913        -2206.680874        -5.5e-05       -0.377274      -0.199823      -33.917528     
