Z      N      A      Binding_Energy_(MeV)    Q20_total (b)  beta3_total    fileID    Convergence    
4      6      10     -71.624639              0.001354       0.0            14        YES            
6      4      10     -67.276437              0.00062        0.0            30        YES            
18     12     30     -215.218461             0.004538       0.0            51        YES            
24     18     42     -321.709321             0.000889       0.0            61        YES            
54     72     126    -1063.490702            5.365089       0.0            84        YES            
56     66     122    -1014.267804            8.947918       0.0            102       YES            
64     90     154    -1265.413885            14.158218      0.0            114       YES            
66     90     156    -1276.608533            14.1136        0.0            132       YES            
68     154    222    -1524.42672             28.301584      0.0            149       YES            
70     88     158    -1274.618863            9.129115       0.0            165       YES            
70     148    218    -1555.893063            24.762093      0.0            182       YES            
72     90     162    -1298.508751            10.37109       0.0            199       YES            
74     88     162    -1282.151847            6.666142       0.0            214       YES            
76     90     166    -1304.363937            7.332588       0.0            233       YES            
78     140    218    -1652.280933            8.893569       0.0            252       YES            
78     160    238    -1698.746602            -15.819579     0.0            256       YES            
84     162    246    -1785.124031            -10.63232      0.0            275       YES            
86     158    244    -1796.8543              18.442718      0.0            306       YES            
86     200    286    -1857.442647            16.897462      0.0            316       YES            
86     202    288    -1856.543234            18.903028      0.0            333       YES            
88     112    200    -1528.94297             13.006286      0.0            352       YES            
88     132    220    -1694.646369            9.197042       0.0            373       YES            
88     134    222    -1706.635175            12.003664      0.0            390       YES            
88     136    224    -1718.205295            14.163015      0.0            408       YES            
88     138    226    -1729.386798            16.068386      0.0            424       YES            
88     140    228    -1740.178794            17.772604      0.0            441       YES            
88     154    242    -1803.308388            22.754148      0.0            459       YES            
88     162    250    -1830.611924            19.983504      0.0            476       YES            
88     170    258    -1853.341996            13.890878      0.0            491       YES            
88     194    282    -1890.169184            12.335674      0.0            504       YES            
88     196    284    -1890.685145            16.361486      0.0            520       YES            
88     198    286    -1890.954203            19.119944      0.0            537       YES            
88     200    288    -1891.037112            21.483249      0.0            554       YES            
88     202    290    -1890.940635            23.550058      0.0            571       YES            
90     132    222    -1701.601285            11.635338      0.0            595       YES            
90     134    224    -1714.764867            14.586868      0.0            611       YES            
90     136    226    -1727.608685            17.171149      0.0            628       YES            
90     138    228    -1740.096907            19.432774      0.0            645       YES            
90     156    246    -1829.012489            25.268808      0.0            663       YES            
90     158    248    -1836.637656            24.617566      0.0            680       YES            
90     194    284    -1919.668616            15.679076      0.0            691       YES            
90     196    286    -1920.93949             19.809434      0.0            707       YES            
90     198    288    -1922.04109             23.042951      0.0            724       YES            
90     200    290    -1923.004657            25.757415      0.0            741       YES            
90     202    292    -1923.72882             27.990691      0.0            758       YES            
92     120    212    -1606.371671            -9.059647      0.0            766       YES            
92     130    222    -1692.388961            8.215604       0.0            799       YES            
92     132    224    -1707.019154            13.932045      0.0            816       YES            
92     134    226    -1721.420221            17.434681      0.0            832       YES            
92     136    228    -1735.600846            20.365615      0.0            850       YES            
92     160    252    -1862.007073            26.851073      0.0            867       YES            
92     162    254    -1869.525255            25.815003      0.0            884       YES            
92     164    256    -1876.709761            24.603277      0.0            901       YES            
92     166    258    -1883.584042            23.187363      0.0            917       YES            
92     170    262    -1896.551396            19.231247      0.0            935       YES            
92     192    284    -1945.580915            1e-06          0.0            944       YES            
92     194    286    -1947.605683            19.111399      0.0            962       YES            
92     196    288    -1949.726472            24.246303      0.0            979       YES            
92     198    290    -1951.790027            27.693475      0.0            996       YES            
94     120    214    -1605.21002             -10.596755     0.0            1004      YES            
94     130    224    -1695.263341            10.053516      0.0            1037      YES            
94     132    226    -1711.018003            17.153499      0.0            1054      YES            
94     144    238    -1797.163888            28.281445      0.0            1071      YES            
94     160    254    -1878.738491            30.512865      0.0            1088      YES            
94     162    256    -1886.839369            29.957072      0.0            1105      YES            
94     168    262    -1908.98847             25.743714      0.0            1122      YES            
94     170    264    -1915.805985            22.734836      0.0            1139      YES            
94     192    286    -1971.212575            0.31623        0.0            1146      YES            
94     194    288    -1974.160117            25.76913       0.0            1166      YES            
96     130    226    -1696.708844            12.760996      0.0            1189      YES            
96     158    254    -1884.833769            33.018935      0.0            1207      YES            
96     164    260    -1911.223862            34.334856      0.0            1224      YES            
96     166    262    -1919.207322            34.888157      0.0            1241      YES            
96     192    288    -1995.390303            11.540631      0.0            1251      YES            
96     220    316    -2024.168625            45.891962      0.0            1270      YES            
96     238    334    -2014.199734            54.114179      0.0            1288      YES            
98     160    258    -1907.710566            35.081035      0.0            1309      YES            
98     162    260    -1917.220104            35.861547      0.0            1326      YES            
98     188    286    -2011.175789            0.005353       0.0            1336      YES            
98     190    288    -2014.750891            -0.011797      0.0            1348      YES            
98     192    290    -2018.899568            40.950842      0.0            1377      YES            
98     218    316    -2055.542351            46.147589      0.0            1389      YES            
98     236    334    -2052.138001            56.16853       0.0            1407      YES            
98     246    344    -2043.548615            63.507939      0.0            1424      YES            
100    158    258    -1908.718607            35.189577      0.0            1445      YES            
100    162    262    -1929.69188             36.719168      0.0            1462      YES            
100    188    288    -2031.098627            -0.029005      0.0            1467      YES            
100    190    290    -2035.669443            46.686585      0.0            1495      YES            
100    216    316    -2083.614631            45.469259      0.0            1506      YES            
100    228    328    -2088.142609            51.22153       0.0            1525      YES            
100    230    330    -2088.024347            52.670287      0.0            1544      YES            
100    232    332    -2087.677479            54.028902      0.0            1561      YES            
100    234    334    -2087.151556            55.329327      0.0            1577      YES            
100    236    336    -2086.446564            56.892017      0.0            1594      YES            
100    238    338    -2085.522275            58.51947       0.0            1611      YES            
100    240    340    -2084.437043            60.19076       0.0            1628      YES            
100    242    342    -2083.157362            61.878502      0.0            1645      YES            
100    244    344    -2081.723841            63.503181      0.0            1662      YES            
100    260    360    -2067.40897             0.15863        0.0            1673      YES            
100    262    362    -2064.144759            0.229488       0.0            1689      YES            
100    264    364    -2060.505037            -0.089079      0.0            1707      YES            
102    154    256    -1893.163091            34.377694      0.0            1734      YES            
102    156    258    -1905.825697            34.68175       0.0            1751      YES            
102    174    276    -1997.385587            43.561113      0.0            1768      YES            
102    188    290    -2049.613287            0.029206       0.0            1778      YES            
102    230    332    -2119.343664            50.95768       0.0            1796      YES            
102    232    334    -2119.500444            52.332129      0.0            1815      YES            
102    234    336    -2119.439859            53.848025      0.0            1832      YES            
102    238    340    -2118.738437            57.262036      0.0            1849      YES            
102    242    344    -2117.271186            61.008685      0.0            1866      YES            
102    244    346    -2116.287039            62.955307      0.0            1883      YES            
102    260    362    -2104.516178            0.395514       0.0            1893      YES            
102    262    364    -2101.674365            0.300274       0.0            1911      YES            
102    264    366    -2098.419304            0.330364       0.0            1928      YES            
104    148    252    -1854.68949             33.222534      0.0            1955      YES            
104    154    258    -1898.966822            34.026936      0.0            1972      YES            
104    172    276    -2001.090669            38.902589      0.0            1982      YES            
104    176    280    -2019.341805            42.199146      0.0            2000      YES            
104    192    296    -2080.196969            50.192484      0.0            2017      YES            
104    198    302    -2097.95624             45.888274      0.0            2035      YES            
104    230    334    -2149.23098             48.521172      0.0            2050      YES            
104    232    336    -2149.869578            49.516056      0.0            2067      YES            
104    234    338    -2150.275468            50.943544      0.0            2087      YES            
104    262    366    -2137.937034            0.425521       0.0            2098      YES            
104    264    368    -2135.103601            74.344044      0.0            2121      YES            
106    144    250    -1821.666331            32.323431      0.0            2142      YES            
106    150    256    -1872.410197            33.17919       0.0            2159      YES            
106    166    272    -1980.462173            33.566778      0.0            2169      YES            
106    176    282    -2031.532202            38.47212       0.0            2186      YES            
106    190    296    -2088.665952            -0.00118       0.0            2201      YES            
106    200    306    -2122.663039            45.919398      0.0            2222      YES            
106    202    308    -2128.428772            44.713395      0.0            2239      YES            
106    230    336    -2177.494315            46.491107      0.0            2254      YES            
106    236    342    -2180.159863            48.691863      0.0            2271      YES            
106    238    344    -2180.550375            50.054867      0.0            2291      YES            
106    242    348    -2180.757679            53.095525      0.0            2305      YES            
106    244    350    -2180.586168            55.068516      0.0            2322      YES            
106    264    370    -2170.54596             0.797327       0.0            2336      YES            
108    148    256    -1855.699942            32.798792      0.0            2363      YES            
108    198    306    -2133.678561            52.743487      0.0            2375      YES            
108    200    308    -2140.118342            50.178874      0.0            2392      YES            
108    202    310    -2146.344974            47.422749      0.0            2409      YES            
108    244    352    -2210.314059            48.945057      0.0            2424      YES            
110    156    266    -1921.500555            32.541004      0.0            2448      YES            
110    164    274    -1979.997814            31.465664      0.0            2465      YES            
110    204    314    -2169.176922            38.013215      0.0            2477      YES            
110    232    342    -2230.615045            42.156884      0.0            2492      YES            
112    162    274    -1968.140356            30.645523      0.0            2516      YES            
112    198    310    -2162.091269            26.70336       0.0            2526      YES            
114    192    306    -2149.467582            10.616291      0.0            2543      YES            
114    208    322    -2213.21533             33.884511      0.0            2560      YES            
114    220    334    -2250.328117            37.953035      0.0            2577      YES            
114    244    358    -2291.430215            31.104643      0.0            2594      YES            
116    212    328    -2241.511467            34.535556      0.0            2611      YES            
116    214    330    -2248.384333            35.488226      0.0            2628      YES            
116    228    344    -2288.519744            35.537594      0.0            2648      YES            
116    240    356    -2310.877494            30.782908      0.0            2662      YES            
118    218    336    -2276.273525            36.065219      0.0            2679      YES            
118    236    354    -2324.782147            29.901471      0.0            2699      YES            
118    238    356    -2328.67346             28.521578      0.0            2716      YES            
118    240    358    -2332.279522            27.013409      0.0            2734      YES            
120    232    352    -2332.881534            29.889908      0.0            2747      YES            
120    280    400    -2382.994975            15.655092      0.0            2766      YES            
120    284    404    -2381.636779            23.970238      0.0            2784      YES            
120    286    406    -2381.062692            47.486351      0.0            2801      YES            
120    294    414    -2377.636132            55.431905      0.0            2818      YES            
120    298    418    -2374.906853            56.698361      0.0            2835      YES            
