Z      N      A      E_oct(MeV)          BE_gs(MeV)          BE_control(MeV)     beta3_gs       beta2_gs       beta2_control  delta_beta2    
12     2      14     -0.01362            7.341627            7.355247            0.336636       0.189662       -0.27443       0.464092       
12     14     26     -7.1e-05            -211.292035         -211.291964         0.019353       -0.158872      -0.161269      0.002397       
24     36     60     -0.000114           -510.852326         -510.852212         0.011747       0.065967       0.059303       0.006664       
26     24     50     -0.011418           -417.566223         -417.554805         0.01562        0.216499       0.215462       0.001037       
26     34     60     -0.001137           -523.989962         -523.988825         0.021396       0.136678       0.132563       0.004115       
26     36     62     0.002638            -537.373487         -537.376125         0.017253       0.097106       0.091208       0.005898       
46     36     82     -8.7e-05            -596.794574         -596.794487         0.014418       0.113276       0.110555       0.002721       
52     72     124    -0.000929           -1050.136498        -1050.135569        0.015633       0.140865       0.138692       0.002173       
52     74     126    -0.000218           -1065.757204        -1065.756986        0.01209        0.111804       0.109623       0.002181       
56     56     112    -0.089951           -898.389171         -898.29922          0.103366       0.232054       0.228217       0.003837       
56     78     134    -0.000886           -1127.178223        -1127.177337        0.010601       0.130188       0.129003       0.001185       
56     90     146    -0.189629           -1198.273           -1198.083371        0.103393       0.201646       0.199917       0.001729       
56     118    174    -6e-06              -1275.972999        -1275.972993        0.019988       0.146462       0.143874       0.002588       
58     88     146    -0.365104           -1208.289505        -1207.924401        0.137224       0.191195       0.184592       0.006603       
58     90     148    -0.250943           -1218.516079        -1218.265136        0.126411       0.215967       0.229014       -0.013047      
60     74     134    -6.8e-05            -1111.115174        -1111.115106        0.02763        0.230951       0.228675       0.002276       
60     86     146    -0.232357           -1212.342451        -1212.110094        0.098996       0.145001       0.144542       0.000459       
60     88     148    -0.299658           -1224.728001        -1224.428343        0.113104       0.19098        0.197402       -0.006422      
60     136    196    -0.000658           -1366.571133        -1366.570475        0.042224       0.124147       0.122145       0.002002       
60     138    198    -0.060251           -1366.584412        -1366.524161        0.071964       0.14063        0.133279       0.007351       
60     140    200    -0.05748            -1366.323761        -1366.266281        0.071877       0.145547       0.14225        0.003297       
62     132    194    -0.02952            -1401.849098        -1401.819578        0.041202       0.08254        0.078547       0.003993       
62     134    196    -0.241281           -1402.975937        -1402.734656        0.098068       0.109343       0.095377       0.013966       
62     136    198    -0.353725           -1403.728668        -1403.374943        0.120269       0.125387       0.110305       0.015082       
62     138    200    -0.351997           -1404.202419        -1403.850422        0.130586       0.137662       -0.13518       0.272842       
64     132    196    -0.338469           -1435.837705        -1435.499236        0.090816       0.083613       0.074923       0.00869        
64     134    198    -0.59851            -1437.560768        -1436.962258        0.133725       0.108161       -0.08993       0.198091       
64     136    200    -0.458003           -1438.924648        -1438.466645        0.150716       0.122389       -0.125338      0.247727       
66     88     154    -0.000318           -1262.445251        -1262.444933        0.035223       0.221128       0.216808       0.00432        
66     132    198    -0.375573           -1467.685872        -1467.310299        0.101377       0.083648       0.080007       0.003641       
66     134    200    -0.531619           -1470.073856        -1469.542237        0.14502        0.109062       -0.106554      0.215616       
66     136    202    -0.155461           -1472.105617        -1471.950156        0.159179       0.131479       -0.139896      0.271375       
68     92     160    0.003205            -1304.982659        -1304.985864        0.078908       0.296339       0.286202       0.010137       
68     132    200    -0.171073           -1497.671466        -1497.500393        0.091773       0.088351       0.091946       -0.003595      
68     134    202    -0.177297           -1500.666653        -1500.489356        0.128899       0.124322       0.14035        -0.016028      
70     92     162    -0.005525           -1313.536542        -1313.531017        0.073924       0.269272       0.257223       0.012049       
70     136    206    -0.001349           -1533.821141        -1533.819792        0.035779       0.181641       0.176666       0.004975       
72     92     164    -0.000374           -1320.502102        -1320.501728        0.018872       0.232997       0.231949       0.001048       
72     130    202    -0.001948           -1548.371532        -1548.369584        0.013936       0.064956       0.057856       0.0071         
74     96     170    -0.002903           -1362.73296         -1362.730057        0.071457       0.29959        0.291158       0.008432       
74     98     172    -0.001267           -1380.695042        -1380.693775        0.06213        0.318207       0.312917       0.00529        
74     136    210    -0.001277           -1588.65612         -1588.654843        0.030182       0.162867       0.158013       0.004854       
76     98     174    -0.00181            -1386.558527        -1386.556717        0.056513       0.305836       0.301039       0.004797       
80     96     176    -0.000859           -1371.248561        -1371.247702        0.024005       0.264779       0.263497       0.001282       
86     132    218    -0.240208           -1687.117062        -1686.876854        0.075572       0.108567       0.101571       0.006996       
86     134    220    -0.314583           -1697.454829        -1697.140246        0.099729       0.132535       0.126955       0.00558        
86     136    222    -0.157596           -1707.306188        -1707.148592        0.104441       0.151727       0.148396       0.003331       
88     130    218    -0.470217           -1685.069937        -1684.59972         0.073841       0.095024       0.070404       0.02462        
88     132    220    -1.072705           -1697.477356        -1696.404651        0.117269       0.132143       0.119839       0.012304       
88     134    222    -1.271678           -1709.213269        -1707.941591        0.139938       0.155322       0.147642       0.00768        
88     136    224    -1.017422           -1720.319712        -1719.30229         0.15384        0.175364       0.173201       0.002163       
88     138    226    -0.515479           -1730.93087         -1730.415391        0.143121       0.193911       0.193476       0.000435       
88     140    228    -0.124099           -1741.243671        -1741.119572        0.094709       0.211471       0.209423       0.002048       
88     196    284    -0.282948           -1896.510121        -1896.227173        0.102968       0.137992       0.126504       0.011488       
88     198    286    -0.22141            -1897.095498        -1896.874088        0.081139       0.153014       0.147672       0.005342       
88     200    288    -0.115991           -1897.66254         -1897.546549        0.062          0.168579       0.16723        0.001349       
88     202    290    -0.027958           -1898.183063        -1898.155105        0.025246       0.182593       0.182126       0.000467       
90     130    220    -0.99011            -1692.183348        -1691.193238        0.104448       0.108041       0.084168       0.023873       
90     132    222    -1.663701           -1705.763712        -1704.100011        0.138761       0.143628       0.134019       0.009609       
90     134    224    -1.721265           -1718.745387        -1717.024122        0.161316       0.16837        0.169882       -0.001512      
90     136    226    -1.135461           -1731.080774        -1729.945313        0.170359       0.188908       0.199405       -0.010497      
90     138    228    -0.458448           -1742.843624        -1742.385176        0.162964       0.208653       0.218725       -0.010072      
90     194    284    -1.009194           -1925.679312        -1924.670118        0.131154       0.133086       0.104021       0.029065       
90     196    286    -1.161727           -1927.124624        -1925.962897        0.148337       0.152381       0.139911       0.01247        
90     198    288    -0.82467            -1928.341256        -1927.516586        0.153444       0.168755       0.168147       0.000608       
90     200    290    -0.306009           -1929.442938        -1929.136929        0.141317       0.185111       0.187507       -0.002396      
90     202    292    -0.008591           -1930.539072        -1930.530481        0.084833       0.198685       0.2009         -0.002215      
92     130    222    -1.357127           -1697.517403        -1696.160276        0.120685       0.109702       0.089768       0.019934       
92     132    224    -1.805188           -1712.059405        -1710.254217        0.152446       0.147597       0.149604       -0.002007      
92     134    226    -1.487443           -1726.182526        -1724.695083        0.171532       0.176978       0.191439       -0.014461      
92     136    228    -0.734219           -1739.75113         -1739.016911        0.177389       0.201037       0.219649       -0.018612      
92     138    230    -0.14123            -1752.768102        -1752.626872        0.162928       0.224498       0.236335       -0.011837      
92     192    284    -0.246462           -1951.672219        -1951.425757        0.122238       0.106745       0.0            0.106745       
92     194    286    -1.511265           -1953.853751        -1952.342486        0.151134       0.136138       0.0            0.136138       
92     196    288    -1.531605           -1955.952839        -1954.421234        0.169036       0.157145       0.160604       -0.003459      
92     198    290    -0.78906            -1957.842402        -1957.053342        0.177086       0.175475       0.186721       -0.011246      
92     200    292    -0.038962           -1959.577502        -1959.53854         0.164325       0.196553       0.203301       -0.006748      
94     130    224    -1.616131           -1701.248218        -1699.632087        0.132036       0.105029       0.096759       0.00827        
94     132    226    -1.587634           -1716.541092        -1714.953458        0.162201       0.145975       0.166009       -0.020034      
94     134    228    -0.909264           -1731.629902        -1730.720638        0.176642       0.183273       0.214946       -0.031673      
94     136    230    -0.324938           -1746.405113        -1746.080175        0.173527       0.214781       0.235222       -0.020441      
94     138    232    -0.049918           -1760.769288        -1760.71937         0.110841       0.247104       0.247009       9.5e-05        
94     190    284    -0.784028           -1975.32921         -1974.545182        0.100479       0.067245       -0.0           0.067245       
94     192    286    -1.721342           -1977.878844        -1976.157502        0.137509       0.103219       -0.0           0.103219       
94     194    288    -2.083624           -1980.506964        -1978.42334         0.162847       0.132144       0.129659       0.002485       
94     196    290    -1.420028           -1983.09744         -1981.677412        0.18115        0.155132       0.17347        -0.018338      
94     198    292    -0.424406           -1985.506087        -1985.081681        0.190752       0.177361       0.196786       -0.019425      
96     128    224    -0.367374           -1687.251088        -1686.883714        0.082911       0.042165       -0.001114      0.043279       
96     130    226    -1.737458           -1703.417974        -1701.680516        0.14173        0.098444       0.104999       -0.006555      
96     132    228    -1.227331           -1719.414544        -1718.187213        0.170989       0.141513       0.201913       -0.0604        
96     134    230    -0.362613           -1735.377923        -1735.01531         0.176781       0.188253       0.240638       -0.052385      
96     188    284    -1.042588           -1995.657596        -1994.615008        0.092721       0.046888       -0.0           0.046888       
96     190    286    -2.409559           -1999.351145        -1996.941586        0.125568       0.074016       -0.0           0.074016       
96     192    288    -2.468143           -2002.508838        -2000.040695        0.150707       0.099872       0.100183       -0.000311      
96     194    290    -2.137193           -2005.577493        -2003.4403          0.173642       0.128279       0.141473       -0.013194      
96     196    292    -1.308114           -2008.658074        -2007.34996         0.19108        0.152352       0.176535       -0.024183      
96     198    294    -0.319429           -2011.602586        -2011.283157        0.200541       0.17726        0.199615       -0.022355      
98     128    226    -0.858313           -1687.077111        -1686.218798        0.100752       0.043884       -0.00161       0.045494       
98     130    228    -1.672019           -1704.000817        -1702.328798        0.151292       0.093691       0.111379       -0.017688      
98     132    230    -0.719869           -1720.827143        -1720.107274        0.179879       0.137947       0.278529       -0.140582      
98     186    284    -0.467457           -2012.564533        -2012.097076        0.074145       0.021764       -0.0           0.021764       
98     188    286    -1.837601           -2016.943965        -2015.106364        0.113369       0.051738       0.00099        0.050748       
98     190    288    -2.721517           -2021.339646        -2018.618129        0.141523       0.075874       0.082049       -0.006175      
98     192    290    -2.478785           -2025.212594        -2022.733809        0.165244       0.101517       0.11536        -0.013843      
98     194    292    -1.959997           -2028.99255         -2027.032553        0.186966       0.13097        0.146381       -0.015411      
98     196    294    -1.31865            -2032.788072        -2031.469422        0.202485       0.155          0.174881       -0.019881      
98     198    296    -0.497156           -2036.389154        -2035.891998        0.208938       0.178053       0.197921       -0.019868      
98     262    360    -0.297244           -2063.379929        -2063.082685        0.055622       0.045285       0.042806       0.002479       
100    126    226    -0.16863            -1667.611675        -1667.443045        0.054095       0.006367       -0.0           0.006367       
100    128    228    -1.049813           -1685.206896        -1684.157083        0.107852       0.039241       0.002917       0.036324       
100    130    230    -0.980577           -1702.970736        -1701.990159        0.160813       0.092351       0.333285       -0.240934      
100    132    232    -0.275228           -1720.695999        -1720.420771        0.18577        0.136329       0.320848       -0.184519      
100    184    284    -0.091233           -2026.454504        -2026.363271        0.043976       0.003877       -0.0           0.003877       
100    186    286    -0.764286           -2031.528235        -2030.763949        0.088735       0.022581       -0.0           0.022581       
100    188    288    -2.095586           -2036.43294         -2034.337354        0.123119       0.049666       -0.0           0.049666       
100    190    290    -2.632013           -2041.534116        -2038.902103        0.153689       0.077198       0.094061       -0.016863      
100    192    292    -2.221961           -2046.165026        -2043.943065        0.178061       0.104426       0.125369       -0.020943      
100    194    294    -1.621055           -2050.680737        -2049.059682        0.198031       0.135867       0.15081        -0.014943      
100    196    296    -1.1118             -2055.237503        -2054.125703        0.208371       0.16022        0.174175       -0.013955      
100    198    298    -0.425834           -2059.519098        -2059.093264        0.206675       0.181986       0.195012       -0.013026      
100    260    360    -0.027237           -2101.803786        -2101.776549        0.020128       2.3e-05        -0.001317      0.00134        
100    262    362    -0.398315           -2099.292452        -2098.894137        0.070047       0.042978       0.045332       -0.002354      
100    264    364    -0.67326            -2097.356619        -2096.683359        0.09465        0.067522       0.0694         -0.001878      
102    128    230    -0.874339           -1681.651674        -1680.777335        0.110744       0.03466        -0.007109      0.041769       
102    130    232    -0.478289           -1700.281999        -1699.80371         0.166115       0.092282       -0.290501      0.382783       
102    132    234    -0.44365            -1718.85168         -1718.40803         0.179354       0.141393       -0.29791       0.439303       
102    184    286    -0.14745            -2043.338077        -2043.190627        0.053957       0.003302       -0.000283      0.003585       
102    186    288    -0.766623           -2048.938466        -2048.171843        0.091075       0.017287       -0.0           0.017287       
102    188    290    -1.993791           -2054.317445        -2052.323654        0.127698       0.046688       0.003064       0.043624       
102    190    292    -2.4102             -2060.137355        -2057.727155        0.161375       0.077381       0.099447       -0.022066      
102    192    294    -1.920096           -2065.431051        -2063.510955        0.18675        0.103908       0.131247       -0.027339      
102    194    296    -1.09717            -2070.467005        -2069.369835        0.198976       0.138095       0.156183       -0.018088      
102    196    298    -0.525203           -2075.666052        -2075.140849        0.199157       0.167603       0.176723       -0.00912       
102    260    362    -0.117658           -2136.458212        -2136.340554        0.042044       0.003138       -0.000372      0.00351        
102    262    364    -0.35468            -2134.036519        -2133.681839        0.073865       0.020298       0.043602       -0.023304      
102    264    366    -0.611895           -2132.372685        -2131.76079         0.101312       0.065427       0.071299       -0.005872      
104    184    288    -0.094054           -2058.874974        -2058.78092         0.04842        0.000411       -0.0           0.000411       
104    186    290    -0.5806             -2064.938807        -2064.358207        0.086068       0.010444       -0.0           0.010444       
104    188    292    -1.677329           -2070.771233        -2069.093904        0.127214       0.042883       0.005641       0.037242       
104    190    294    -2.024706           -2077.186235        -2075.161529        0.164726       0.075058       0.100496       -0.025438      
104    192    296    -1.529095           -2083.010971        -2081.481876        0.185166       0.097752       0.134237       -0.036485      
104    194    298    -0.417661           -2088.583856        -2088.166195        0.183955       0.145137       0.348885       -0.203748      
104    196    300    -0.232214           -2094.618783        -2094.386569        0.160106       0.179731       0.181404       -0.001673      
104    260    364    -0.102042           -2169.95073         -2169.848688        0.041881       0.001855       0.00019        0.001665       
104    262    366    -0.361502           -2167.745371        -2167.383869        0.071797       0.013299       0.038304       -0.025005      
104    264    368    -0.519338           -2166.247534        -2165.728196        0.104877       0.061918       0.069804       -0.007886      
106    184    290    -0.011148           -2073.142724        -2073.131576        0.025141       -0.000649      -0.0           -0.000649      
106    186    292    -0.336239           -2079.649274        -2079.313035        0.075295       0.004703       0.000556       0.004147       
106    188    294    -1.269243           -2085.914232        -2084.644989        0.12298        0.038642       0.007218       0.031424       
106    190    296    -1.683101           -2092.830395        -2091.147294        0.159686       0.068485       0.097506       -0.029021      
106    192    298    -1.132052           -2099.179602        -2098.04755         0.179193       0.089028       0.133211       -0.044183      
106    194    300    -0.389952           -2105.438789        -2105.048837        0.153478       0.155188       0.16495        -0.009762      
106    196    302    -0.138522           -2112.209501        -2112.070979        0.076358       0.185322       0.187146       -0.001824      
106    260    366    -0.033331           -2202.355298        -2202.321967        0.02887        0.000781       0.000428       0.000353       
106    262    368    -0.275189           -2200.385335        -2200.110146        0.065634       0.00692        0.000354       0.006566       
106    264    370    -0.440587           -2199.034239        -2198.593652        0.104498       0.056039       0.066408       -0.010369      
108    186    294    -0.098448           -2093.135397        -2093.036949        0.055264       0.001178       -0.000376      0.001554       
108    188    296    -0.832826           -2099.814186        -2098.98136         0.11539        0.034598       -0.004214      0.038812       
108    190    298    -1.370491           -2107.199345        -2105.828854        0.154181       0.063115       0.091176       -0.028061      
108    192    300    -0.920705           -2114.109717        -2113.189012        0.172617       0.080469       0.127513       -0.047044      
108    194    302    -0.186497           -2120.949163        -2120.762666        0.124551       0.155758       0.162058       -0.0063        
108    262    370    -0.1129             -2231.976114        -2231.863214        0.053403       0.003552       0.000931       0.002621       
108    264    372    -0.398506           -2230.784743        -2230.386237        0.101708       0.048366       0.059832       -0.011466      
108    266    374    -0.804909           -2229.933838        -2229.128929        0.123487       0.070193       0.084869       -0.014676      
108    268    376    -0.90537            -2228.918194        -2228.012824        0.136926       0.087806       0.106703       -0.018897      
108    270    378    -0.46962            -2227.576852        -2227.107232        0.166288       0.108011       0.126562       -0.018551      
108    272    380    -0.22947            -2226.595437        -2226.365967        0.139073       0.137254       0.144011       -0.006757      
110    188    298    -0.373376           -2112.466994        -2112.093618        0.101948       0.031695       -0.002376      0.034071       
110    190    300    -1.086642           -2120.332615        -2119.245973        0.146699       0.059134       0.081821       -0.022687      
110    192    302    -0.808068           -2127.820993        -2127.012925        0.167992       0.075332       0.11704        -0.041708      
110    194    304    -0.080544           -2135.060173        -2134.979629        0.0891         0.141187       0.148154       -0.006967      
110    264    374    -0.411954           -2261.542121        -2261.130167        0.094399       0.037108       0.047958       -0.01085       
110    266    376    -0.769596           -2260.880201        -2260.110605        0.120371       0.062296       0.077507       -0.015211      
110    268    378    -0.846027           -2260.080166        -2259.234139        0.134203       0.080389       0.100068       -0.019679      
110    270    380    -0.551702           -2259.122792        -2258.57109         0.132933       0.104729       0.120285       -0.015556      
110    272    382    -0.277647           -2258.356661        -2258.079014        0.101114       0.135793       0.138393       -0.0026        
112    190    302    -0.813027           -2132.244713        -2131.431686        0.136946       0.058003       0.069562       -0.011559      
112    192    304    -0.237419           -2140.273273        -2140.035854        0.155845       0.071976       -0.34823       0.420206       
112    194    306    -0.245834           -2148.089755        -2147.843921        0.109646       0.130827       0.130424       0.000403       
112    196    308    -0.20165            -2156.364549        -2156.162899        0.079222       -0.344649      0.159714       -0.504363      
112    198    310    -0.092784           -2163.096608        -2163.003824        0.0721         -0.244385      -0.250019      0.005634       
112    216    328    0.008863            -2228.124513        -2228.133376        0.024055       0.246449       0.245141       0.001308       
112    264    376    -0.181377           -2291.131508        -2290.950131        0.088156       0.03594        0.002077       0.033863       
112    266    378    -0.77101            -2290.827548        -2290.056538        0.116113       0.05417        0.066789       -0.012619      
112    268    380    -0.855422           -2290.233987        -2289.378565        0.135184       0.071778       0.09054        -0.018762      
112    270    382    -0.602469           -2289.509815        -2288.907346        0.133766       0.097018       0.111206       -0.014188      
112    272    384    -0.192654           -2288.818422        -2288.625768        0.121242       0.126171       0.13044        -0.004269      
114    190    304    -0.489749           -2142.934019        -2142.44427         0.116287       0.058655       -0.053866      0.112521       
114    192    306    -0.64632            -2151.47463         -2150.82831         0.133223       0.078629       0.08853        -0.009901      
114    194    308    -0.39521            -2159.832223        -2159.437013        0.112655       0.114675       0.113235       0.00144        
114    196    310    -0.058733           -2168.127314        -2168.068581        0.080715       0.132989       0.13647        -0.003481      
114    198    312    -0.021094           -2176.083417        -2176.062323        0.033764       -0.243811      -0.244733      0.000922       
114    200    314    -0.039264           -2184.075645        -2184.036381        0.058091       -0.25009       -0.253633      0.003543       
114    266    380    -0.746427           -2319.714763        -2318.968336        0.108918       0.043249       0.049893       -0.006644      
114    268    382    -0.902852           -2319.392753        -2318.489901        0.130862       0.06231        0.077885       -0.015575      
114    270    384    -0.708993           -2318.88766         -2318.178667        0.127216       0.087646       0.098762       -0.011116      
114    272    386    -0.277303           -2318.353264        -2318.075961        0.127258       0.117009       0.121217       -0.004208      
114    280    394    -0.00304            -2320.087804        -2320.084764        0.067259       0.225044       0.212337       0.012707       
114    282    396    -0.001264           -2320.350329        -2320.349065        0.070084       0.230843       0.218097       0.012746       
114    288    402    -0.001277           -2320.168872        -2320.167595        0.074975       0.242973       0.230699       0.012274       
116    190    306    -0.32876            -2152.425467        -2152.096707        0.095565       0.057711       -0.04654       0.104251       
116    192    308    -0.564727           -2161.52665         -2160.961923        0.118842       0.076301       -0.076659      0.15296        
116    194    310    -0.371414           -2170.381986        -2170.010572        0.118641       0.099418       -0.219631      0.319049       
116    196    312    -0.159722           -2179.115838        -2178.956116        0.117052       0.12098        -0.229167      0.350147       
116    198    314    -0.021009           -2187.672074        -2187.651065        0.082045       0.142227       -0.239051      0.381278       
116    266    382    -0.695918           -2347.546103        -2346.850185        0.099141       0.045813       0.003381       0.042432       
116    268    384    -1.079577           -2347.606317        -2346.52674         0.1196         0.050251       0.060553       -0.010302      
116    270    386    -0.877167           -2347.252107        -2346.37494         0.130027       0.074795       0.08458        -0.009785      
116    272    388    -0.310205           -2347.05993         -2346.749725        0.111704       0.107475       -0.327489      0.434964       
116    282    398    -0.006157           -2350.152432        -2350.146275        0.07094        0.227126       0.213298       0.013828       
116    284    400    -0.002223           -2350.563798        -2350.561575        0.073141       0.232215       0.218507       0.013708       
118    190    308    -0.38132            -2160.555968        -2160.174648        0.089686       0.052889       -0.039994      0.092883       
118    192    310    -0.563871           -2170.229427        -2169.665556        0.116184       0.069142       -0.070136      0.139278       
118    194    312    -0.351019           -2179.604689        -2179.25367         0.125367       0.086425       -0.210937      0.297362       
118    196    314    -0.086812           -2188.771499        -2188.684687        0.123967       0.103241       -0.220146      0.323387       
118    202    320    -0.014801           -2215.766637        -2215.751836        0.059036       -0.262521      -0.267253      0.004732       
118    266    384    -0.729516           -2374.190155        -2373.460639        0.093776       0.039595       0.002344       0.037251       
118    268    386    -1.189157           -2374.538501        -2373.349344        0.112431       0.045801       0.030243       0.015558       
118    270    388    -1.270974           -2374.644249        -2373.373275        0.123457       0.052738       0.064576       -0.011838      
118    272    390    -0.363922           -2374.525603        -2374.161681        0.120417       0.092407       -0.337575      0.429982       
120    190    310    -0.630179           -2167.163846        -2166.533667        0.095443       0.047319       0.0            0.047319       
120    192    312    -0.556621           -2177.432493        -2176.875872        0.120686       0.061823       -0.195908      0.257731       
120    194    314    -0.257548           -2187.347906        -2187.090358        0.130987       0.073573       -0.203165      0.276738       
120    216    336    -0.000676           -2288.752532        -2288.751856        0.024397       0.242536       0.241083       0.001453       
120    264    384    -0.306714           -2398.473385        -2398.166671        0.07032        0.024116       0.00072        0.023396       
120    266    386    -0.934628           -2399.470501        -2398.535873        0.096289       0.036923       0.001397       0.035526       
120    268    388    -1.445828           -2400.257441        -2398.811613        0.110451       0.04721        0.003941       0.043269       
120    270    390    -1.529309           -2400.568431        -2399.039122        0.119558       0.04518        -0.037698      0.082878       
120    272    392    -0.65174            -2400.828582        -2400.176842        0.125322       0.0504         -0.274427      0.324827       
