Z      N      A       Binding_Energy_(MeV)    Quad_Def_Beta2_P     Quad_Def_Beta2_N     Quad_Def_Beta2_total   Quad_Moment_Q2_P_(fm^2)    Quad_Moment_Q2_N_(fm^2)    Quad_Moment_Q2_total_(fm^2)     Octupole_Moment_Q3_P_(fm^3)     Octupole_Moment_Q3_N_(fm^3)     Octupole_Moment_Q3_total_(fm^3)      Pairing_gap_P_(MeV)     Pairing_gap_N_(MeV)   RMS_radius_P_(fm)    RMS_radius_N_(fm)    RMS_radius_total_(fm)    Charge_Radius_(fm)     File_ID        Converged            
56     52     108         -836.553259             0.164969             0.145295               0.155816               2.472474                   1.894528                       4.367002                    0.027046                         0.02107                           0.048117                         0.597108                0.686278              4.605911             4.458286               4.535432               4.680663             1              YES
56     54     110         -865.762865             0.196175             0.186286               0.191448               2.964025                   2.576962                       5.540987                    0.026936                         0.02298                           0.049916                         0.663938                0.639524              4.624562              4.50622                4.56685               4.698576             2              YES
56     56     112         -893.322831             0.213665             0.208812               0.211287               3.252048                   3.054127                       6.306175                    0.027114                        0.024634                           0.051748                         0.739446                0.612806              4.641542             4.550052               4.596025               4.714851             3              YES
56     58     114         -919.235107             0.234231             0.234241               0.234236               3.594239                   3.620075                       7.214314                    0.027228                        0.026384                           0.053612                         0.802978                0.605892              4.660493             4.595773               4.627679                4.73307             4              YES
56     60     116          -944.08251             0.276404             0.286823               0.281753               4.294815                   4.702051                       8.996866                    0.027067                        0.028443                            0.05551                         0.802902                0.614234              4.689763              4.65378               4.671186               4.761458             5              YES
56     62     118          -968.09331             0.314217             0.323787               0.319231               4.947452                   5.610871                      10.558323                    0.027395                        0.030046                           0.057441                         0.765286                0.642323              4.720925             4.706892               4.713557               4.791721             6              YES
56     64     120         -990.775501              0.30792             0.316527               0.312517               4.867386                   5.735957                      10.603343                    0.027758                        0.031645                           0.059403                         0.790994                0.639634              4.730207             4.737538               4.734118               4.800434             7              YES
56     66     122        -1012.452354             0.287399             0.295226               0.291656               4.548265                   5.570971                      10.119236                    0.028153                        0.033248                           0.061401                         0.820529                0.620423              4.732939             4.760591               4.747919               4.802695             8              YES
56     68     124        -1033.201979              0.26727             0.271519                0.26962               4.235683                   5.327171                       9.562854                    0.028636                        0.034795                           0.063431                         0.825632                0.607111              4.736284             4.782319               4.761584                4.80556             9              YES
56     70     126        -1052.928353             0.247619             0.246162                 0.2468               3.931262                   5.016277                       8.947538                    0.029224                        0.036269                           0.065493                         0.826404                0.592583              4.740507             4.803708               4.775722               4.809291            10              YES
56     72     128        -1071.599674             0.225191             0.216748               0.220373                3.58245                    4.58286                        8.16531                    0.029965                        0.037624                           0.067589                         0.823512                0.591625              4.745319             4.824686               4.790124               4.813604            11              YES
56     74     130         -1089.53885             0.198388              0.18173               0.188746               3.163006                   3.982344                        7.14535                    0.030909                        0.038809                           0.069718                         0.815155                0.601774              4.750547             4.844898               4.804482               4.818327            12              YES
56     76     132        -1107.094369             0.169104             0.145654               0.155343               2.702802                   3.306489                       6.009291                    0.032028                        0.039851                           0.071879                         0.778991                0.637566              4.756436             4.865867               4.819745               4.823703            13              YES
56     78     134        -1124.194767             0.134819             0.108911               0.119413               2.160363                   2.560312                       4.720674                    0.033416                        0.040658                           0.074074                         0.704907                0.701503               4.76255             4.887737               4.835814               4.829303            14              YES
56     80     136        -1140.572105             0.048359             0.042417               0.044781               0.790387                   1.049188                       1.839575                    0.033252                        0.043049                           0.076301                         0.625047                0.862861              4.809845              4.95057               4.893115               4.875526            15              YES
56     82     138        -1156.498409                4e-06                 -0.0                  1e-06                5.7e-05                     -2e-06                        5.5e-05                     0.03164                        0.046922                           0.078562                         0.560953                0.854945              4.773371             4.930648               4.867438               4.839118            16              YES
56     84     140        -1167.366394             0.090854             0.072011               0.079224               1.477789                   1.888252                       3.366041                    0.034986                        0.045869                           0.080856                         0.488584                 0.76703              4.798284             4.974361               4.904688               4.863268            17              YES
56     86     142        -1178.024775             0.150679             0.130545               0.138106               2.473358                   3.563609                       6.036967                    0.032848                        0.050334                           0.083182                         0.589767                0.625837               4.82024             5.016034               4.939746               4.884508            18              YES
56     88     144        -1188.045218             0.179175             0.162627               0.168726               2.973083                   4.623171                       7.596254                    0.031642                          0.0539                           0.085542                         0.668118                0.569942               4.84636             5.060311               4.978201               4.909864            19              YES
56     90     146        -1197.322039             0.200583             0.186227               0.191422                3.36108                   5.502753                       8.863833                    0.032444                        0.055492                           0.087935                         0.734785                 0.53233              4.870166              5.10143               5.013987               4.932943            20              YES
56     92     148        -1206.012002             0.224236             0.212564               0.216712               3.794866                   6.524794                       10.31966                    0.033398                        0.056962                            0.09036                         0.772131                0.506291              4.894371             5.142682               5.050163               4.956423            21              YES
56     94     150        -1214.429865             0.248238             0.239979               0.242862                4.24575                   7.652755                      11.898505                    0.033694                        0.059125                           0.092819                         0.783991                0.488549              4.920329             5.185655               5.088219               4.981642            22              YES
56     96     152        -1222.489875             0.262278             0.255842                0.25805               4.526263                   8.457436                        12.9837                    0.033906                        0.061404                            0.09531                         0.782536                0.485104               4.94242             5.224478               5.122369               5.003048            23              YES
56     98     154        -1230.082202             0.270386             0.264541               0.266511               4.703116                   9.050353                      13.753469                    0.034167                        0.063669                           0.097836                          0.77945                0.488149               4.96194             5.260388               5.153862                5.02192            24              YES
56     100    156        -1237.101588             0.275663             0.269295               0.271405               4.830787                   9.523547                      14.354334                    0.034503                         0.06589                           0.100393                         0.776495                0.491699              4.980478             5.294561               5.184003               5.039825            25              YES
56     102    158        -1243.454044              0.27786             0.269578               0.272276               4.903127                   9.843812                      14.746939                    0.034909                        0.068074                           0.102984                         0.776136                0.495418              4.997749             5.327019               5.212695               5.056484            26              YES
56     104    160        -1249.117212             0.275165             0.263895               0.267505               4.884318                   9.937323                      14.821641                    0.035372                        0.070236                           0.105608                         0.787184                0.493775              5.012524             5.357323               5.239225               5.070678            27              YES
56     106    162        -1254.209238             0.265677             0.250603               0.255351               4.737008                   9.716947                      14.453955                    0.035871                        0.072393                           0.108264                          0.80111                0.490265              5.023728              5.38473                5.26274               5.081346            28              YES
56     108    164        -1258.914802             0.251145             0.231951               0.237897               4.493896                   9.248186                      13.742081                    0.036415                        0.074539                           0.110954                         0.815659                0.486607               5.03269             5.409577               5.283907               5.089799            29              YES
56     110    166        -1263.335771             0.236634             0.213472                0.22053               4.250409                   8.749265                      12.999674                    0.037005                        0.076672                           0.113677                           0.8204                0.482092              5.042294             5.434549               5.305464                5.09889            30              YES
56     112    168        -1267.439997             0.222487             0.194951               0.203205               4.012349                   8.213402                      12.225751                    0.037697                        0.078735                           0.116433                         0.813295                0.476529              5.052404             5.460531               5.327963               5.108482            31              YES
56     114    170        -1271.149733             0.206527             0.174226               0.183752                3.73888                   7.541696                      11.280576                    0.038565                        0.080656                           0.119221                         0.812156                0.474343              5.062131              5.48618               5.350206               5.117697            32              YES
56     116    172        -1274.509309             0.185549             0.148536               0.159276               3.371172                   6.601852                       9.973024                    0.039604                        0.082439                           0.122043                         0.806876                0.479783              5.071212             5.511036               5.371793               5.126275            33              YES
56     118    174        -1277.862785             0.158573             0.118875               0.130216                2.89211                   5.421075                       8.313184                    0.040971                        0.083925                           0.124896                         0.806226                0.504417              5.080933             5.534798               5.392896               5.135489            34              YES
56     120    176        -1281.342826             0.125858             0.087771               0.098491               2.305666                   4.104676                       6.410342                    0.042835                        0.084949                           0.127785                         0.780386                0.549806              5.092229             5.558004               5.414151               5.146262            35              YES
56     122    178        -1284.823795             0.071998             0.047415               0.054241               1.327661                   2.274749                        3.60241                    0.044824                        0.085882                           0.130706                          0.73736                0.630143              5.108974             5.583058               5.438365                5.16243            36              YES
56     124    180         -1288.80537             0.000834             0.000531               0.000614                0.01541                   0.026044                       0.041454                     0.03291                         0.10075                            0.13366                         0.633016                 0.65108              5.115402             5.597615               5.452165                5.16839            37              YES
56     126    180         -1291.601294            0.000834             0.000531               0.000614                0.01541                   0.026044                       0.041454                     0.03291                         0.10075                            0.13366                         0.633016                 0.65108              5.115402             5.597615               5.452165                5.16839            38              ***
56     128    184        -1291.104306             0.003642              0.00291               0.003104               0.068024                   0.150454                       0.218478                    0.032293                        0.107373                           0.139666                         0.466974                0.636529              5.141815             5.658338               5.506267               5.193735            39              YES
56     130    186        -1290.169079             0.077456             0.070775               0.072512               1.454592                   3.785104                       5.239696                    0.039234                        0.103485                           0.142719                         0.506316                0.598063              5.155774              5.71046               5.549294               5.207157            40              YES
56     132    188        -1289.410981             0.107584             0.100874               0.102582               2.027047                   5.564203                        7.59125                    0.037274                         0.10853                           0.145804                         0.555214                0.557099              5.164276             5.755328               5.585814               5.215178            41              YES
56     134    190        -1288.367046             0.125975             0.120642               0.121973               2.384564                   6.863208                       9.247772                    0.036306                        0.112617                           0.148923                         0.601834                0.525532              5.176234             5.801064               5.624123               5.226623            42              YES
56     136    192        -1287.034859             0.139425             0.133929               0.135276               2.652714                   7.849209                      10.501923                     0.03646                        0.115616                           0.152076                         0.647748                0.499493              5.189504             5.844548               5.661328                5.23937            43              YES
56     138    194        -1285.402331             0.149168             0.142544               0.144139               2.853076                   8.597425                        11.4505                    0.036881                         0.11838                            0.15526                         0.687396                0.481093              5.203183             5.885922               5.697249               5.252524            44              YES
