Z      N      A       Binding_Energy_(MeV)    Quad_Def_Beta2_P     Quad_Def_Beta2_N     Quad_Def_Beta2_total   Quad_Moment_Q2_P_(fm^2)    Quad_Moment_Q2_N_(fm^2)    Quad_Moment_Q2_total_(fm^2)     Octupole_Moment_Q3_P_(fm^3)     Octupole_Moment_Q3_N_(fm^3)     Octupole_Moment_Q3_total_(fm^3)      Pairing_gap_P_(MeV)     Pairing_gap_N_(MeV)   RMS_radius_P_(fm)    RMS_radius_N_(fm)    RMS_radius_total_(fm)    Charge_Radius_(fm)     File_ID        Converged            
56     52     108         -840.820527             0.172391             0.157071               0.165236               2.578367                   2.058705                       4.637072                     0.02679                        0.021325                           0.048115                         0.382423                0.691511               4.60115             4.469841               4.538402               4.675979             1               NO
56     54     110         -870.379583             0.202259             0.193897               0.198248               3.049542                   2.694805                       5.744347                    0.026782                        0.023134                           0.049916                         0.432408                0.640279              4.619703             4.516754               4.569454               4.693794             2              YES
56     56     112         -898.237975             0.219707             0.215283               0.217532               3.337775                   3.162789                       6.500564                    0.027096                        0.024652                           0.051748                         0.502757                0.611776              4.637216             4.560166               4.598853               4.710592             3              YES
56     58     114         -924.189045             0.248778              0.25091               0.249851               3.816051                   3.901113                       7.717164                    0.027346                        0.026266                           0.053612                         0.547875                0.598817              4.659633             4.609632               4.634261               4.732223             4              YES
56     60     116         -949.409746             0.315705             0.324607               0.320287                4.93476                   5.381323                      10.316083                    0.027097                        0.028413                            0.05551                         0.509526                0.633816              4.703742             4.679882               4.691416               4.775227             5              YES
56     62     118         -973.368979             0.340199             0.342989               0.341663               5.375461                   5.986563                      11.362024                    0.027508                        0.029933                           0.057441                          0.50302                0.642399              4.729253             4.723866               4.726424               4.799927             6              YES
56     64     120         -995.856075             0.330447             0.332941               0.331781               5.239604                   6.073773                      11.313376                    0.027877                        0.031528                           0.059404                         0.536242                0.632953              4.737501             4.753359               4.745965               4.807622             7              YES
56     66     122        -1017.363605             0.306235             0.310183               0.308386               4.859799                   5.890765                      10.750564                     0.02823                        0.033171                           0.061401                         0.559837                0.617542              4.739504             4.775838               4.759195               4.809165             8              YES
56     68     124        -1037.898557             0.282085             0.284975               0.283686               4.481158                   5.625153                      10.106311                    0.028658                        0.034773                           0.063431                         0.569842                0.596287              4.741944              4.79683               4.772121               4.811139             9              YES
56     70     126        -1057.380371             0.257358             0.255392               0.256251               4.092553                    5.23087                       9.323424                    0.029198                        0.036295                           0.065493                         0.574686                0.579293               4.74438             4.815924               4.784259               4.813109            10              YES
56     72     128        -1075.739268             0.231108             0.222801               0.226361               3.681334                   4.732433                       8.413767                    0.029892                        0.037696                           0.067589                         0.586745                0.567123              4.748386             4.835733               4.797715               4.816627            11              YES
56     74     130        -1093.306713              0.20289             0.187065               0.193718               3.240377                   4.118905                       7.359282                    0.030761                        0.038957                           0.069718                         0.593949                0.562749              4.754644             4.856505               4.812891               4.822366            12              YES
56     76     132        -1110.449825             0.173042             0.150991               0.160087               2.772203                   3.445583                       6.217786                    0.031762                        0.040117                           0.071879                          0.57245                0.585735              4.761979             4.878585                4.82946                4.82917            13              YES
56     78     134        -1127.143072              0.14179             0.116908               0.126978               2.279275                    2.76433                       5.043605                    0.032832                        0.041251                           0.074083                         0.513324                0.629537              4.770096              4.90197               4.847295               4.836745            14               NO
56     80     136        -1143.249623                0.087             0.067667               0.075346               1.404841                   1.658165                       3.063006                    0.034528                        0.041777                           0.076305                         0.437101                  0.7334              4.780852             4.927478               4.867638               4.846926            15               NO
56     82     138        -1158.844398            -0.001033            -0.000705              -0.000833              -0.016711                  -0.017848                      -0.034559                     0.03119                        0.047372                           0.078562                         0.423748                 0.78716              4.786103             4.947251               4.882499               4.851678            16              YES
56     84     140        -1169.223244             0.099872             0.082277               0.089003               1.631754                   2.172139                       3.803893                    0.034142                        0.046715                           0.080857                         0.333933                0.684294              4.809017             4.991257               4.919171               4.873858            17               NO
56     86     142        -1179.514889             0.152282              0.13417                0.14096               2.511553                   3.690423                       6.201976                    0.032342                        0.050839                           0.083182                         0.416858                0.564769              4.831669             5.035068               4.955851               4.895786            18              YES
56     88     144        -1189.171778             0.179471             0.164148               0.169784               2.991352                   4.702069                       7.693421                    0.032393                        0.053153                           0.085546                         0.489573                 0.51305              4.857215             5.079614               4.994303               4.920579            19               NO
56     90     146        -1198.038712              0.19968             0.185408               0.190562               3.362619                   5.523869                       8.886488                    0.033099                        0.054838                           0.087937                         0.548553                0.480083              4.882284             5.122491               5.031712               4.944907            20               NO
56     92     148        -1206.346546              0.22396             0.211479               0.215905               3.811017                    6.54886                      10.359877                    0.034145                        0.056215                            0.09036                         0.588884                0.459916              4.907793             5.165356               5.069439               4.969677            21               NO
56     94     150        -1214.408081             0.249199             0.239602               0.242945               4.286285                   7.710182                      11.996468                    0.034009                         0.05881                           0.092819                         0.596193                0.444527              4.934213             5.209167               5.108249               4.995356            22              YES
56     96     152        -1222.140979              0.26278             0.254231               0.257156               4.561372                   8.483842                      13.045214                    0.034176                        0.061135                           0.095312                         0.595274                0.441657              4.956812             5.249182               5.143401               5.017266            23              YES
56     98     154        -1229.425745             0.271081             0.262625               0.265468               4.744119                   9.075333                      13.819452                     0.03442                        0.063415                           0.097835                         0.591857                0.443862              4.977131             5.286829               5.176356               5.036929            24              YES
56     100    156        -1236.124888             0.276634             0.267306               0.270388               4.879143                   9.554134                      14.433277                    0.034752                        0.065641                           0.100393                         0.589305                0.446012              4.996549             5.322757               5.208008               5.055708            25              YES
56     102    158        -1242.148266             0.279231             0.267493               0.271306               4.960934                    9.87832                      14.839254                    0.035164                        0.067821                           0.102985                         0.588133                0.446925              5.014772             5.357104               5.238331                5.07331            26              YES
56     104    160        -1247.547499             0.276641             0.261265               0.266174               4.944991                   9.956693                      14.901684                    0.035645                        0.069964                           0.105609                         0.596145                0.443691               5.03009             5.389463               5.266473               5.088044            27              YES
56     106    162         -1252.48179             0.264381             0.244483               0.250725               4.744187                   9.596158                      14.340345                    0.036175                         0.07209                           0.108264                         0.618346                0.433773              5.039842             5.417723               5.290151               5.097278            28              YES
56     108    164        -1257.091134             0.249057               0.2244               0.232002               4.484207                   9.063395                      13.547602                    0.036751                        0.074202                           0.110953                         0.635042                0.423788              5.048296             5.444618               5.312613               5.105231            29              YES
56     110    166        -1261.420381              0.23478             0.205281               0.214221               4.243808                   8.532977                      12.776784                    0.037399                        0.076277                           0.113676                         0.642729                 0.41164              5.058228             5.472986               5.336672               5.114647            30              YES
56     112    168        -1265.409003              0.22105             0.186821               0.197022               4.013015                   7.989348                      12.002364                    0.038096                        0.078335                           0.116431                         0.640858                0.402667              5.069223             5.501466               5.361259               5.125117            31              YES
56     114    170        -1269.117234             0.206413             0.167098               0.178619               3.763989                    7.35065                      11.114639                    0.038954                        0.080269                           0.119223                         0.638278                0.395697              5.080496             5.530572               5.386467               5.135863            32              YES
56     116    172        -1272.565649             0.188596             0.144817               0.157435               3.454297                   6.550318                      10.004616                    0.039938                        0.082106                           0.122044                         0.631648                0.393782              5.091722             5.559516               5.411653               5.146566            33              YES
56     118    174        -1275.876766             0.164969             0.119308               0.132262                3.03573                   5.543523                       8.579253                    0.041163                        0.083734                           0.124897                         0.622703                0.403776              5.103661             5.586777               5.435979               5.157976            34              YES
56     120    176        -1279.177918             0.134779             0.091501               0.103601               2.493691                   4.362448                       6.856139                    0.042878                        0.084907                           0.127785                          0.59972                0.432153              5.117531             5.611854               5.459427                 5.1713            35              YES
56     122    178        -1282.458208             0.091668             0.059265               0.068206               1.708361                   2.898141                       4.606502                     0.04635                        0.084356                           0.130706                          0.56237                0.484388              5.136094             5.636699               5.484134                5.18927            36              YES
56     124    180        -1286.098973             -2.7e-05                3e-06                 -5e-06              -0.000502                   0.000135                      -0.000367                    0.031199                        0.102461                            0.13366                         0.508642                0.513124              5.147249             5.652458               5.500257               5.199913            37              YES
56     126    182        -1288.836854             0.001084             0.000723                0.00082               0.020417                   0.037069                       0.057486                    0.030807                        0.105839                           0.136646                         0.456081                0.496489              5.162673             5.679851               5.525878               5.214784            38              YES
56     128    184         -1288.61726             0.000989             0.000942               0.000954               0.018709                   0.049727                       0.068436                     0.03007                        0.109596                           0.139666                         0.359593                0.491507              5.173565             5.718356               5.558206                5.22517            39              YES
56     130    186        -1288.346311             0.077661             0.078374                0.07819               1.473556                   4.283992                       5.757548                    0.034301                        0.108434                           0.142735                          0.36259                0.470053               5.18242              5.77315               5.601854               5.233542            40               NO
56     132    188         -1288.08435              0.10011             0.101201               0.100926               1.904873                    5.71046                       7.615333                    0.034126                         0.11169                           0.145816                         0.391602                0.451133              5.189723             5.821054               5.640392               5.240378            41               NO
56     134    190        -1287.574063             0.111399             0.113298               0.112829                2.12618                   6.597381                       8.723561                    0.034241                        0.114683                           0.148924                         0.416159                0.438102              5.197687             5.869045               5.679425                5.24787            42               NO
56     136    192        -1286.748392              0.11418             0.116336               0.115815               2.185221                   6.983157                       9.168378                     0.03319                        0.118893                           0.152082                         0.434753                 0.43524              5.204791             5.914846               5.716864               5.254512            43               NO
56     138    194        -1285.675613             0.113679             0.114203               0.114079                2.18153                   7.064316                       9.245846                    0.033854                        0.121406                            0.15526                         0.448055                0.435764              5.211833             5.960764               5.754593               5.261093            44              YES
