Z      N      A      Binding_Energy_(MeV)    beta2_total    beta3_total    fileID    Convergence    
2      2      4      627.068863              -0.501962      -15.513432     1         NO             
22     44     66     -516.990966             0.077462       0.01           2         YES            
24     24     48     -411.147577             0.205502       0.01           3         YES            
24     28     52     -458.65203              0.075112       0.01           4         YES            
26     46     72     -599.274886             0.148317       0.01           5         YES            
30     44     74     -642.680039             0.160596       0.01           6         YES            
30     46     76     -657.008512             0.140679       0.01           7         YES            
32     44     76     -662.240356             0.189208       0.01           8         YES            
32     46     78     -678.688311             0.16222        0.01           9         YES            
34     44     78     -678.618661             0.197668       0.01           10        YES            
34     52     86     -741.897374             0.113385       0.01           11        YES            
34     62     96     -782.675219             -0.212649      0.01           12        YES            
34     64     98     -788.781791             -0.212043      0.01           13        YES            
36     32     68     -547.293031             -0.144787      0.01           14        YES            
36     38     74     -626.063532             -0.252871      0.01           466       YES            
36     40     76     -648.956144             -0.212642      0.01           467       YES            
36     44     80     -692.409                0.265065       0.01           15        YES            
36     52     88     -763.528935             0.084662       0.01           16        YES            
36     62     98     -812.487185             -0.244158      0.01           468       YES            
36     68     104    -835.000185             0.300124       0.01           17        YES            
38     34     72     -576.138316             0.366299       0.01           18        YES            
38     42     80     -680.345638             -0.180419      0.01           19        YES            
38     44     82     -704.215366             0.304664       0.01           20        YES            
38     58     96     -819.030648             0.001115       0.01           469       YES            
38     62     100    -838.917536             -0.232451      0.01           470       YES            
40     36     76     -606.669021             0.369228       0.01           21        YES            
40     38     78     -633.552327             -0.177468      0.01           471       YES            
40     40     80     -661.472018             5.7e-05        0.01           472       YES            
40     42     82     -689.731455             0.352978       0.01           22        YES            
40     44     84     -713.158652             0.289442       0.01           23        YES            
40     58     98     -840.537874             0.000207       0.01           24        YES            
40     64     104    -877.259316             0.361189       0.01           25        YES            
40     66     106    -887.327986             0.353992       0.01           26        YES            
40     94     134    -961.772154             -0.002268      0.01           27        YES            
40     96     136    -961.637075             -0.002387      0.01           28        YES            
40     98     138    -960.67398              -0.0025        0.01           29        YES            
40     100    140    -959.281869             -0.002394      0.01           30        YES            
40     102    142    -957.701676             -0.002101      0.01           31        YES            
42     36     78     -604.606801             0.337874       0.01           32        YES            
42     38     80     -636.78027              0.365082       0.01           33        YES            
42     42     84     -693.51842              0.313193       0.01           34        YES            
42     58     100    -858.542533             0.000288       0.01           35        YES            
42     64     106    -899.48661              0.335332       0.01           36        YES            
42     96     138    -1002.266477            -0.002566      0.01           37        YES            
42     98     140    -1001.97995             -0.002907      0.01           38        YES            
46     36     82     -595.236375             0.124059       0.01           39        YES            
52     56     108    -892.768032             0.132972       0.009952       40        NO             
52     90     142    -1158.483897            1e-05          0.01           41        YES            
54     54     108    -867.584424             0.159212       0.010001       42        NO             
54     56     110    -892.223201             0.184915       0.010009       43        NO             
54     58     112    -915.62                 0.213535       0.009943       44        NO             
54     86     140    -1163.311179            0.12151        0.010001       45        NO             
54     88     142    -1172.025211            0.150128       0.00999        46        NO             
54     90     144    -1180.296509            0.177127       0.009926       47        NO             
54     92     146    -1188.3642              0.204572       0.009887       48        NO             
54     94     148    -1196.274616            0.226096       0.01           49        YES            
54     96     150    -1203.879819            0.235515       0.01           50        YES            
56     52     108    -835.078187             0.145328       0.009985       51        NO             
56     54     110    -863.06873              0.18814        0.009796       52        NO             
56     56     112    -889.873563             0.211648       0.009963       53        NO             
56     58     114    -915.430755             0.281388       0.01           54        YES            
56     66     122    -1008.638629            0.293978       0.01           55        YES            
56     84     140    -1168.846858            0.103567       0.01           56        YES            
56     86     142    -1180.002491            0.138202       0.009999       57        NO             
56     88     144    -1190.348299            0.17178        0.01           58        YES            
56     90     146    -1200.313966            0.207063       0.01           59        YES            
56     92     148    -1210.30546             0.248147       0.01           60        YES            
56     94     150    -1219.814647            0.265607       0.01           61        YES            
56     96     152    -1228.670848            0.267801       0.01           62        YES            
56     132    188    -1313.363118            0.102988       0.01           63        YES            
56     134    190    -1313.022507            0.121309       0.01           64        YES            
56     136    192    -1312.382228            0.138009       0.01           65        YES            
56     138    194    -1311.556512            0.156885       0.01           66        YES            
58     54     112    -856.786743             0.22111        0.009884       67        NO             
58     56     114    -885.702476             0.28054        0.01           68        YES            
58     58     116    -914.432437             0.317738       0.01           69        YES            
58     84     142    -1182.243888            0.104576       0.009999       70        NO             
58     86     144    -1194.567253            0.144225       0.01           71        YES            
58     88     146    -1206.337287            0.200357       0.01           72        YES            
58     90     148    -1218.787411            0.248021       0.009965       73        NO             
58     92     150    -1230.929269            0.275033       0.01           74        YES            
58     132    190    -1350.469962            0.098331       0.01           75        YES            
58     134    192    -1350.782822            0.118234       0.01           76        YES            
58     136    194    -1350.701593            0.138168       0.009859       77        NO             
58     138    196    -1350.733762            0.209646       0.01           78        YES            
60     84     144    -1193.90001             0.096103       0.01           79        NO             
60     86     146    -1207.237139            0.151846       0.01           80        YES            
60     88     148    -1220.77169             0.230625       0.01           81        YES            
60     90     150    -1235.421896            0.275582       0.01           82        YES            
60     130    190    -1384.569985            0.049448       0.01           83        YES            
60     132    192    -1385.786207            0.08012        0.01           84        YES            
60     134    194    -1386.594871            0.103938       0.009918       85        NO             
60     136    196    -1386.923456            0.203876       0.01           86        YES            
62     84     146    -1203.907131            0.07811        0.01           87        NO             
62     86     148    -1218.327958            0.170518       0.01           88        YES            
62     88     150    -1233.413901            0.236262       0.01           89        YES            
62     90     152    -1249.036554            0.282978       0.01           90        YES            
62     130    192    -1417.518559            0.002447       0.01           91        YES            
62     132    194    -1419.371853            0.051666       0.01           92        YES            
62     134    196    -1420.678674            0.069876       0.009999       93        NO             
62     136    198    -1422.248704            0.210854       0.01           94        YES            
64     84     148    -1212.505071            -0.058422      0.01           95        YES            
64     86     150    -1227.935622            0.181889       0.01           96        YES            
64     88     152    -1244.276332            0.232718       0.01           97        YES            
64     90     154    -1260.766659            0.276072       0.01           98        YES            
64     130    194    -1448.626767            0.001862       0.01           99        YES            
64     132    196    -1451.020647            0.02367        0.01           100       YES            
64     134    198    -1453.149165            -0.005701      0.01           101       YES            
64     136    200    -1455.566978            0.206055       0.01           102       YES            
66     66     132    -1004.820874            -0.242057      0.01           473       YES            
66     130    196    -1477.363664            0.029527       0.01           103       YES            
66     132    198    -1480.536993            0.047534       0.01           104       YES            
66     134    200    -1483.426985            -0.099242      0.01           105       YES            
66     136    202    -1487.04886             0.193965       0.01           106       YES            
68     130    198    -1504.640214            0.055623       0.01           107       YES            
68     132    200    -1508.585506            0.074401       0.009999       108       NO             
68     134    202    -1512.271328            0.146846       0.009993       109       NO             
68     190    258    -1542.720607            0.072783       0.01           110       YES            
70     130    200    -1530.514116            0.068781       0.01           111       YES            
70     132    202    -1535.293076            0.093764       0.01           112       YES            
70     134    204    -1539.825747            0.14065        0.01           113       YES            
70     166    236    -1592.039887            0.2279         0.01           114       YES            
70     168    238    -1592.346787            0.217975       0.01           115       YES            
72     132    204    -1560.489107            0.098148       0.01           116       YES            
72     168    240    -1629.58125             0.184518       0.01           117       YES            
72     170    242    -1630.731796            0.172842       0.01           118       YES            
74     170    244    -1667.055421            0.161059       0.01           119       YES            
76     90     166    -1294.029699            0.164262       0.01           120       YES            
76     136    212    -1618.50041             0.127493       0.01           121       YES            
78     134    212    -1633.570941            0.057899       0.01           122       YES            
78     136    214    -1640.018527            0.077549       0.01           123       YES            
78     138    216    -1646.536881            -0.088591      0.01           124       YES            
80     134    214    -1653.966036            1.2e-05        0.01           125       YES            
80     136    216    -1661.219569            8e-06          0.01           126       YES            
80     138    218    -1667.991603            4e-06          0.01           127       YES            
80     140    220    -1674.780725            -0.075121      0.01           128       YES            
82     134    216    -1672.478563            1e-05          0.01           129       YES            
82     136    218    -1680.476486            7e-06          0.01           130       YES            
82     138    220    -1688.001996            3e-06          0.01           131       YES            
82     140    222    -1695.176047            -1e-06         0.01           132       YES            
82     142    224    -1702.139155            0.000545       0.01           133       YES            
84     132    216    -1672.092002            7e-06          0.01           134       YES            
84     134    218    -1681.271627            5e-06          0.01           135       YES            
84     136    220    -1690.773601            0.115974       0.01           136       YES            
84     154    238    -1767.044004            0.218466       0.01           137       YES            
84     156    240    -1773.973386            0.214113       0.01           138       YES            
84     158    242    -1780.681349            0.206003       0.01           139       YES            
84     160    244    -1787.114437            0.188951       0.01           140       YES            
84     162    246    -1793.370577            0.159217       0.01           141       YES            
84     194    278    -1856.139465            -2e-06         0.01           142       YES            
84     196    280    -1855.656261            -4e-06         0.01           143       YES            
84     198    282    -1854.852942            -0.03192       0.01           144       YES            
86     130    216    -1669.111974            0.072642       0.009929       145       NO             
86     132    218    -1680.084458            0.102265       0.009922       146       NO             
86     134    220    -1691.085875            0.127209       0.009963       147       NO             
86     136    222    -1702.08652             0.148699       0.009995       148       NO             
86     138    224    -1712.961244            0.167654       0.009302       149       NO             
86     140    226    -1723.459437            0.177753       0.01           150       YES            
86     142    228    -1733.628051            0.187413       0.01           151       YES            
86     152    238    -1778.990527            0.211929       0.01           152       YES            
86     154    240    -1786.768408            0.207274       0.01           153       YES            
86     156    242    -1794.289862            0.200893       0.01           154       YES            
86     158    244    -1801.640958            0.192463       0.01           155       YES            
86     160    246    -1808.819352            0.18119        0.01           156       YES            
86     164    250    -1822.456311            0.154736       0.01           157       YES            
86     192    278    -1884.595037            -3e-06         0.01           158       YES            
86     194    280    -1885.149683            0.081134       0.01           159       YES            
86     196    282    -1886.033149            0.116233       0.01           160       YES            
88     128    216    -1662.110768            3e-06          0.01           161       YES            
88     130    218    -1674.577976            0.094108       0.010006       162       NO             
88     132    220    -1687.074403            0.125035       0.01           163       YES            
88     134    222    -1699.715721            0.151638       0.01           164       YES            
88     136    224    -1712.283637            0.174801       0.01           474       YES            
88     138    226    -1724.367862            0.191063       0.009898       165       NO             
88     140    228    -1736.025268            0.201377       0.009946       166       NO             
88     142    230    -1747.288563            0.209417       0.01           167       YES            
88     144    232    -1758.021094            0.216991       0.01           168       YES            
88     154    242    -1804.531828            0.215641       0.01           169       YES            
88     156    244    -1812.61033             0.208535       0.01           170       YES            
88     158    246    -1820.578432            0.200361       0.01           171       YES            
88     160    248    -1828.371482            0.189787       0.01           172       YES            
88     162    250    -1835.941596            0.177194       0.01           173       YES            
88     172    260    -1870.343236            -0.113229      0.01           174       YES            
88     190    278    -1910.810974            0.000295       0.01           175       YES            
88     192    280    -1911.877549            0.029114       0.009999       176       NO             
88     194    282    -1913.35504             0.113938       0.009566       177       NO             
88     196    284    -1915.280796            0.136784       0.009991       178       NO             
88     198    286    -1917.365419            0.152667       0.01           179       YES            
88     200    288    -1919.2032              0.165293       0.01           180       YES            
88     202    290    -1920.86275             0.175131       0.01           181       YES            
88     204    292    -1922.17381             0.181977       0.01           182       YES            
90     128    218    -1665.021532            9e-06          0.01           183       YES            
90     130    220    -1678.666293            0.111376       0.01           184       YES            
90     132    222    -1692.773056            0.14924        0.01           185       YES            
90     134    224    -1707.289916            0.177703       0.00998        186       NO             
90     136    226    -1721.47624             0.198916       0.01           187       YES            
90     138    228    -1734.854755            0.213343       0.01           188       YES            
90     140    230    -1747.576754            0.223332       0.01           189       YES            
90     156    246    -1829.376401            0.221267       0.01           190       YES            
90     158    248    -1837.987405            0.212833       0.01           191       YES            
90     160    250    -1846.375732            0.203228       0.01           192       YES            
90     162    252    -1854.402607            0.191159       0.01           193       YES            
90     190    280    -1936.405603            4e-06          0.01           194       YES            
90     192    282    -1937.877356            9e-05          0.01           195       YES            
90     194    284    -1940.159049            0.132489       0.01           196       YES            
90     196    286    -1943.239014            0.15763        0.009826       197       NO             
90     198    288    -1946.268807            0.172077       0.01           198       YES            
90     222    312    -1959.120278            0.190346       0.01           199       YES            
90     224    314    -1958.740201            0.185793       0.01           200       YES            
92     128    220    -1666.798992            0.002133       0.01           201       YES            
92     130    222    -1681.522491            0.128241       0.01           202       YES            
92     132    224    -1697.226913            0.171649       0.01           203       YES            
92     134    226    -1713.389431            0.203944       0.009935       204       NO             
92     136    228    -1729.03728             0.220432       0.01           205       YES            
92     158    250    -1853.96608             0.226137       0.01           206       YES            
92     162    254    -1871.240068            0.204958       0.01           207       YES            
92     164    256    -1879.274452            0.190921       0.01           208       YES            
92     190    282    -1960.49932             4.3e-05        0.01           209       YES            
92     192    284    -1962.502939            8e-05          0.01           210       YES            
92     194    286    -1965.854913            0.15474        0.01           211       YES            
92     196    288    -1970.070359            0.173762       0.01           212       YES            
92     198    290    -1973.8408              0.186588       0.01           213       YES            
92     226    318    -1992.692501            0.191736       0.01           214       YES            
92     230    322    -1992.272252            0.172604       0.01           215       YES            
94     128    222    -1667.43542             2.4e-05        0.01           216       YES            
94     130    224    -1683.285031            0.143132       0.01           217       YES            
94     132    226    -1700.168149            0.206407       0.01           218       YES            
94     134    228    -1717.265573            0.226518       0.01           219       YES            
94     136    230    -1733.787454            0.233476       0.01           220       YES            
94     138    232    -1749.429625            0.241635       0.01           221       YES            
94     140    234    -1764.291264            0.250389       0.01           222       YES            
94     142    236    -1778.346906            0.256694       0.01           223       YES            
94     160    254    -1878.006003            0.230395       0.01           224       YES            
94     188    282    -1979.693624            0.000218       0.01           225       YES            
94     190    284    -1982.376424            -0.000126      0.01           226       YES            
94     192    286    -1985.172565            0.115865       0.01           227       YES            
94     194    288    -1990.458289            0.182372       0.01           228       YES            
94     196    290    -1995.305236            0.190012       0.01           229       YES            
94     198    292    -1999.778179            0.196952       0.01           230       YES            
94     230    324    -2026.214908            0.179446       0.01           231       YES            
94     232    326    -2026.152251            0.165991       0.01           232       YES            
94     234    328    -2026.034215            0.15525        0.01           233       YES            
96     126    222    -1651.863627            1.6e-05        0.01           234       YES            
96     128    224    -1666.886157            2.7e-05        0.01           235       YES            
96     130    226    -1683.951182            0.270104       0.01           236       YES            
96     132    228    -1702.110656            0.255687       0.01           237       YES            
96     138    234    -1753.722376            0.248884       0.01           238       YES            
96     160    256    -1892.016085            0.242227       0.01           239       YES            
96     162    258    -1901.2798              0.231572       0.01           240       YES            
96     182    278    -1984.812421            0.000596       0.01           241       YES            
96     184    280    -1992.065129            4.3e-05        0.01           242       YES            
96     186    282    -1996.115994            0.000265       0.01           243       YES            
96     188    284    -1999.454327            0.000617       0.01           244       YES            
96     190    286    -2002.712604            0.000267       0.01           245       YES            
96     192    288    -2007.715053            0.233625       0.01           246       YES            
96     194    290    -2013.222009            0.226139       0.01           247       YES            
96     196    292    -2018.54404             0.219609       0.01           248       YES            
96     234    330    -2059.363531            0.164815       0.01           249       YES            
96     256    352    -2059.921               0.000468       0.01           250       YES            
96     258    354    -2059.418105            0.000458       0.01           251       YES            
96     260    356    -2056.831291            0.000778       0.01           252       YES            
96     262    358    -2053.445908            0.001452       0.01           253       YES            
98     126    224    -1649.350806            1.4e-05        0.01           254       YES            
98     128    226    -1665.379253            0.308225       0.01           255       YES            
98     130    228    -1684.363729            0.296595       0.01           256       YES            
98     162    260    -1914.368114            0.242484       0.01           257       YES            
98     164    262    -1923.495036            0.2263         0.01           258       YES            
98     166    264    -1932.463725            0.202964       0.01           259       YES            
98     182    280    -2001.668151            0.001588       0.01           260       YES            
98     184    282    -2009.468327            0.000218       0.01           261       YES            
98     186    284    -2014.090021            0.000399       0.01           262       YES            
98     188    286    -2017.994462            0.001297       0.01           263       YES            
98     190    288    -2022.959867            0.306888       0.01           264       YES            
98     192    290    -2029.008086            0.259935       0.01           265       YES            
98     194    292    -2034.936734            0.250353       0.01           266       YES            
98     196    294    -2040.692718            0.242725       0.01           267       YES            
98     256    354    -2094.362819            0.001127       0.01           268       YES            
98     258    356    -2094.168729            0.000826       0.01           269       YES            
98     260    358    -2091.934454            0.001405       0.01           270       YES            
98     262    360    -2088.907737            0.003306       0.01           271       YES            
100    126    226    -1645.679138            7e-06          0.01           272       YES            
100    128    228    -1663.303799            0.328308       0.01           273       YES            
100    162    262    -1925.722219            0.245453       0.01           274       YES            
100    164    264    -1935.545809            0.227387       0.01           275       YES            
100    166    266    -1945.130708            0.207679       0.01           276       YES            
100    168    268    -1954.56594             0.191439       0.01           277       YES            
100    182    282    -2017.585989            -0.03236       0.01           278       YES            
100    184    284    -2025.717243            0.000261       0.01           279       YES            
100    186    286    -2030.90076             0.000509       0.01           280       YES            
100    188    288    -2035.652759            0.323796       0.01           281       YES            
100    190    290    -2042.433681            0.322038       0.01           282       YES            
100    192    292    -2048.947157            0.319601       0.01           283       YES            
100    194    294    -2055.183661            0.307078       0.01           284       YES            
100    196    296    -2061.346816            0.259034       0.01           285       YES            
100    256    356    -2127.805263            0.001847       0.01           286       YES            
100    258    358    -2127.911853            0.001085       0.01           287       YES            
100    260    360    -2126.040921            0.001943       0.01           288       YES            
100    262    362    -2123.369056            -0.008275      0.010002       289       NO             
100    264    364    -2121.194765            0.051876       0.009917       290       NO             
102    128    230    -1658.907975            -0.265656      0.01           291       YES            
102    130    232    -1678.145463            -0.272965      0.01           475       YES            
102    132    234    -1696.942439            -0.278915      0.01           476       YES            
102    134    236    -1718.990112            0.330356       0.01           292       YES            
102    136    238    -1737.841759            0.308663       0.01           293       YES            
102    162    264    -1935.610353            0.24249        0.01           294       YES            
102    164    266    -1946.194812            0.227233       0.01           295       YES            
102    166    268    -1956.340086            0.212054       0.01           296       YES            
102    168    270    -1966.272796            0.197509       0.01           297       YES            
102    182    284    -2032.350224            -0.039707      0.010001       298       NO             
102    184    286    -2040.834321            0.000293       0.01           299       YES            
102    186    288    -2046.582546            0.000595       0.01           300       YES            
102    188    290    -2051.877517            -0.180254      0.01           301       YES            
102    190    292    -2058.132294            -0.186659      0.01           302       YES            
102    192    294    -2067.656753            0.324958       0.01           303       YES            
102    256    358    -2160.262153            0.002448       0.01           304       YES            
102    258    360    -2160.658971            0.001239       0.01           305       YES            
102    260    362    -2159.15269             0.002273       0.01           306       YES            
102    262    364    -2156.863313            -0.012793      0.010003       307       NO             
102    264    366    -2155.110983            0.054533       0.009764       308       NO             
104    134    238    -1715.746589            0.366074       0.01           309       YES            
104    136    240    -1735.082892            0.348255       0.01           310       YES            
104    164    268    -1955.34112             0.229336       0.01           311       YES            
104    166    270    -1966.051839            0.216089       0.01           312       YES            
104    168    272    -1976.567096            0.201938       0.01           313       YES            
104    170    274    -1986.912229            0.188099       0.01           314       YES            
104    172    276    -1997.245145            0.384832       0.01           315       YES            
104    182    286    -2045.927912            -0.04136       0.010077       316       NO             
104    184    288    -2054.85535             0.000303       0.01           317       YES            
104    186    290    -2061.161481            0.000635       0.01           318       YES            
104    188    292    -2067.694929            -0.184523      0.01           319       YES            
104    190    294    -2074.525409            -0.190315      0.01           320       YES            
104    192    296    -2081.092404            -0.197182      0.01           477       YES            
104    252    356    -2189.698139            0.346406       0.01           321       YES            
104    256    360    -2191.740926            0.002031       0.01           322       YES            
104    258    362    -2192.420942            0.001244       0.01           323       YES            
104    260    364    -2191.277881            0.002336       0.01           324       YES            
104    262    366    -2189.37525             0.014183       0.01           325       YES            
104    264    368    -2188.212708            0.297271       0.01           326       YES            
106    156    262    -1908.933015            0.257452       0.01           327       YES            
106    162    268    -1950.992949            0.239209       0.01           328       YES            
106    166    272    -1974.475836            0.217342       0.01           329       YES            
106    168    274    -1985.627969            0.204626       0.01           330       YES            
106    170    276    -1996.619275            0.192332       0.01           331       YES            
106    172    278    -2007.143475            0.179863       0.01           332       YES            
106    182    288    -2058.389859            -0.040647      0.010005       333       NO             
106    184    290    -2067.78617             0.000279       0.01           334       YES            
106    186    292    -2074.647744            0.000599       0.01           335       YES            
106    188    294    -2082.054002            -0.186454      0.01           336       YES            
106    190    296    -2089.47199             -0.191993      0.01           337       YES            
106    192    298    -2096.614315            -0.197799      0.01           338       YES            
106    194    300    -2103.552097            -0.20488       0.01           478       YES            
106    196    302    -2110.591898            -0.236919      0.01           479       YES            
106    198    304    -2122.748088            0.317004       0.01           339       YES            
106    238    344    -2211.328531            0.181032       0.01           340       YES            
106    250    356    -2219.727485            0.34347        0.01           341       YES            
106    254    360    -2221.61966             -0.055299      0.01           342       YES            
106    256    362    -2222.249006            0.00116        0.01           343       YES            
106    258    364    -2223.204694            0.00108        0.01           344       YES            
106    260    366    -2222.439774            0.002101       0.01           345       YES            
106    262    368    -2220.899948            0.009732       0.01           346       YES            
106    264    370    -2219.753197            0.049745       0.01           347       NO             
108    154    262    -1895.688726            0.255589       0.01           348       YES            
108    156    264    -1911.399734            0.252018       0.01           349       YES            
108    158    266    -1926.942661            0.248487       0.01           350       YES            
108    164    272    -1969.3161              0.22467        0.01           351       YES            
108    166    274    -1981.443691            0.215329       0.01           352       YES            
108    168    276    -1993.223592            0.205267       0.01           353       YES            
108    170    278    -2004.780977            0.19492        0.01           354       YES            
108    172    280    -2015.834834            0.185824       0.01           355       YES            
108    180    288    -2059.612296            -0.074121      0.01           356       YES            
108    182    290    -2069.682239            -0.036144      0.01           357       NO             
108    184    292    -2079.637587            0.000241       0.01           358       YES            
108    186    294    -2087.066916            0.000511       0.01           359       YES            
108    188    296    -2094.958862            -0.186716      0.01           360       YES            
108    190    298    -2102.958472            -0.192289      0.01           361       YES            
108    192    300    -2110.691567            -0.197941      0.01           362       YES            
108    194    302    -2118.197507            -0.203895      0.01           363       YES            
108    196    304    -2125.534693            -0.210452      0.01           480       YES            
108    198    306    -2132.678817            -0.219348      0.01           481       YES            
108    244    352    -2242.577306            0.344885       0.01           364       YES            
108    246    354    -2244.611073            0.344854       0.01           365       YES            
108    248    356    -2246.406436            0.345706       0.01           366       YES            
108    250    358    -2247.978015            0.346948       0.01           367       YES            
108    252    360    -2249.562467            -0.072327      0.01           368       YES            
108    254    362    -2250.74683             -0.051232      0.01           369       YES            
108    256    364    -2251.783024            0.001008       0.01           370       YES            
108    258    366    -2253.007911            0.000799       0.01           371       YES            
108    260    368    -2252.624768            0.001622       0.01           372       YES            
108    262    370    -2251.471715            -0.00682       0.01           482       YES            
108    264    372    -2250.472913            0.037026       0.01           483       YES            
108    266    374    -2249.664557            -0.264333      0.01           484       YES            
108    268    376    -2249.719584            -0.265389      0.01           485       YES            
110    152    262    -1876.62164             0.248761       0.01           373       YES            
110    154    264    -1893.728056            0.246277       0.01           374       YES            
110    156    266    -1910.316398            0.243358       0.01           375       YES            
110    158    268    -1926.734287            0.240464       0.01           376       YES            
110    160    270    -1942.823587            0.235631       0.01           377       YES            
110    164    274    -1972.26003             0.217585       0.01           378       YES            
110    166    276    -1985.337778            0.208842       0.01           379       YES            
110    168    278    -1997.995639            0.199732       0.01           380       YES            
110    170    280    -2010.404261            0.189499       0.01           381       YES            
110    186    296    -2098.409059            0.000393       0.01           382       YES            
110    188    298    -2107.322403            0.367032       0.01           383       YES            
110    190    300    -2114.812279            -0.190261      0.01           384       YES            
110    192    302    -2123.081874            -0.195929      0.01           385       YES            
110    194    304    -2131.126996            -0.201683      0.01           486       YES            
110    196    306    -2138.950152            -0.207746      0.01           487       YES            
110    198    308    -2146.356574            -0.31991       0.01           488       YES            
110    200    310    -2154.052806            -0.221237      0.01           489       YES            
110    250    360    -2274.944156            0.351118       0.01           386       YES            
110    252    362    -2276.745565            0.351476       0.01           387       YES            
110    254    364    -2278.647576            -0.044368      0.01           388       YES            
110    256    366    -2279.63823             0.350209       0.01           389       YES            
110    260    370    -2281.834297            0.001052       0.01           490       YES            
110    262    372    -2281.086254            0.00318        0.01           491       YES            
110    264    374    -2280.29799             0.019973       0.01           492       YES            
110    266    376    -2279.563678            -0.267552      0.01           493       YES            
110    268    378    -2279.927717            -0.269227      0.01           494       YES            
110    270    380    -2280.199992            -0.269683      0.01           495       YES            
112    152    264    -1872.584861            0.235085       0.01           390       YES            
112    154    266    -1890.535134            0.233784       0.01           391       YES            
112    156    268    -1907.979965            0.232802       0.01           392       YES            
112    158    270    -1925.274368            0.23176        0.01           393       YES            
112    160    272    -1942.335364            0.228349       0.01           394       YES            
112    164    276    -1973.854913            0.212403       0.01           395       YES            
112    188    300    -2116.498927            0.000802       0.01           396       YES            
112    190    302    -2125.132947            -0.185131      0.010011       397       NO             
112    192    304    -2133.911658            -0.190705      0.01           496       YES            
112    194    306    -2141.879176            -0.318908      0.01           497       YES            
112    196    308    -2151.441213            0.167834       0.01           498       YES            
112    198    310    -2159.05059             -0.214942      0.01           499       YES            
112    200    312    -2167.046612            -0.223337      0.01           500       YES            
112    202    314    -2175.089679            -0.296128      0.01           501       YES            
112    250    362    -2300.53542             0.360429       0.01           398       YES            
112    252    364    -2302.774851            0.359841       0.01           399       YES            
112    254    366    -2304.791893            0.359485       0.01           400       YES            
112    262    374    -2309.707207            0.001492       0.01           502       YES            
112    264    376    -2309.281443            0.004191       0.01           503       YES            
112    266    378    -2308.849437            0.035343       0.01           504       YES            
112    268    380    -2308.651978            -0.28107       0.01           505       YES            
112    270    382    -2309.200229            -0.280471      0.01           506       YES            
112    272    384    -2309.672129            -0.279842      0.01           507       YES            
112    276    388    -2314.236708            0.307416       0.01           401       YES            
114    156    270    -1904.680852            0.217474       0.01           402       YES            
114    162    276    -1958.023131            0.211883       0.01           403       YES            
114    164    278    -1974.093953            0.203929       0.01           404       YES            
114    190    304    -2134.295551            -0.001394      0.01           508       YES            
114    192    306    -2142.584818            -0.318439      0.01           405       YES            
114    194    308    -2152.598658            -0.186152      0.01           406       YES            
114    196    310    -2161.806723            0.124406       0.01           509       YES            
114    202    316    -2187.284819            -0.233625      0.01           510       YES            
114    204    318    -2195.512223            -0.239176      0.01           511       YES            
114    264    378    -2337.064414            0.001943       0.01           512       YES            
114    266    380    -2337.039795            0.005313       0.01           513       YES            
114    268    382    -2336.389622            -0.293207      0.01           514       YES            
114    270    384    -2337.264308            -0.292402      0.01           515       YES            
114    272    386    -2338.024649            -0.291676      0.01           407       YES            
114    274    388    -2338.681301            -0.291113      0.01           516       YES            
114    278    392    -2343.428014            0.307779       0.01           408       YES            
114    282    396    -2343.528282            0.302712       0.01           409       YES            
114    284    398    -2343.293688            0.300831       0.01           410       YES            
114    286    400    -2343.632314            0.21849        0.01           411       YES            
114    288    402    -2343.87775             0.210604       0.01           412       YES            
114    290    404    -2343.81734             0.2073         0.01           413       YES            
114    292    406    -2343.575104            0.205132       0.01           414       YES            
114    294    408    -2343.124333            0.203319       0.01           415       YES            
114    296    410    -2342.461666            0.201555       0.01           416       YES            
116    160    276    -1937.703463            0.199782       0.01           417       YES            
116    190    306    -2142.42097             -0.032708      0.009999       418       NO             
116    192    308    -2151.192167            -0.321383      0.01           517       YES            
116    194    310    -2161.86276             -0.134755      0.01           419       YES            
116    196    312    -2171.255459            -0.139438      0.01           518       NO             
116    198    314    -2180.850132            0.121154       0.01           519       YES            
116    202    318    -2198.442996            -0.23563       0.01           520       YES            
116    264    380    -2363.229676            0.002421       0.01           420       YES            
116    266    382    -2363.657274            0.007181       0.01           421       YES            
116    268    384    -2363.340388            -0.303905      0.01           422       YES            
116    270    386    -2364.585537            -0.303185      0.01           521       YES            
116    272    388    -2365.662655            -0.301849      0.01           522       YES            
116    274    390    -2366.592542            -0.300431      0.01           523       YES            
116    276    392    -2367.403127            -0.299149      0.01           524       YES            
116    284    400    -2372.46491             0.30145        0.01           423       YES            
116    286    402    -2372.409518            0.29978        0.01           424       YES            
116    288    404    -2373.273956            0.216363       0.01           425       YES            
116    290    406    -2373.720694            0.209407       0.01           426       YES            
116    292    408    -2373.823062            0.20487        0.01           427       YES            
116    294    410    -2373.763892            0.20222        0.01           428       YES            
116    296    412    -2373.515525            0.200045       0.01           429       YES            
116    298    414    -2373.067992            0.1981         0.01           430       YES            
116    300    416    -2372.435594            0.195948       0.01           431       YES            
118    162    280    -1951.587232            0.182983       0.01           432       YES            
118    188    306    -2139.065084            0.001938       0.01           433       YES            
118    190    308    -2148.958991            -0.044168      0.010006       434       NO             
118    192    310    -2159.419442            -0.120378      0.01           435       YES            
118    194    312    -2169.662708            -0.12844       0.01           525       YES            
118    196    314    -2179.674962            -0.133535      0.01           526       YES            
118    198    316    -2189.452917            -0.137134      0.01           527       YES            
118    200    318    -2198.939962            -0.139455      0.010002       528       NO             
118    264    382    -2387.947117            0.002477       0.01           436       YES            
118    266    384    -2388.840988            0.007826       0.01           437       YES            
118    268    386    -2389.725357            0.02145        0.01           438       YES            
118    270    388    -2390.629594            0.039367       0.01           439       YES            
118    272    390    -2391.514467            -0.237919      0.01           529       YES            
118    274    392    -2393.557274            -0.310552      0.01           440       YES            
118    276    394    -2394.685161            -0.308705      0.01           530       YES            
118    284    402    -2400.680312            0.300514       0.01           441       YES            
118    286    404    -2401.00176             0.298485       0.01           442       YES            
118    288    406    -2401.778644            0.226929       0.01           443       YES            
118    290    408    -2402.370276            0.215507       0.01           444       YES            
118    292    410    -2403.005023            0.206507       0.01           445       YES            
118    294    412    -2403.309032            0.20164        0.01           446       YES            
118    296    414    -2403.416579            0.198713       0.01           447       YES            
118    298    416    -2403.332317            0.196563       0.01           448       YES            
118    300    418    -2403.050757            0.19454        0.01           449       YES            
120    166    286    -1980.250336            -0.360426      0.01           450       YES            
120    188    308    -2143.505914            0.001184       0.01           451       YES            
120    190    310    -2153.813336            -0.027252      0.01           452       YES            
120    192    312    -2164.735999            -0.119485      0.01           453       YES            
120    194    314    -2175.58915             -0.132212      0.01           454       YES            
120    196    316    -2186.199392            -0.137778      0.01           531       YES            
120    198    318    -2196.563797            -0.140673      0.01           532       YES            
120    200    320    -2206.665161            -0.14221       0.01           533       YES            
120    202    322    -2216.781095            0.164951       0.01           534       YES            
120    210    330    -2256.16626             -0.356182      0.01           455       YES            
120    216    336    -2282.668353            -0.360868      0.01           456       YES            
120    218    338    -2291.186768            -0.362372      0.01           457       YES            
120    262    382    -2409.832194            0.00066        0.01           458       YES            
120    264    384    -2411.272532            0.001218       0.01           459       YES            
120    266    386    -2412.624774            0.002229       0.01           460       YES            
120    268    388    -2414.010171            -0.154427      0.01           461       YES            
120    270    390    -2415.656836            -0.155292      0.01           462       YES            
120    272    392    -2417.161812            -0.15682       0.01           463       YES            
120    274    394    -2417.87709             -0.245786      0.01           535       YES            
120    276    396    -2419.301345            -0.25036       0.009998       536       NO             
120    278    398    -2420.676275            -0.254415      0.009999       537       NO             
120    296    416    -2432.07599             0.202535       0.01           464       YES            
120    298    418    -2432.351248            0.198035       0.01           465       YES            
