Z      N      A      Binding_Energy_(MeV)    Q20_total (b)  beta3_total    fileID    Convergence    
14     2      16     21.819099               -1.305225      0.0            4         YES            
26     36     62     -537.136849             1.41423        0.0            33        YES            
32     70     102    -745.086                6.776009       0.0            45        YES            
34     78     112    -795.269897             6.149378       0.0            62        YES            
36     32     68     -547.325096             -2.580138      0.0            73        YES            
40     56     96     -830.587774             0.001328       0.0            95        YES            
40     58     98     -841.653877             -0.000216      0.0            110       YES            
40     60     100    -851.10838              -0.008886      0.0            126       YES            
42     58     100    -860.742912             0.00072        0.0            144       YES            
42     74     116    -941.36302              -5.482779      0.0            158       YES            
42     104    146    -975.151976             -0.07911       0.0            181       YES            
52     58     110    -920.063779             4.92515        0.0            204       YES            
52     72     124    -1049.847849            5.789978       0.0            219       YES            
54     54     108    -873.321073             5.059204       0.0            237       YES            
54     56     110    -898.879526             5.883628       0.0            255       YES            
54     58     112    -922.74715              6.905855       0.0            272       YES            
54     72     126    -1064.190013            7.85164        0.0            289       YES            
54     74     128    -1080.538674            6.601092       0.0            306       YES            
54     88     142    -1167.926812            6.467251       0.0            319       YES            
54     90     144    -1175.330823            8.214568       0.0            336       YES            
56     54     110    -869.467849             5.966156       0.0            356       YES            
56     56     112    -897.206387             6.869969       0.0            374       YES            
56     58     114    -923.129759             8.486884       0.0            391       YES            
56     86     142    -1179.931782            5.372975       0.0            404       YES            
56     88     144    -1189.122271            7.415349       0.0            421       YES            
56     90     146    -1198.038045            9.417603       0.0            440       YES            
58     54     112    -863.384969             6.971845       0.0            458       YES            
58     56     114    -893.11064              8.292889       0.0            475       YES            
58     86     144    -1197.324625            5.279897       0.0            489       YES            
58     88     146    -1207.670286            7.695547       0.0            506       YES            
58     90     148    -1218.253586            11.427066      0.0            525       YES            
60     86     146    -1212.575694            4.520626       0.0            540       YES            
60     88     148    -1223.904537            8.363047       0.0            557       YES            
60     136    196    -1365.714801            -5.193321      0.0            568       YES            
62     86     148    -1225.855487            3.423415       0.0            591       YES            
62     88     150    -1238.387541            9.937684       0.0            608       YES            
62     90     152    -1252.688522            13.780121      0.0            629       YES            
62     132    194    -1402.108027            4.207904       0.0            642       YES            
62     134    196    -1402.680902            4.94747        0.0            658       YES            
62     136    198    -1402.976953            -5.860553      0.0            670       YES            
62     138    200    -1403.539248            -9.706224      0.0            687       YES            
62     140    202    -1403.812687            -11.117308     0.0            704       YES            
64     86     150    -1236.938505            -3.027784      0.0            721       YES            
64     88     152    -1251.015902            10.438862      0.0            744       YES            
64     130    194    -1434.283255            1.71948        0.0            761       YES            
64     132    196    -1435.816532            3.468098       0.0            775       YES            
64     134    198    -1437.035452            4.248416       0.0            792       YES            
64     136    200    -1438.427687            -9.546665      0.0            806       YES            
64     138    202    -1439.920385            -11.197961     0.0            823       YES            
64     140    204    -1441.021119            -12.541492     0.0            840       YES            
66     72     138    -1100.074058            14.230415      0.0            867       YES            
66     84     150    -1230.774025            0.009797       0.0            875       YES            
66     86     152    -1246.09103             -5.196937      0.0            892       YES            
66     88     154    -1261.682507            10.291986      0.0            914       YES            
66     94     160    -1309.51069             17.232924      0.0            935       YES            
66     130    196    -1465.24551             2.379379       0.0            948       YES            
66     132    198    -1467.495129            4.07658        0.0            962       YES            
66     134    200    -1469.617729            -8.422372      0.0            976       YES            
66     136    202    -1472.114214            -10.372842     0.0            993       YES            
66     138    204    -1474.360326            -11.800272     0.0            1010      YES            
68     86     154    -1253.376741            -5.821116      0.0            1028      YES            
68     130    198    -1494.519273            3.097743       0.0            1047      YES            
68     132    200    -1497.510966            5.356128       0.0            1064      YES            
68     134    202    -1500.532656            -8.950533      0.0            1078      YES            
68     136    204    -1503.650222            -10.604536     0.0            1095      YES            
68     138    206    -1506.88099             17.567333      0.0            1117      YES            
70     90     160    -1295.390485            11.928999      0.0            1135      YES            
70     92     162    -1313.080852            14.101143      0.0            1152      YES            
70     94     164    -1330.261733            16.036437      0.0            1169      YES            
70     96     166    -1346.827951            17.788188      0.0            1190      YES            
70     130    200    -1522.244761            3.935507       0.0            1200      YES            
70     132    202    -1526.028271            6.580322       0.0            1217      YES            
70     134    204    -1529.574188            10.45307       0.0            1235      YES            
70     136    206    -1533.613233            14.353418      0.0            1252      YES            
72     92     164    -1319.823447            13.224168      0.0            1271      YES            
72     94     166    -1337.937529            15.296883      0.0            1288      YES            
72     96     168    -1355.480892            17.352654      0.0            1305      YES            
72     130    202    -1548.382595            4.17812        0.0            1319      YES            
72     132    204    -1552.952737            6.977726       0.0            1336      YES            
72     134    206    -1557.319889            10.188317      0.0            1354      YES            
72     136    208    -1561.964593            13.437215      0.0            1371      YES            
74     92     166    -1324.607224            12.113684      0.0            1390      YES            
74     94     168    -1343.683109            15.335689      0.0            1406      YES            
74     96     170    -1362.380361            17.76301       0.0            1424      YES            
74     98     172    -1380.296163            18.916511      0.0            1441      YES            
74     130    204    -1572.928982            3.68397        0.0            1455      YES            
74     132    206    -1578.200936            6.504807       0.0            1472      YES            
74     134    208    -1583.263522            9.12308        0.0            1489      YES            
74     136    210    -1588.457401            12.017485      0.0            1507      YES            
76     96     172    -1367.223608            17.770513      0.0            1526      YES            
76     98     174    -1386.081183            18.805017      0.0            1543      YES            
76     132    208    -1601.823917            5.231242       0.0            1557      YES            
76     134    210    -1607.497232            7.579224       0.0            1574      YES            
76     136    212    -1613.170001            9.976113       0.0            1591      YES            
76     138    214    -1618.87919             12.402572      0.0            1609      YES            
78     90     168    -1307.583447            7.551984       0.0            1628      YES            
78     96     174    -1369.807983            17.42959       0.0            1646      YES            
78     100    178    -1408.975104            19.617351      0.0            1661      YES            
78     132    210    -1623.986071            2.733576       0.0            1676      YES            
78     134    212    -1630.235191            5.130055       0.0            1693      YES            
78     136    214    -1636.540126            -7.040413      0.0            1708      YES            
78     138    216    -1642.649895            -8.129072      0.0            1725      YES            
78     140    218    -1648.582938            19.204588      0.0            1748      YES            
80     92     172    -1328.227953            6.009259       0.0            1761      YES            
80     96     176    -1370.460164            16.976225      0.0            1782      YES            
80     132    212    -1645.00302             0.0            0.0            1794      YES            
80     134    214    -1651.84151             3e-06          0.0            1811      YES            
80     136    216    -1658.505737            -3.072302      0.0            1827      YES            
80     138    218    -1665.30096             -5.647155      0.0            1844      YES            
80     140    220    -1671.842783            -6.511245      0.0            1861      YES            
80     142    222    -1678.129054            -7.05138       0.0            1878      YES            
82     92     174    -1326.71558             0.080536       0.0            1897      YES            
82     94     176    -1348.679024            0.231878       0.0            1914      YES            
82     96     178    -1370.268647            -0.19856       0.0            1929      YES            
82     132    214    -1663.504793            -0.0           0.0            1947      YES            
82     134    216    -1671.119911            0.040391       0.0            1965      YES            
82     136    218    -1678.5474              0.060579       0.0            1982      YES            
82     138    220    -1685.766622            0.109315       0.0            1999      YES            
82     140    222    -1692.799792            -2.388545      0.0            2014      YES            
82     142    224    -1699.728514            -3.819089      0.0            2031      YES            
82     144    226    -1706.757951            21.977056      0.0            2053      YES            
84     132    216    -1675.474983            0.195172       0.0            2067      YES            
84     134    218    -1684.313282            -3.971013      0.0            2082      YES            
84     136    220    -1693.142322            7.593977       0.0            2101      YES            
84     192    276    -1828.949808            -0.0           0.0            2117      YES            
84     194    278    -1827.997346            5.804808       0.0            2136      YES            
84     196    280    -1827.322968            -8.574418      0.0            2149      YES            
86     132    218    -1686.704817            6.356737       0.0            2169      YES            
86     134    220    -1697.103903            9.832549       0.0            2186      YES            
86     192    278    -1861.695372            7.329937       0.0            2203      YES            
86     194    280    -1861.666589            11.316749      0.0            2221      YES            
88     132    220    -1696.12069             7.912505       0.0            2237      YES            
88     134    222    -1707.621951            12.212041      0.0            2255      YES            
88     136    224    -1719.290973            15.573799      0.0            2273      YES            
88     138    226    -1730.67562             17.882724      0.0            2290      YES            
88     192    280    -1893.005537            7.837929       0.0            2305      YES            
88     194    282    -1893.634763            11.383351      0.0            2322      YES            
90     130    220    -1692.084356            -0.101411      0.0            2337      YES            
90     132    222    -1703.607919            7.591584       0.0            2356      YES            
90     134    224    -1716.389062            15.029085      0.0            2375      YES            
90     136    226    -1729.674279            18.51608       0.0            2392      YES            
90     138    228    -1742.332994            20.698637      0.0            2409      YES            
90     192    282    -1922.72048             4.046158       0.0            2424      YES            
90     194    284    -1923.734522            8.956773       0.0            2441      YES            
92     130    222    -1697.707734            -0.061343      0.0            2456      YES            
92     132    224    -1709.83974             -0.389775      0.0            2473      YES            
92     134    226    -1724.035068            18.186193      0.0            2494      YES            
92     136    228    -1738.639066            21.144496      0.0            2511      YES            
92     138    230    -1752.437229            22.908493      0.0            2528      YES            
92     192    284    -1951.173256            -0.253076      0.0            2541      YES            
92     194    286    -1952.407499            -5.116091      0.0            2558      YES            
92     196    288    -1953.825619            11.623366      0.0            2577      YES            
94     130    224    -1700.700481            0.109643       0.0            2594      YES            
94     132    226    -1714.053038            -5.446648      0.0            2608      YES            
94     134    228    -1730.15492             21.744543      0.0            2630      YES            
94     136    230    -1745.709541            23.428677      0.0            2647      YES            
94     188    282    -1972.34707             -0.074351      0.0            2660      YES            
94     190    284    -1974.084146            -1e-06         0.0            2678      YES            
94     192    286    -1976.198197            -6.332799      0.0            2694      YES            
94     194    288    -1978.573327            10.965473      0.0            2713      YES            
94     196    290    -1980.926078            13.725063      0.0            2730      YES            
94     198    292    -1983.045943            16.796434      0.0            2747      YES            
96     128    224    -1687.727154            -0.062198      0.0            2762      YES            
96     130    226    -1701.733704            -2.090572      0.0            2778      YES            
96     132    228    -1717.55313             24.648774      0.0            2802      YES            
96     134    230    -1734.545341            24.988543      0.0            2817      YES            
96     186    282    -1991.655291            -0.0           0.0            2831      YES            
96     188    284    -1993.932136            -1e-06         0.0            2848      YES            
96     190    286    -1996.786553            -7.036175      0.0            2864      YES            
96     192    288    -1999.831062            11.479196      0.0            2883      YES            
96     194    290    -2003.232944            14.590291      0.0            2900      YES            
96     196    292    -2006.416563            17.648724      0.0            2917      YES            
96     198    294    -2009.676894            25.8536        0.0            2934      YES            
98     126    224    -1670.751783            -0.0           0.0            2950      YES            
98     128    226    -1686.537701            1e-06          0.0            2967      YES            
98     130    228    -1702.044844            -6.767022      0.0            2982      YES            
98     132    230    -1719.626546            28.332228      0.0            3006      YES            
98     134    232    -1737.240027            27.418389      0.0            3021      YES            
98     186    284    -2011.360594            -1e-06         0.0            3035      YES            
98     188    286    -2014.238666            -4e-06         0.0            3052      YES            
98     190    288    -2018.284997            -9.001665      0.0            3068      YES            
98     192    290    -2022.307828            14.326189      0.0            3087      YES            
98     194    292    -2026.643925            17.754135      0.0            3104      YES            
98     196    294    -2030.808315            22.058038      0.0            3121      YES            
98     198    296    -2034.849008            26.417402      0.0            3138      YES            
98     232    330    -2063.122571            -30.091182     0.0            3150      YES            
98     234    332    -2063.477635            -29.978777     0.0            3167      YES            
98     236    334    -2063.668953            -29.660847     0.0            3184      YES            
98     238    336    -2063.672539            -29.038017     0.0            3202      YES            
98     262    360    -2051.206438            5.106752       0.0            3226      YES            
100    126    226    -1667.414657            -0.0           0.0            3239      YES            
100    128    228    -1684.053529            0.0            0.0            3256      YES            
100    130    230    -1701.256734            -28.38208      0.0            3265      YES            
100    132    232    -1719.809412            31.276294      0.0            3295      YES            
100    134    234    -1738.128531            29.332798      0.0            3310      YES            
100    184    284    -2025.426988            -0.0           0.0            3324      YES            
100    186    286    -2029.845324            -1e-06         0.0            3341      YES            
100    188    288    -2033.62946             -6.063097      0.0            3357      YES            
100    190    290    -2038.304264            -10.076098     0.0            3374      YES            
100    192    292    -2043.396592            16.590623      0.0            3393      YES            
100    194    294    -2048.576111            20.538006      0.0            3410      YES            
100    196    296    -2053.61762             24.48813       0.0            3427      YES            
100    198    298    -2058.387679            27.428457      0.0            3444      YES            
100    234    334    -2095.582844            -31.509579     0.0            3456      YES            
100    236    336    -2096.223622            -31.196085     0.0            3473      YES            
100    238    338    -2096.63297             -30.607105     0.0            3490      YES            
100    240    340    -2096.78214             -29.676456     0.0            3507      YES            
100    242    342    -2096.697743            -28.355001     0.0            3524      YES            
100    250    350    -2095.08777             -18.480285     0.0            3542      YES            
100    260    360    -2091.121219            -0.038802      0.0            3560      YES            
100    262    362    -2087.458996            -0.401086      0.0            3577      YES            
100    264    364    -2084.558332            13.490335      0.0            3600      YES            
102    128    230    -1680.351194            -0.288046      0.0            3612      YES            
102    130    232    -1699.293771            -28.752601     0.0            3622      YES            
102    132    234    -1717.609887            -30.079519     0.0            3639      YES            
102    134    236    -1737.581408            33.329837      0.0            3668      YES            
102    182    284    -2034.468549            -4.2e-05       0.0            3681      YES            
102    184    286    -2042.087094            -1e-06         0.0            3698      YES            
102    186    288    -2047.118857            -2e-06         0.0            3715      YES            
102    188    290    -2051.687196            -6.923159      0.0            3731      YES            
102    190    292    -2056.971705            -10.892002     0.0            3748      YES            
102    192    294    -2062.919767            18.565439      0.0            3767      YES            
102    194    296    -2068.840261            23.314831      0.0            3784      YES            
102    196    298    -2074.651634            26.79556       0.0            3801      YES            
102    214    316    -2113.093435            42.289108      0.0            3820      YES            
102    226    328    -2124.462245            42.897384      0.0            3835      YES            
102    228    330    -2125.30925             42.571708      0.0            3852      YES            
102    230    332    -2125.941364            42.012739      0.0            3869      YES            
102    232    334    -2126.320155            41.159595      0.0            3888      YES            
102    234    336    -2126.484077            39.356477      0.0            3905      YES            
102    240    342    -2128.658734            -30.735446     0.0            3915      YES            
102    242    344    -2128.956446            -29.332671     0.0            3932      YES            
102    260    362    -2126.06324             0.148908       0.0            3951      YES            
102    262    364    -2122.726627            0.306951       0.0            3968      YES            
102    264    366    -2120.219929            14.297955      0.0            3990      YES            
104    134    238    -1733.589879            -31.77283      0.0            3996      YES            
104    182    286    -2049.479366            -4.9e-05       0.0            4021      YES            
104    184    288    -2057.586103            -1e-06         0.0            4038      YES            
104    186    290    -2063.254712            -2e-06         0.0            4055      YES            
104    188    292    -2068.438799            -7.08592       0.0            4071      YES            
104    190    294    -2074.344716            -11.719384     0.0            4088      YES            
104    192    296    -2080.897202            20.485959      0.0            4107      YES            
104    194    298    -2087.943665            53.109661      0.0            4131      YES            
104    196    300    -2093.976405            51.698753      0.0            4148      YES            
104    212    316    -2134.449174            40.984686      0.0            4160      YES            
104    214    318    -2138.121319            42.190115      0.0            4177      YES            
104    216    320    -2141.559739            43.16566       0.0            4194      YES            
104    236    340    -2157.098145            34.737884      0.0            4211      YES            
104    238    342    -2158.207363            -32.460491     0.0            4221      YES            
104    240    344    -2159.137246            -31.401492     0.0            4238      YES            
104    260    364    -2160.000468            0.257855       0.0            4257      YES            
104    262    366    -2157.016421            0.935065       0.0            4274      YES            
104    264    368    -2154.78444             14.321757      0.0            4296      YES            
106    184    290    -2071.918944            -1e-06         0.0            4310      YES            
106    186    292    -2078.211392            -1e-06         0.0            4327      YES            
106    188    294    -2083.972809            -18.123821     0.0            4341      YES            
106    190    296    -2090.534107            -18.688549     0.0            4358      YES            
106    192    298    -2097.447939            22.028728      0.0            4379      YES            
106    194    300    -2104.737492            33.666718      0.0            4396      YES            
106    212    318    -2157.28228             40.472097      0.0            4415      YES            
106    214    320    -2161.423257            41.388155      0.0            4432      YES            
106    216    322    -2165.314744            42.276464      0.0            4449      YES            
106    234    340    -2185.520614            39.008934      0.0            4464      YES            
106    236    342    -2186.426043            34.915384      0.0            4481      YES            
106    238    344    -2187.321792            31.333843      0.0            4498      YES            
106    240    346    -2188.280524            -31.645776     0.0            4510      YES            
106    242    348    -2189.415593            -29.946935     0.0            4527      YES            
106    260    366    -2192.910867            0.27994        0.0            4546      YES            
106    262    368    -2190.310843            1.131348       0.0            4563      YES            
106    264    370    -2188.25468             13.408261      0.0            4585      YES            
108    186    294    -2092.033537            0.0            0.0            4599      YES            
108    188    296    -2098.276017            -18.873528     0.0            4613      YES            
108    190    298    -2105.489787            -19.22191      0.0            4631      YES            
108    192    300    -2112.64921             21.197718      0.0            4651      YES            
108    194    302    -2118.76857             -31.638438     0.0            4662      YES            
108    196    304    -2125.206953            -48.641916     0.0            4677      YES            
108    198    306    -2131.759857            -48.710084     0.0            4695      YES            
108    212    320    -2178.220444            40.613845      0.0            4721      YES            
108    214    322    -2182.96381             41.043852      0.0            4738      YES            
108    216    324    -2187.441979            41.554022      0.0            4760      YES            
108    242    350    -2218.116855            27.404784      0.0            4774      YES            
108    262    370    -2222.599114            0.894609       0.0            4784      YES            
108    264    372    -2220.834345            -10.093083     0.0            4801      YES            
108    266    374    -2219.558813            18.180437      0.0            4823      YES            
108    268    376    -2218.710685            23.194685      0.0            4840      YES            
108    270    378    -2217.956714            27.470923      0.0            4857      YES            
108    272    380    -2217.541136            86.5241        0.0            4876      YES            
110    188    298    -2111.403217            -0.0           0.0            4888      YES            
110    190    300    -2119.062867            -18.852842     0.0            4902      YES            
110    192    302    -2126.499483            17.6079        0.0            4923      YES            
110    194    304    -2134.604419            23.266946      0.0            4940      YES            
110    196    306    -2140.616038            -56.762502     0.0            4948      YES            
110    198    308    -2147.555232            -51.517586     0.0            4966      YES            
110    200    310    -2154.395987            -50.81823      0.0            4984      YES            
110    214    324    -2202.931646            41.788572      0.0            5015      YES            
110    262    372    -2253.880898            0.580423       0.0            5022      YES            
110    264    374    -2252.407036            -9.100187      0.0            5039      YES            
110    266    376    -2251.346166            -13.300521     0.0            5056      YES            
110    268    378    -2250.66503             21.409932      0.0            5078      YES            
110    270    380    -2250.203498            25.632072      0.0            5095      YES            
110    276    386    -2248.870442            86.392946      0.0            5114      YES            
112    158    270    -1943.220668            30.132061      0.0            5129      YES            
112    188    300    -2123.530486            3e-06          0.0            5143      YES            
112    190    302    -2131.444972            -9.995711      0.0            5159      YES            
112    192    304    -2139.390806            -18.963844     0.0            5174      YES            
112    194    306    -2147.637303            18.812698      0.0            5195      YES            
112    196    308    -2155.924337            22.029869      0.0            5212      YES            
112    198    310    -2161.835033            -38.459343     0.0            5223      YES            
112    200    312    -2169.087445            -40.989169     0.0            5240      YES            
112    214    326    -2221.482767            43.533538      0.0            5270      YES            
112    264    376    -2282.906338            -7.569582      0.0            5277      YES            
112    266    378    -2282.241967            -12.403006     0.0            5294      YES            
112    268    380    -2281.569612            19.048194      0.0            5316      YES            
112    270    382    -2281.369111            23.157525      0.0            5333      YES            
114    190    304    -2142.627898            -9.060745      0.0            5346      YES            
114    192    306    -2151.043548            -17.851114     0.0            5361      YES            
114    194    308    -2159.494078            15.566774      0.0            5382      YES            
114    196    310    -2168.203975            18.333648      0.0            5399      YES            
114    198    312    -2176.6372              20.690916      0.0            5416      YES            
114    240    354    -2294.5628              30.542863      0.0            5436      YES            
114    242    356    -2297.077716            28.028068      0.0            5453      YES            
114    244    358    -2299.407151            26.071948      0.0            5470      YES            
114    264    378    -2312.135802            -7.243062      0.0            5482      YES            
114    266    380    -2312.012972            -11.6444       0.0            5498      YES            
114    268    382    -2311.564967            -14.055307     0.0            5515      YES            
114    270    384    -2311.507838            20.3645        0.0            5537      YES            
114    272    386    -2311.49218             23.619394      0.0            5554      YES            
114    278    392    -2312.321584            72.068264      0.0            5569      YES            
116    162    278    -1974.973699            28.221162      0.0            5589      YES            
116    164    280    -1991.412621            27.307755      0.0            5605      YES            
116    168    284    -2021.043691            24.814674      0.0            5623      YES            
116    170    286    -2035.031545            22.433237      0.0            5640      YES            
116    190    306    -2152.265078            -8.958765      0.0            5652      YES            
116    192    308    -2161.369995            -16.557142     0.0            5667      YES            
116    194    310    -2170.191778            -17.433884     0.0            5684      YES            
116    196    312    -2179.234675            15.663572      0.0            5705      YES            
116    198    314    -2188.136056            17.523957      0.0            5722      YES            
116    214    330    -2254.026237            45.41711       0.0            5746      YES            
116    236    352    -2310.795202            34.871792      0.0            5759      YES            
116    240    356    -2316.98156             30.152742      0.0            5776      YES            
116    242    358    -2319.999057            27.20824       0.0            5793      YES            
116    264    380    -2340.060969            -6.67533       0.0            5805      YES            
116    266    382    -2340.416697            -11.301244     0.0            5821      YES            
116    268    384    -2340.422913            -13.610218     0.0            5838      YES            
116    270    386    -2340.520097            17.912022      0.0            5860      YES            
116    272    388    -2342.18384             89.264414      0.0            5878      YES            
116    280    396    -2342.589951            73.586023      0.0            5892      YES            
116    282    398    -2342.364332            72.560847      0.0            5909      YES            
116    292    408    -2340.451142            61.844408      0.0            5929      YES            
116    298    414    -2337.25118             63.845243      0.0            5946      YES            
116    300    416    -2335.760581            64.421279      0.0            5963      YES            
118    162    280    -1972.156731            29.509821      0.0            5979      YES            
118    164    282    -1989.172563            28.12644       0.0            5996      YES            
118    166    284    -2005.017034            26.458804      0.0            6014      YES            
118    188    306    -2150.242325            -0.021261      0.0            6026      YES            
118    190    308    -2160.159497            -9.244385      0.0            6043      YES            
118    192    310    -2170.085487            -17.120456     0.0            6059      YES            
118    194    312    -2179.52351             -17.954833     0.0            6076      YES            
118    196    314    -2188.616878            13.781267      0.0            6096      YES            
118    198    316    -2198.090936            15.465522      0.0            6113      YES            
118    200    318    -2207.29637             16.651795      0.0            6130      YES            
118    204    322    -2227.765872            52.157631      0.0            6153      YES            
118    210    328    -2252.687463            47.137196      0.0            6171      YES            
118    212    330    -2260.51209             46.098935      0.0            6188      YES            
118    238    356    -2333.755376            33.515023      0.0            6201      YES            
118    264    382    -2366.413059            -6.448142      0.0            6213      YES            
118    266    384    -2367.258725            -11.22611      0.0            6229      YES            
118    268    386    -2367.730281            -13.641869     0.0            6246      YES            
118    270    388    -2368.077903            -15.222212     0.0            6263      YES            
118    272    390    -2369.743935            86.10295       0.0            6290      YES            
118    274    392    -2370.537829            83.663004      0.0            6307      YES            
118    280    398    -2371.946862            75.689816      0.0            6320      YES            
118    282    400    -2372.066018            74.928731      0.0            6337      YES            
118    284    402    -2372.032811            73.267871      0.0            6351      YES            
118    288    406    -2371.803048            61.315389      0.0            6371      YES            
118    290    408    -2371.754269            61.242821      0.0            6388      YES            
118    292    410    -2371.541122            61.63523       0.0            6405      YES            
118    296    414    -2370.494712            62.606851      0.0            6422      YES            
118    298    416    -2369.599905            63.100983      0.0            6439      YES            
118    300    418    -2368.496865            63.544105      0.0            6456      YES            
120    188    308    -2155.990047            -28.907433     0.0            6464      YES            
120    190    310    -2166.842417            -30.083405     0.0            6481      YES            
120    192    312    -2177.287801            -31.075253     0.0            6498      YES            
120    194    314    -2187.388686            -32.006005     0.0            6515      YES            
120    196    316    -2197.178931            -32.888945     0.0            6532      YES            
120    198    318    -2206.680874            -33.917528     0.0            6548      YES            
120    200    320    -2215.916853            -34.741377     0.0            6565      YES            
120    208    328    -2255.805876            50.353197      0.0            6596      YES            
120    210    330    -2264.368599            48.379929      0.0            6613      YES            
120    262    382    -2390.807089            -0.169483      0.0            6625      YES            
120    264    384    -2391.270464            -1.23632       0.0            6641      YES            
120    266    386    -2392.490596            -11.457989     0.0            6654      YES            
120    268    388    -2393.32732             -15.238437     0.0            6669      YES            
120    270    390    -2394.881542            87.236257      0.0            6698      YES            
120    272    392    -2396.21922             84.025244      0.0            6715      YES            
120    274    394    -2397.401156            82.20993       0.0            6732      YES            
120    282    402    -2400.507302            75.787994      0.0            6745      YES            
120    284    404    -2400.860428            74.872927      0.0            6762      YES            
120    286    406    -2401.029658            73.389708      0.0            6779      YES            
120    288    408    -2401.033376            64.373996      0.0            6796      YES            
120    290    410    -2401.30878             61.303898      0.0            6813      YES            
120    298    418    -2400.751921            62.064892      0.0            6830      YES            
