 Nrows 
   917 
    Z     N          Q20                 Q30           beta2       beta3
   104   180     -66.874063419               0.0        -0.5         0.0 
   104   180    -60.1866570771               0.0       -0.45         0.0 
   104   180    -53.4992507352               0.0        -0.4         0.0 
   104   180    -46.8118443933               0.0       -0.35         0.0 
   104   180    -40.1244380514               0.0        -0.3         0.0 
   104   180    -33.4370317095               0.0       -0.25         0.0 
   104   180    -26.7496253676               0.0        -0.2         0.0 
   104   180    -20.0622190257               0.0       -0.15         0.0 
   104   180    -13.3748126838               0.0        -0.1         0.0 
   104   180     -6.6874063419               0.0       -0.05         0.0 
   104   180              -0.0               0.0        -0.0         0.0 
   104   180      6.6874063419               0.0        0.05         0.0 
   104   180     13.3748126838               0.0         0.1         0.0 
   104   180     20.0622190257               0.0        0.15         0.0 
   104   180     26.7496253676               0.0         0.2         0.0 
   104   180     33.4370317095               0.0        0.25         0.0 
   104   180     40.1244380514               0.0         0.3         0.0 
   104   180     46.8118443933               0.0        0.35         0.0 
   104   180     53.4992507352               0.0         0.4         0.0 
   104   180     60.1866570771               0.0        0.45         0.0 
   104   180      66.874063419               0.0         0.5         0.0 
   104   250    -96.5456215164               0.0        -0.5         0.0 
   104   250    -86.8910593647               0.0       -0.45         0.0 
   104   250    -77.2364972131               0.0        -0.4         0.0 
   104   250    -67.5819350615               0.0       -0.35         0.0 
   104   250    -57.9273729098               0.0        -0.3         0.0 
   104   250    -48.2728107582               0.0       -0.25         0.0 
   104   250    -38.6182486065               0.0        -0.2         0.0 
   104   250    -28.9636864549               0.0       -0.15         0.0 
   104   250    -19.3091243033               0.0        -0.1         0.0 
   104   250     -9.6545621516               0.0       -0.05         0.0 
   104   250              -0.0               0.0        -0.0         0.0 
   104   250      9.6545621516               0.0        0.05         0.0 
   104   250     19.3091243033               0.0         0.1         0.0 
   104   250     28.9636864549               0.0        0.15         0.0 
   104   250     38.6182486065               0.0         0.2         0.0 
   104   250     48.2728107582               0.0        0.25         0.0 
   104   250     57.9273729098               0.0         0.3         0.0 
   104   250     67.5819350615               0.0        0.35         0.0 
   104   250     77.2364972131               0.0         0.4         0.0 
   104   250     86.8910593647               0.0        0.45         0.0 
   104   250     96.5456215164               0.0         0.5         0.0 
   108   194    -74.0864384629               0.0        -0.5         0.0 
   108   194    -66.6777946166               0.0       -0.45         0.0 
   108   194    -59.2691507703               0.0        -0.4         0.0 
   108   194     -51.860506924               0.0       -0.35         0.0 
   108   194    -44.4518630778               0.0        -0.3         0.0 
   108   194    -37.0432192315               0.0       -0.25         0.0 
   108   194    -29.6345753852               0.0        -0.2         0.0 
   108   194    -22.2259315389               0.0       -0.15         0.0 
   108   194    -14.8172876926               0.0        -0.1         0.0 
   108   194     -7.4086438463               0.0       -0.05         0.0 
   108   194              -0.0               0.0        -0.0         0.0 
   108   194      7.4086438463               0.0        0.05         0.0 
   108   194     14.8172876926               0.0         0.1         0.0 
   108   194     22.2259315389               0.0        0.15         0.0 
   108   194     29.6345753852               0.0         0.2         0.0 
   108   194     37.0432192315               0.0        0.25         0.0 
   108   194     44.4518630778               0.0         0.3         0.0 
   108   194      51.860506924               0.0        0.35         0.0 
   108   194     59.2691507703               0.0         0.4         0.0 
   108   194     66.6777946166               0.0        0.45         0.0 
   108   194     74.0864384629               0.0         0.5         0.0 
   108   248    -97.4564249635               0.0        -0.5         0.0 
   108   248    -87.7107824672               0.0       -0.45         0.0 
   108   248    -77.9651399708               0.0        -0.4         0.0 
   108   248    -68.2194974745               0.0       -0.35         0.0 
   108   248    -58.4738549781               0.0        -0.3         0.0 
   108   248    -48.7282124818               0.0       -0.25         0.0 
   108   248    -38.9825699854               0.0        -0.2         0.0 
   108   248    -29.2369274891               0.0       -0.15         0.0 
   108   248    -19.4912849927               0.0        -0.1         0.0 
   108   248     -9.7456424964               0.0       -0.05         0.0 
   108   248              -0.0               0.0        -0.0         0.0 
   108   248      9.7456424964               0.0        0.05         0.0 
   108   248     19.4912849927               0.0         0.1         0.0 
   108   248     29.2369274891               0.0        0.15         0.0 
   108   248     38.9825699854               0.0         0.2         0.0 
   108   248     48.7282124818               0.0        0.25         0.0 
   108   248     58.4738549781               0.0         0.3         0.0 
   108   248     68.2194974745               0.0        0.35         0.0 
   108   248     77.9651399708               0.0         0.4         0.0 
   108   248     87.7107824672               0.0        0.45         0.0 
   108   248     97.4564249635               0.0         0.5         0.0 
   108   252    -99.2882784525               0.0        -0.5         0.0 
   108   252    -89.3594506073               0.0       -0.45         0.0 
   108   252     -79.430622762               0.0        -0.4         0.0 
   108   252    -69.5017949168               0.0       -0.35         0.0 
   108   252    -59.5729670715               0.0        -0.3         0.0 
   108   252    -49.6441392263               0.0       -0.25         0.0 
   108   252     -39.715311381               0.0        -0.2         0.0 
   108   252    -29.7864835358               0.0       -0.15         0.0 
   108   252    -19.8576556905               0.0        -0.1         0.0 
   108   252     -9.9288278453               0.0       -0.05         0.0 
   108   252              -0.0               0.0        -0.0         0.0 
   108   252      9.9288278453               0.0        0.05         0.0 
   108   252     19.8576556905               0.0         0.1         0.0 
   108   252     29.7864835358               0.0        0.15         0.0 
   108   252      39.715311381               0.0         0.2         0.0 
   108   252     49.6441392263               0.0        0.25         0.0 
   108   252     59.5729670715               0.0         0.3         0.0 
   108   252     69.5017949168               0.0        0.35         0.0 
   108   252      79.430622762               0.0         0.4         0.0 
   108   252     89.3594506073               0.0        0.45         0.0 
   108   252     99.2882784525               0.0         0.5         0.0 
   110   174     -66.874063419               0.0        -0.5         0.0 
   110   174    -60.1866570771               0.0       -0.45         0.0 
   110   174    -53.4992507352               0.0        -0.4         0.0 
   110   174    -46.8118443933               0.0       -0.35         0.0 
   110   174    -40.1244380514               0.0        -0.3         0.0 
   110   174    -33.4370317095               0.0       -0.25         0.0 
   110   174    -26.7496253676               0.0        -0.2         0.0 
   110   174    -20.0622190257               0.0       -0.15         0.0 
   110   174    -13.3748126838               0.0        -0.1         0.0 
   110   174     -6.6874063419               0.0       -0.05         0.0 
   110   174              -0.0               0.0        -0.0         0.0 
   110   174      6.6874063419               0.0        0.05         0.0 
   110   174     13.3748126838               0.0         0.1         0.0 
   110   174     20.0622190257               0.0        0.15         0.0 
   110   174     26.7496253676               0.0         0.2         0.0 
   110   174     33.4370317095               0.0        0.25         0.0 
   110   174     40.1244380514               0.0         0.3         0.0 
   110   174     46.8118443933               0.0        0.35         0.0 
   110   174     53.4992507352               0.0         0.4         0.0 
   110   174     60.1866570771               0.0        0.45         0.0 
   110   174      66.874063419               0.0         0.5         0.0 
   110   190    -73.2705138312               0.0        -0.5         0.0 
   110   190    -65.9434624481               0.0       -0.45         0.0 
   110   190     -58.616411065               0.0        -0.4         0.0 
   110   190    -51.2893596819               0.0       -0.35         0.0 
   110   190    -43.9623082987               0.0        -0.3         0.0 
   110   190    -36.6352569156               0.0       -0.25         0.0 
   110   190    -29.3082055325               0.0        -0.2         0.0 
   110   190    -21.9811541494               0.0       -0.15         0.0 
   110   190    -14.6541027662               0.0        -0.1         0.0 
   110   190     -7.3270513831               0.0       -0.05         0.0 
   110   190              -0.0               0.0        -0.0         0.0 
   110   190      7.3270513831               0.0        0.05         0.0 
   110   190     14.6541027662               0.0         0.1         0.0 
   110   190     21.9811541494               0.0        0.15         0.0 
   110   190     29.3082055325               0.0         0.2         0.0 
   110   190     36.6352569156               0.0        0.25         0.0 
   110   190     43.9623082987               0.0         0.3         0.0 
   110   190     51.2893596819               0.0        0.35         0.0 
   110   190      58.616411065               0.0         0.4         0.0 
   110   190     65.9434624481               0.0        0.45         0.0 
   110   190     73.2705138312               0.0         0.5         0.0 
   110   196    -75.7291106847               0.0        -0.5         0.0 
   110   196    -68.1561996162               0.0       -0.45         0.0 
   110   196    -60.5832885478               0.0        -0.4         0.0 
   110   196    -53.0103774793               0.0       -0.35         0.0 
   110   196    -45.4374664108               0.0        -0.3         0.0 
   110   196    -37.8645553423               0.0       -0.25         0.0 
   110   196    -30.2916442739               0.0        -0.2         0.0 
   110   196    -22.7187332054               0.0       -0.15         0.0 
   110   196    -15.1458221369               0.0        -0.1         0.0 
   110   196     -7.5729110685               0.0       -0.05         0.0 
   110   196              -0.0               0.0        -0.0         0.0 
   110   196      7.5729110685               0.0        0.05         0.0 
   110   196     15.1458221369               0.0         0.1         0.0 
   110   196     22.7187332054               0.0        0.15         0.0 
   110   196     30.2916442739               0.0         0.2         0.0 
   110   196     37.8645553423               0.0        0.25         0.0 
   110   196     45.4374664108               0.0         0.3         0.0 
   110   196     53.0103774793               0.0        0.35         0.0 
   110   196     60.5832885478               0.0         0.4         0.0 
   110   196     68.1561996162               0.0        0.45         0.0 
   110   196     75.7291106847               0.0         0.5         0.0 
   112   190    -74.0864384629               0.0        -0.5         0.0 
   112   190    -66.6777946166               0.0       -0.45         0.0 
   112   190    -59.2691507703               0.0        -0.4         0.0 
   112   190     -51.860506924               0.0       -0.35         0.0 
   112   190    -44.4518630778               0.0        -0.3         0.0 
   112   190    -37.0432192315               0.0       -0.25         0.0 
   112   190    -29.6345753852               0.0        -0.2         0.0 
   112   190    -22.2259315389               0.0       -0.15         0.0 
   112   190    -14.8172876926               0.0        -0.1         0.0 
   112   190     -7.4086438463               0.0       -0.05         0.0 
   112   190              -0.0               0.0        -0.0         0.0 
   112   190      7.4086438463               0.0        0.05         0.0 
   112   190     14.8172876926               0.0         0.1         0.0 
   112   190     22.2259315389               0.0        0.15         0.0 
   112   190     29.6345753852               0.0         0.2         0.0 
   112   190     37.0432192315               0.0        0.25         0.0 
   112   190     44.4518630778               0.0         0.3         0.0 
   112   190      51.860506924               0.0        0.35         0.0 
   112   190     59.2691507703               0.0         0.4         0.0 
   112   190     66.6777946166               0.0        0.45         0.0 
   112   190     74.0864384629               0.0         0.5         0.0 
   114   198    -78.2200584242               0.0        -0.5         0.0 
   114   198    -70.3980525818               0.0       -0.45         0.0 
   114   198    -62.5760467394               0.0        -0.4         0.0 
   114   198    -54.7540408969               0.0       -0.35         0.0 
   114   198    -46.9320350545               0.0        -0.3         0.0 
   114   198    -39.1100292121               0.0       -0.25         0.0 
   114   198    -31.2880233697               0.0        -0.2         0.0 
   114   198    -23.4660175273               0.0       -0.15         0.0 
   114   198    -15.6440116848               0.0        -0.1         0.0 
   114   198     -7.8220058424               0.0       -0.05         0.0 
   114   198              -0.0               0.0        -0.0         0.0 
   114   198      7.8220058424               0.0        0.05         0.0 
   114   198     15.6440116848               0.0         0.1         0.0 
   114   198     23.4660175273               0.0        0.15         0.0 
   114   198     31.2880233697               0.0         0.2         0.0 
   114   198     39.1100292121               0.0        0.25         0.0 
   114   198     46.9320350545               0.0         0.3         0.0 
   114   198     54.7540408969               0.0        0.35         0.0 
   114   198     62.5760467394               0.0         0.4         0.0 
   114   198     70.3980525818               0.0        0.45         0.0 
   114   198     78.2200584242               0.0         0.5         0.0 
   114   200    -79.0575271904               0.0        -0.5         0.0 
   114   200    -71.1517744713               0.0       -0.45         0.0 
   114   200    -63.2460217523               0.0        -0.4         0.0 
   114   200    -55.3402690332               0.0       -0.35         0.0 
   114   200    -47.4345163142               0.0        -0.3         0.0 
   114   200    -39.5287635952               0.0       -0.25         0.0 
   114   200    -31.6230108761               0.0        -0.2         0.0 
   114   200    -23.7172581571               0.0       -0.15         0.0 
   114   200    -15.8115054381               0.0        -0.1         0.0 
   114   200      -7.905752719               0.0       -0.05         0.0 
   114   200              -0.0               0.0        -0.0         0.0 
   114   200       7.905752719               0.0        0.05         0.0 
   114   200     15.8115054381               0.0         0.1         0.0 
   114   200     23.7172581571               0.0        0.15         0.0 
   114   200     31.6230108761               0.0         0.2         0.0 
   114   200     39.5287635952               0.0        0.25         0.0 
   114   200     47.4345163142               0.0         0.3         0.0 
   114   200     55.3402690332               0.0        0.35         0.0 
   114   200     63.2460217523               0.0         0.4         0.0 
   114   200     71.1517744713               0.0        0.45         0.0 
   114   200     79.0575271904               0.0         0.5         0.0 
   120   166    -67.6608113326               0.0        -0.5         0.0 
   120   166    -60.8947301994               0.0       -0.45         0.0 
   120   166    -54.1286490661               0.0        -0.4         0.0 
   120   166    -47.3625679328               0.0       -0.35         0.0 
   120   166    -40.5964867996               0.0        -0.3         0.0 
   120   166    -33.8304056663               0.0       -0.25         0.0 
   120   166     -27.064324533               0.0        -0.2         0.0 
   120   166    -20.2982433998               0.0       -0.15         0.0 
   120   166    -13.5321622665               0.0        -0.1         0.0 
   120   166     -6.7660811333               0.0       -0.05         0.0 
   120   166              -0.0               0.0        -0.0         0.0 
   120   166      6.7660811333               0.0        0.05         0.0 
   120   166     13.5321622665               0.0         0.1         0.0 
   120   166     20.2982433998               0.0        0.15         0.0 
   120   166      27.064324533               0.0         0.2         0.0 
   120   166     33.8304056663               0.0        0.25         0.0 
   120   166     40.5964867996               0.0         0.3         0.0 
   120   166     47.3625679328               0.0        0.35         0.0 
   120   166     54.1286490661               0.0         0.4         0.0 
   120   166     60.8947301994               0.0        0.45         0.0 
   120   166     67.6608113326               0.0         0.5         0.0 
   120   168    -68.4512356517               0.0        -0.5         0.0 
   120   168    -61.6061120866               0.0       -0.45         0.0 
   120   168    -54.7609885214               0.0        -0.4         0.0 
   120   168    -47.9158649562               0.0       -0.35         0.0 
   120   168     -41.070741391               0.0        -0.3         0.0 
   120   168    -34.2256178259               0.0       -0.25         0.0 
   120   168    -27.3804942607               0.0        -0.2         0.0 
   120   168    -20.5353706955               0.0       -0.15         0.0 
   120   168    -13.6902471303               0.0        -0.1         0.0 
   120   168     -6.8451235652               0.0       -0.05         0.0 
   120   168              -0.0               0.0        -0.0         0.0 
   120   168      6.8451235652               0.0        0.05         0.0 
   120   168     13.6902471303               0.0         0.1         0.0 
   120   168     20.5353706955               0.0        0.15         0.0 
   120   168     27.3804942607               0.0         0.2         0.0 
   120   168     34.2256178259               0.0        0.25         0.0 
   120   168      41.070741391               0.0         0.3         0.0 
   120   168     47.9158649562               0.0        0.35         0.0 
   120   168     54.7609885214               0.0         0.4         0.0 
   120   168     61.6061120866               0.0        0.45         0.0 
   120   168     68.4512356517               0.0         0.5         0.0 
     4     6     -0.2529650248               0.0        -0.5         0.0 
     4     6     -0.2276685223               0.0       -0.45         0.0 
     4     6      0.2276685223               0.0        0.45         0.0 
     4     6      0.2529650248               0.0         0.5         0.0 
     6     4     -0.2529650248               0.0        -0.5         0.0 
     6     4     -0.2276685223               0.0       -0.45         0.0 
     6     4      0.2276685223               0.0        0.45         0.0 
     6     4      0.2529650248               0.0         0.5         0.0 
    18    12     -1.5785653675               0.0        -0.5         0.0 
    18    12     -1.4207088308               0.0       -0.45         0.0 
    18    12      1.4207088308               0.0        0.45         0.0 
    18    12      1.5785653675               0.0         0.5         0.0 
    24    18     -2.7657269184               0.0        -0.5         0.0 
    24    18     -2.4891542265               0.0       -0.45         0.0 
    24    18      2.4891542265               0.0        0.45         0.0 
    24    18      2.7657269184               0.0         0.5         0.0 
    54    72    -17.2588314656               0.0        -0.5         0.0 
    54    72     -15.532948319               0.0       -0.45         0.0 
    54    72      15.532948319               0.0        0.45         0.0 
    54    72     17.2588314656               0.0         0.5         0.0 
    56    66    -16.3553633598               0.0        -0.5         0.0 
    56    66    -14.7198270238               0.0       -0.45         0.0 
    56    66     14.7198270238               0.0        0.45         0.0 
    56    66     16.3553633598               0.0         0.5         0.0 
    64    90    -24.1135793565               0.0        -0.5         0.0 
    64    90    -21.7022214208               0.0       -0.45         0.0 
    64    90     21.7022214208               0.0        0.45         0.0 
    64    90     24.1135793565               0.0         0.5         0.0 
    66    90    -24.6377745332               0.0        -0.5         0.0 
    66    90    -22.1739970799               0.0       -0.45         0.0 
    66    90     22.1739970799               0.0        0.45         0.0 
    66    90     24.6377745332               0.0         0.5         0.0 
    68   154    -44.3590363873               0.0        -0.5         0.0 
    68   154    -39.9231327485               0.0       -0.45         0.0 
    68   154     39.9231327485               0.0        0.45         0.0 
    68   154     44.3590363873               0.0         0.5         0.0 
    70    88    -25.1664692943               0.0        -0.5         0.0 
    70    88    -22.6498223648               0.0       -0.45         0.0 
    70    88     22.6498223648               0.0        0.45         0.0 
    70    88     25.1664692943               0.0         0.5         0.0 
    70   148    -43.0349499265               0.0        -0.5         0.0 
    70   148    -38.7314549339               0.0       -0.45         0.0 
    70   148     38.7314549339               0.0        0.45         0.0 
    70   148     43.0349499265               0.0         0.5         0.0 
    72    90    -26.2372816211               0.0        -0.5         0.0 
    72    90     -23.613553459               0.0       -0.45         0.0 
    72    90      23.613553459               0.0        0.45         0.0 
    72    90     26.2372816211               0.0         0.5         0.0 
    74    88    -26.2372816211               0.0        -0.5         0.0 
    74    88     -23.613553459               0.0       -0.45         0.0 
    74    88      23.613553459               0.0        0.45         0.0 
    74    88     26.2372816211               0.0         0.5         0.0 
    76    90    -27.3258675761               0.0        -0.5         0.0 
    76    90    -24.5932808185               0.0       -0.45         0.0 
    76    90     24.5932808185               0.0        0.45         0.0 
    76    90     27.3258675761               0.0         0.5         0.0 
    78   140    -43.0349499265               0.0        -0.5         0.0 
    78   140    -38.7314549339               0.0       -0.45         0.0 
    78   140     38.7314549339               0.0        0.45         0.0 
    78   140     43.0349499265               0.0         0.5         0.0 
    78   160    -49.8144578093               0.0        -0.5         0.0 
    78   160    -44.8330120283               0.0       -0.45         0.0 
    78   160     44.8330120283               0.0        0.45         0.0 
    78   160     49.8144578093               0.0         0.5         0.0 
    84   162    -52.6363368802               0.0        -0.5         0.0 
    84   162    -47.3727031922               0.0       -0.45         0.0 
    84   162     47.3727031922               0.0        0.45         0.0 
    84   162     52.6363368802               0.0         0.5         0.0 
    86   158    -51.9250420052               0.0        -0.5         0.0 
    86   158    -46.7325378047               0.0       -0.45         0.0 
    86   158     46.7325378047               0.0        0.45         0.0 
    86   158     51.9250420052               0.0         0.5         0.0 
    86   200    -67.6608113326               0.0        -0.5         0.0 
    86   200    -60.8947301994               0.0       -0.45         0.0 
    86   200     60.8947301994               0.0        0.45         0.0 
    86   200     67.6608113326               0.0         0.5         0.0 
    86   202    -68.4512356517               0.0        -0.5         0.0 
    86   202    -61.6061120866               0.0       -0.45         0.0 
    86   202     61.6061120866               0.0        0.45         0.0 
    86   202     68.4512356517               0.0         0.5         0.0 
    88   112    -37.2772447741               0.0        -0.5         0.0 
    88   112    -33.5495202967               0.0       -0.45         0.0 
    88   112     33.5495202967               0.0        0.45         0.0 
    88   112     37.2772447741               0.0         0.5         0.0 
    88   132     -43.694986953               0.0        -0.5         0.0 
    88   132    -39.3254882577               0.0       -0.45         0.0 
    88   132     39.3254882577               0.0        0.45         0.0 
    88   132      43.694986953               0.0         0.5         0.0 
    88   134    -44.3590363873               0.0        -0.5         0.0 
    88   134    -39.9231327485               0.0       -0.45         0.0 
    88   134     39.9231327485               0.0        0.45         0.0 
    88   134     44.3590363873               0.0         0.5         0.0 
    88   136    -45.0270861434               0.0        -0.5         0.0 
    88   136    -40.5243775291               0.0       -0.45         0.0 
    88   136     40.5243775291               0.0        0.45         0.0 
    88   136     45.0270861434               0.0         0.5         0.0 
    88   138      -45.69912428               0.0        -0.5         0.0 
    88   138     -41.129211852               0.0       -0.45         0.0 
    88   138      41.129211852               0.0        0.45         0.0 
    88   138       45.69912428               0.0         0.5         0.0 
    88   140    -46.3751389967               0.0        -0.5         0.0 
    88   140     -41.737625097               0.0       -0.45         0.0 
    88   140      41.737625097               0.0        0.45         0.0 
    88   140     46.3751389967               0.0         0.5         0.0 
    88   154    -51.2176234159               0.0        -0.5         0.0 
    88   154    -46.0958610743               0.0       -0.45         0.0 
    88   154     46.0958610743               0.0        0.45         0.0 
    88   154     51.2176234159               0.0         0.5         0.0 
    88   162    -54.0705134661               0.0        -0.5         0.0 
    88   162    -48.6634621195               0.0       -0.45         0.0 
    88   162     48.6634621195               0.0        0.45         0.0 
    88   162     54.0705134661               0.0         0.5         0.0 
    88   170    -56.9849260788               0.0        -0.5         0.0 
    88   170    -51.2864334709               0.0       -0.45         0.0 
    88   170     51.2864334709               0.0        0.45         0.0 
    88   170     56.9849260788               0.0         0.5         0.0 
    88   194    -66.0910005208               0.0        -0.5         0.0 
    88   194    -59.4819004687               0.0       -0.45         0.0 
    88   194     59.4819004687               0.0        0.45         0.0 
    88   194     66.0910005208               0.0         0.5         0.0 
    88   196     -66.874063419               0.0        -0.5         0.0 
    88   196    -60.1866570771               0.0       -0.45         0.0 
    88   196     60.1866570771               0.0        0.45         0.0 
    88   196      66.874063419               0.0         0.5         0.0 
    88   198    -67.6608113326               0.0        -0.5         0.0 
    88   198    -60.8947301994               0.0       -0.45         0.0 
    88   198     60.8947301994               0.0        0.45         0.0 
    88   198     67.6608113326               0.0         0.5         0.0 
    88   200    -68.4512356517               0.0        -0.5         0.0 
    88   200    -61.6061120866               0.0       -0.45         0.0 
    88   200     61.6061120866               0.0        0.45         0.0 
    88   200     68.4512356517               0.0         0.5         0.0 
    88   202    -69.2453278462               0.0        -0.5         0.0 
    88   202    -62.3207950616               0.0       -0.45         0.0 
    88   202     62.3207950616               0.0        0.45         0.0 
    88   202     69.2453278462               0.0         0.5         0.0 
    90   132    -44.3590363873               0.0        -0.5         0.0 
    90   132    -39.9231327485               0.0       -0.45         0.0 
    90   132     39.9231327485               0.0        0.45         0.0 
    90   132     44.3590363873               0.0         0.5         0.0 
    90   134    -45.0270861434               0.0        -0.5         0.0 
    90   134    -40.5243775291               0.0       -0.45         0.0 
    90   134     40.5243775291               0.0        0.45         0.0 
    90   134     45.0270861434               0.0         0.5         0.0 
    90   136      -45.69912428               0.0        -0.5         0.0 
    90   136     -41.129211852               0.0       -0.45         0.0 
    90   136      41.129211852               0.0        0.45         0.0 
    90   136       45.69912428               0.0         0.5         0.0 
    90   138    -46.3751389967               0.0        -0.5         0.0 
    90   138     -41.737625097               0.0       -0.45         0.0 
    90   138      41.737625097               0.0        0.45         0.0 
    90   138     46.3751389967               0.0         0.5         0.0 
    90   156    -52.6363368802               0.0        -0.5         0.0 
    90   156    -47.3727031922               0.0       -0.45         0.0 
    90   156     47.3727031922               0.0        0.45         0.0 
    90   156     52.6363368802               0.0         0.5         0.0 
    90   158    -53.3514975072               0.0        -0.5         0.0 
    90   158    -48.0163477564               0.0       -0.45         0.0 
    90   158     48.0163477564               0.0        0.45         0.0 
    90   158     53.3514975072               0.0         0.5         0.0 
    90   194     -66.874063419               0.0        -0.5         0.0 
    90   194    -60.1866570771               0.0       -0.45         0.0 
    90   194     60.1866570771               0.0        0.45         0.0 
    90   194      66.874063419               0.0         0.5         0.0 
    90   196    -67.6608113326               0.0        -0.5         0.0 
    90   196    -60.8947301994               0.0       -0.45         0.0 
    90   196     60.8947301994               0.0        0.45         0.0 
    90   196     67.6608113326               0.0         0.5         0.0 
    90   198    -68.4512356517               0.0        -0.5         0.0 
    90   198    -61.6061120866               0.0       -0.45         0.0 
    90   198     61.6061120866               0.0        0.45         0.0 
    90   198     68.4512356517               0.0         0.5         0.0 
    90   200    -69.2453278462               0.0        -0.5         0.0 
    90   200    -62.3207950616               0.0       -0.45         0.0 
    90   200     62.3207950616               0.0        0.45         0.0 
    90   200     69.2453278462               0.0         0.5         0.0 
    90   202    -70.0430794647               0.0        -0.5         0.0 
    90   202    -63.0387715182               0.0       -0.45         0.0 
    90   202     63.0387715182               0.0        0.45         0.0 
    90   202     70.0430794647               0.0         0.5         0.0 
    92   120    -41.0790363824               0.0        -0.5         0.0 
    92   120    -36.9711327441               0.0       -0.45         0.0 
    92   120     36.9711327441               0.0        0.45         0.0 
    92   120     41.0790363824               0.0         0.5         0.0 
    92   130    -44.3590363873               0.0        -0.5         0.0 
    92   130    -39.9231327485               0.0       -0.45         0.0 
    92   130     39.9231327485               0.0        0.45         0.0 
    92   130     44.3590363873               0.0         0.5         0.0 
    92   132    -45.0270861434               0.0        -0.5         0.0 
    92   132    -40.5243775291               0.0       -0.45         0.0 
    92   132     40.5243775291               0.0        0.45         0.0 
    92   132     45.0270861434               0.0         0.5         0.0 
    92   134      -45.69912428               0.0        -0.5         0.0 
    92   134     -41.129211852               0.0       -0.45         0.0 
    92   134      41.129211852               0.0        0.45         0.0 
    92   134       45.69912428               0.0         0.5         0.0 
    92   136    -46.3751389967               0.0        -0.5         0.0 
    92   136     -41.737625097               0.0       -0.45         0.0 
    92   136      41.737625097               0.0        0.45         0.0 
    92   136     46.3751389967               0.0         0.5         0.0 
    92   160    -54.7933744484               0.0        -0.5         0.0 
    92   160    -49.3140370036               0.0       -0.45         0.0 
    92   160     49.3140370036               0.0        0.45         0.0 
    92   160     54.7933744484               0.0         0.5         0.0 
    92   162     -55.520070255               0.0        -0.5         0.0 
    92   162    -49.9680632295               0.0       -0.45         0.0 
    92   162     49.9680632295               0.0        0.45         0.0 
    92   162      55.520070255               0.0         0.5         0.0 
    92   164    -56.2505907939               0.0        -0.5         0.0 
    92   164    -50.6255317145               0.0       -0.45         0.0 
    92   164     50.6255317145               0.0        0.45         0.0 
    92   164     56.2505907939               0.0         0.5         0.0 
    92   166    -56.9849260788               0.0        -0.5         0.0 
    92   166    -51.2864334709               0.0       -0.45         0.0 
    92   166     51.2864334709               0.0        0.45         0.0 
    92   166     56.9849260788               0.0         0.5         0.0 
    92   170    -58.4650014563               0.0        -0.5         0.0 
    92   170    -52.6185013107               0.0       -0.45         0.0 
    92   170     52.6185013107               0.0        0.45         0.0 
    92   170     58.4650014563               0.0         0.5         0.0 
    92   192     -66.874063419               0.0        -0.5         0.0 
    92   192    -60.1866570771               0.0       -0.45         0.0 
    92   192     60.1866570771               0.0        0.45         0.0 
    92   192      66.874063419               0.0         0.5         0.0 
    92   194    -67.6608113326               0.0        -0.5         0.0 
    92   194    -60.8947301994               0.0       -0.45         0.0 
    92   194     60.8947301994               0.0        0.45         0.0 
    92   194     67.6608113326               0.0         0.5         0.0 
    92   196    -68.4512356517               0.0        -0.5         0.0 
    92   196    -61.6061120866               0.0       -0.45         0.0 
    92   196     61.6061120866               0.0        0.45         0.0 
    92   196     68.4512356517               0.0         0.5         0.0 
    92   198    -69.2453278462               0.0        -0.5         0.0 
    92   198    -62.3207950616               0.0       -0.45         0.0 
    92   198     62.3207950616               0.0        0.45         0.0 
    92   198     69.2453278462               0.0         0.5         0.0 
    94   120    -41.7269621805               0.0        -0.5         0.0 
    94   120    -37.5542659624               0.0       -0.45         0.0 
    94   120     37.5542659624               0.0        0.45         0.0 
    94   120     41.7269621805               0.0         0.5         0.0 
    94   130    -45.0270861434               0.0        -0.5         0.0 
    94   130    -40.5243775291               0.0       -0.45         0.0 
    94   130     40.5243775291               0.0        0.45         0.0 
    94   130     45.0270861434               0.0         0.5         0.0 
    94   132      -45.69912428               0.0        -0.5         0.0 
    94   132     -41.129211852               0.0       -0.45         0.0 
    94   132      41.129211852               0.0        0.45         0.0 
    94   132       45.69912428               0.0         0.5         0.0 
    94   144    -49.8144578093               0.0        -0.5         0.0 
    94   144    -44.8330120283               0.0       -0.45         0.0 
    94   144     44.8330120283               0.0        0.45         0.0 
    94   144     49.8144578093               0.0         0.5         0.0 
    94   160     -55.520070255               0.0        -0.5         0.0 
    94   160    -49.9680632295               0.0       -0.45         0.0 
    94   160     49.9680632295               0.0        0.45         0.0 
    94   160      55.520070255               0.0         0.5         0.0 
    94   162    -56.2505907939               0.0        -0.5         0.0 
    94   162    -50.6255317145               0.0       -0.45         0.0 
    94   162     50.6255317145               0.0        0.45         0.0 
    94   162     56.2505907939               0.0         0.5         0.0 
    94   168    -58.4650014563               0.0        -0.5         0.0 
    94   168    -52.6185013107               0.0       -0.45         0.0 
    94   168     52.6185013107               0.0        0.45         0.0 
    94   168     58.4650014563               0.0         0.5         0.0 
    94   170    -59.2107220861               0.0        -0.5         0.0 
    94   170    -53.2896498775               0.0       -0.45         0.0 
    94   170     53.2896498775               0.0        0.45         0.0 
    94   170     59.2107220861               0.0         0.5         0.0 
    94   192    -67.6608113326               0.0        -0.5         0.0 
    94   192    -60.8947301994               0.0       -0.45         0.0 
    94   192     60.8947301994               0.0        0.45         0.0 
    94   192     67.6608113326               0.0         0.5         0.0 
    94   194    -68.4512356517               0.0        -0.5         0.0 
    94   194    -61.6061120866               0.0       -0.45         0.0 
    94   194     61.6061120866               0.0        0.45         0.0 
    94   194     68.4512356517               0.0         0.5         0.0 
    96   130      -45.69912428               0.0        -0.5         0.0 
    96   130     -41.129211852               0.0       -0.45         0.0 
    96   130      41.129211852               0.0        0.45         0.0 
    96   130       45.69912428               0.0         0.5         0.0 
    96   158     -55.520070255               0.0        -0.5         0.0 
    96   158    -49.9680632295               0.0       -0.45         0.0 
    96   158     49.9680632295               0.0        0.45         0.0 
    96   158      55.520070255               0.0         0.5         0.0 
    96   164    -57.7230662267               0.0        -0.5         0.0 
    96   164     -51.950759604               0.0       -0.45         0.0 
    96   164      51.950759604               0.0        0.45         0.0 
    96   164     57.7230662267               0.0         0.5         0.0 
    96   166    -58.4650014563               0.0        -0.5         0.0 
    96   166    -52.6185013107               0.0       -0.45         0.0 
    96   166     52.6185013107               0.0        0.45         0.0 
    96   166     58.4650014563               0.0         0.5         0.0 
    96   192    -68.4512356517               0.0        -0.5         0.0 
    96   192    -61.6061120866               0.0       -0.45         0.0 
    96   192     61.6061120866               0.0        0.45         0.0 
    96   192     68.4512356517               0.0         0.5         0.0 
    96   220    -79.8985596641               0.0        -0.5         0.0 
    96   220    -71.9087036977               0.0       -0.45         0.0 
    96   220     71.9087036977               0.0        0.45         0.0 
    96   220     79.8985596641               0.0         0.5         0.0 
    96   238    -87.6269960769               0.0        -0.5         0.0 
    96   238    -78.8642964693               0.0       -0.45         0.0 
    96   238     78.8642964693               0.0        0.45         0.0 
    96   238     87.6269960769               0.0         0.5         0.0 
    98   160    -56.9849260788               0.0        -0.5         0.0 
    98   160    -51.2864334709               0.0       -0.45         0.0 
    98   160     51.2864334709               0.0        0.45         0.0 
    98   160     56.9849260788               0.0         0.5         0.0 
    98   162    -57.7230662267               0.0        -0.5         0.0 
    98   162     -51.950759604               0.0       -0.45         0.0 
    98   162      51.950759604               0.0        0.45         0.0 
    98   162     57.7230662267               0.0         0.5         0.0 
    98   188    -67.6608113326               0.0        -0.5         0.0 
    98   188    -60.8947301994               0.0       -0.45         0.0 
    98   188     60.8947301994               0.0        0.45         0.0 
    98   188     67.6608113326               0.0         0.5         0.0 
    98   190    -68.4512356517               0.0        -0.5         0.0 
    98   190    -61.6061120866               0.0       -0.45         0.0 
    98   190     61.6061120866               0.0        0.45         0.0 
    98   190     68.4512356517               0.0         0.5         0.0 
    98   192    -69.2453278462               0.0        -0.5         0.0 
    98   192    -62.3207950616               0.0       -0.45         0.0 
    98   192     62.3207950616               0.0        0.45         0.0 
    98   192     69.2453278462               0.0         0.5         0.0 
    98   218    -79.8985596641               0.0        -0.5         0.0 
    98   218    -71.9087036977               0.0       -0.45         0.0 
    98   218     71.9087036977               0.0        0.45         0.0 
    98   218     79.8985596641               0.0         0.5         0.0 
    98   236    -87.6269960769               0.0        -0.5         0.0 
    98   236    -78.8642964693               0.0       -0.45         0.0 
    98   236     78.8642964693               0.0        0.45         0.0 
    98   236     87.6269960769               0.0         0.5         0.0 
    98   246    -92.0430956967               0.0        -0.5         0.0 
    98   246     -82.838786127               0.0       -0.45         0.0 
    98   246      82.838786127               0.0        0.45         0.0 
    98   246     92.0430956967               0.0         0.5         0.0 
   100   158    -56.9849260788               0.0        -0.5         0.0 
   100   158    -51.2864334709               0.0       -0.45         0.0 
   100   158     51.2864334709               0.0        0.45         0.0 
   100   158     56.9849260788               0.0         0.5         0.0 
   100   162    -58.4650014563               0.0        -0.5         0.0 
   100   162    -52.6185013107               0.0       -0.45         0.0 
   100   162     52.6185013107               0.0        0.45         0.0 
   100   162     58.4650014563               0.0         0.5         0.0 
   100   188    -68.4512356517               0.0        -0.5         0.0 
   100   188    -61.6061120866               0.0       -0.45         0.0 
   100   188     61.6061120866               0.0        0.45         0.0 
   100   188     68.4512356517               0.0         0.5         0.0 
   100   190    -69.2453278462               0.0        -0.5         0.0 
   100   190    -62.3207950616               0.0       -0.45         0.0 
   100   190     62.3207950616               0.0        0.45         0.0 
   100   190     69.2453278462               0.0         0.5         0.0 
   100   216    -79.8985596641               0.0        -0.5         0.0 
   100   216    -71.9087036977               0.0       -0.45         0.0 
   100   216     71.9087036977               0.0        0.45         0.0 
   100   216     79.8985596641               0.0         0.5         0.0 
   100   228    -85.0191748233               0.0        -0.5         0.0 
   100   228     -76.517257341               0.0       -0.45         0.0 
   100   228      76.517257341               0.0        0.45         0.0 
   100   228     85.0191748233               0.0         0.5         0.0 
   100   230    -85.8849457703               0.0        -0.5         0.0 
   100   230    -77.2964511933               0.0       -0.45         0.0 
   100   230     77.2964511933               0.0        0.45         0.0 
   100   230     85.8849457703               0.0         0.5         0.0 
   100   232    -86.7542218725               0.0        -0.5         0.0 
   100   232    -78.0787996852               0.0       -0.45         0.0 
   100   232     78.0787996852               0.0        0.45         0.0 
   100   232     86.7542218725               0.0         0.5         0.0 
   100   234    -87.6269960769               0.0        -0.5         0.0 
   100   234    -78.8642964693               0.0       -0.45         0.0 
   100   234     78.8642964693               0.0        0.45         0.0 
   100   234     87.6269960769               0.0         0.5         0.0 
   100   236    -88.5032613875               0.0        -0.5         0.0 
   100   236    -79.6529352488               0.0       -0.45         0.0 
   100   236     79.6529352488               0.0        0.45         0.0 
   100   236     88.5032613875               0.0         0.5         0.0 
   100   238    -89.3830108636               0.0        -0.5         0.0 
   100   238    -80.4447097773               0.0       -0.45         0.0 
   100   238     80.4447097773               0.0        0.45         0.0 
   100   238     89.3830108636               0.0         0.5         0.0 
   100   240    -90.2662376194               0.0        -0.5         0.0 
   100   240    -81.2396138574               0.0       -0.45         0.0 
   100   240     81.2396138574               0.0        0.45         0.0 
   100   240     90.2662376194               0.0         0.5         0.0 
   100   242    -91.1529348232               0.0        -0.5         0.0 
   100   242    -82.0376413409               0.0       -0.45         0.0 
   100   242     82.0376413409               0.0        0.45         0.0 
   100   242     91.1529348232               0.0         0.5         0.0 
   100   244    -92.0430956967               0.0        -0.5         0.0 
   100   244     -82.838786127               0.0       -0.45         0.0 
   100   244      82.838786127               0.0        0.45         0.0 
   100   244     92.0430956967               0.0         0.5         0.0 
   100   260    -99.2882784525               0.0        -0.5         0.0 
   100   260    -89.3594506073               0.0       -0.45         0.0 
   100   260     89.3594506073               0.0        0.45         0.0 
   100   260     99.2882784525               0.0         0.5         0.0 
   100   262   -100.2093157891               0.0        -0.5         0.0 
   100   262    -90.1883842102               0.0       -0.45         0.0 
   100   262     90.1883842102               0.0        0.45         0.0 
   100   262    100.2093157891               0.0         0.5         0.0 
   100   264   -101.1337517951               0.0        -0.5         0.0 
   100   264    -91.0203766156               0.0       -0.45         0.0 
   100   264     91.0203766156               0.0        0.45         0.0 
   100   264    101.1337517951               0.0         0.5         0.0 
   102   154    -56.2505907939               0.0        -0.5         0.0 
   102   154    -50.6255317145               0.0       -0.45         0.0 
   102   154     50.6255317145               0.0        0.45         0.0 
   102   154     56.2505907939               0.0         0.5         0.0 
   102   156    -56.9849260788               0.0        -0.5         0.0 
   102   156    -51.2864334709               0.0       -0.45         0.0 
   102   156     51.2864334709               0.0        0.45         0.0 
   102   156     56.9849260788               0.0         0.5         0.0 
   102   174    -63.7640092451               0.0        -0.5         0.0 
   102   174    -57.3876083206               0.0       -0.45         0.0 
   102   174     57.3876083206               0.0        0.45         0.0 
   102   174     63.7640092451               0.0         0.5         0.0 
   102   188    -69.2453278462               0.0        -0.5         0.0 
   102   188    -62.3207950616               0.0       -0.45         0.0 
   102   188     62.3207950616               0.0        0.45         0.0 
   102   188     69.2453278462               0.0         0.5         0.0 
   102   230    -86.7542218725               0.0        -0.5         0.0 
   102   230    -78.0787996852               0.0       -0.45         0.0 
   102   230     78.0787996852               0.0        0.45         0.0 
   102   230     86.7542218725               0.0         0.5         0.0 
   102   232    -87.6269960769               0.0        -0.5         0.0 
   102   232    -78.8642964693               0.0       -0.45         0.0 
   102   232     78.8642964693               0.0        0.45         0.0 
   102   232     87.6269960769               0.0         0.5         0.0 
   102   234    -88.5032613875               0.0        -0.5         0.0 
   102   234    -79.6529352488               0.0       -0.45         0.0 
   102   234     79.6529352488               0.0        0.45         0.0 
   102   234     88.5032613875               0.0         0.5         0.0 
   102   238    -90.2662376194               0.0        -0.5         0.0 
   102   238    -81.2396138574               0.0       -0.45         0.0 
   102   238     81.2396138574               0.0        0.45         0.0 
   102   238     90.2662376194               0.0         0.5         0.0 
   102   242    -92.0430956967               0.0        -0.5         0.0 
   102   242     -82.838786127               0.0       -0.45         0.0 
   102   242      82.838786127               0.0        0.45         0.0 
   102   242     92.0430956967               0.0         0.5         0.0 
   102   244    -92.9367135143               0.0        -0.5         0.0 
   102   244    -83.6430421629               0.0       -0.45         0.0 
   102   244     83.6430421629               0.0        0.45         0.0 
   102   244     92.9367135143               0.0         0.5         0.0 
   102   260   -100.2093157891               0.0        -0.5         0.0 
   102   260    -90.1883842102               0.0       -0.45         0.0 
   102   260     90.1883842102               0.0        0.45         0.0 
   102   260    100.2093157891               0.0         0.5         0.0 
   102   262   -101.1337517951               0.0        -0.5         0.0 
   102   262    -91.0203766156               0.0       -0.45         0.0 
   102   262     91.0203766156               0.0        0.45         0.0 
   102   262    101.1337517951               0.0         0.5         0.0 
   102   264   -102.0615802344               0.0        -0.5         0.0 
   102   264    -91.8554222109               0.0       -0.45         0.0 
   102   264     91.8554222109               0.0        0.45         0.0 
   102   264    102.0615802344               0.0         0.5         0.0 
   104   148    -54.7933744484               0.0        -0.5         0.0 
   104   148    -49.3140370036               0.0       -0.45         0.0 
   104   148     49.3140370036               0.0        0.45         0.0 
   104   148     54.7933744484               0.0         0.5         0.0 
   104   154    -56.9849260788               0.0        -0.5         0.0 
   104   154    -51.2864334709               0.0       -0.45         0.0 
   104   154     51.2864334709               0.0        0.45         0.0 
   104   154     56.9849260788               0.0         0.5         0.0 
   104   172    -63.7640092451               0.0        -0.5         0.0 
   104   172    -57.3876083206               0.0       -0.45         0.0 
   104   172     57.3876083206               0.0        0.45         0.0 
   104   172     63.7640092451               0.0         0.5         0.0 
   104   176    -65.3116313292               0.0        -0.5         0.0 
   104   176    -58.7804681963               0.0       -0.45         0.0 
   104   176     58.7804681963               0.0        0.45         0.0 
   104   176     65.3116313292               0.0         0.5         0.0 
   104   192    -71.6495275533               0.0        -0.5         0.0 
   104   192     -64.484574798               0.0       -0.45         0.0 
   104   192      64.484574798               0.0        0.45         0.0 
   104   192     71.6495275533               0.0         0.5         0.0 
   104   198    -74.0864384629               0.0        -0.5         0.0 
   104   198    -66.6777946166               0.0       -0.45         0.0 
   104   198     66.6777946166               0.0        0.45         0.0 
   104   198     74.0864384629               0.0         0.5         0.0 
   104   230    -87.6269960769               0.0        -0.5         0.0 
   104   230    -78.8642964693               0.0       -0.45         0.0 
   104   230     78.8642964693               0.0        0.45         0.0 
   104   230     87.6269960769               0.0         0.5         0.0 
   104   232    -88.5032613875               0.0        -0.5         0.0 
   104   232    -79.6529352488               0.0       -0.45         0.0 
   104   232     79.6529352488               0.0        0.45         0.0 
   104   232     88.5032613875               0.0         0.5         0.0 
   104   234    -89.3830108636               0.0        -0.5         0.0 
   104   234    -80.4447097773               0.0       -0.45         0.0 
   104   234     80.4447097773               0.0        0.45         0.0 
   104   234     89.3830108636               0.0         0.5         0.0 
   104   262   -102.0615802344               0.0        -0.5         0.0 
   104   262    -91.8554222109               0.0       -0.45         0.0 
   104   262     91.8554222109               0.0        0.45         0.0 
   104   262    102.0615802344               0.0         0.5         0.0 
   104   264   -102.9927949164               0.0        -0.5         0.0 
   104   264    -92.6935154247               0.0       -0.45         0.0 
   104   264     92.6935154247               0.0        0.45         0.0 
   104   264    102.9927949164               0.0         0.5         0.0 
   106   144    -54.0705134661               0.0        -0.5         0.0 
   106   144    -48.6634621195               0.0       -0.45         0.0 
   106   144     48.6634621195               0.0        0.45         0.0 
   106   144     54.0705134661               0.0         0.5         0.0 
   106   150    -56.2505907939               0.0        -0.5         0.0 
   106   150    -50.6255317145               0.0       -0.45         0.0 
   106   150     50.6255317145               0.0        0.45         0.0 
   106   150     56.2505907939               0.0         0.5         0.0 
   106   166    -62.2312683731               0.0        -0.5         0.0 
   106   166    -56.0081415358               0.0       -0.45         0.0 
   106   166     56.0081415358               0.0        0.45         0.0 
   106   166     62.2312683731               0.0         0.5         0.0 
   106   176    -66.0910005208               0.0        -0.5         0.0 
   106   176    -59.4819004687               0.0       -0.45         0.0 
   106   176     59.4819004687               0.0        0.45         0.0 
   106   176     66.0910005208               0.0         0.5         0.0 
   106   200    -75.7291106847               0.0        -0.5         0.0 
   106   200    -68.1561996162               0.0       -0.45         0.0 
   106   200     68.1561996162               0.0        0.45         0.0 
   106   200     75.7291106847               0.0         0.5         0.0 
   106   202    -76.5558424744               0.0        -0.5         0.0 
   106   202     -68.900258227               0.0       -0.45         0.0 
   106   202      68.900258227               0.0        0.45         0.0 
   106   202     76.5558424744               0.0         0.5         0.0 
   106   230    -88.5032613875               0.0        -0.5         0.0 
   106   230    -79.6529352488               0.0       -0.45         0.0 
   106   230     79.6529352488               0.0        0.45         0.0 
   106   230     88.5032613875               0.0         0.5         0.0 
   106   236    -91.1529348232               0.0        -0.5         0.0 
   106   236    -82.0376413409               0.0       -0.45         0.0 
   106   236     82.0376413409               0.0        0.45         0.0 
   106   236     91.1529348232               0.0         0.5         0.0 
   106   238    -92.0430956967               0.0        -0.5         0.0 
   106   238     -82.838786127               0.0       -0.45         0.0 
   106   238      82.838786127               0.0        0.45         0.0 
   106   238     92.0430956967               0.0         0.5         0.0 
   106   242    -93.8337816024               0.0        -0.5         0.0 
   106   242    -84.4504034422               0.0       -0.45         0.0 
   106   242     84.4504034422               0.0        0.45         0.0 
   106   242     93.8337816024               0.0         0.5         0.0 
   108   148    -56.2505907939               0.0        -0.5         0.0 
   108   148    -50.6255317145               0.0       -0.45         0.0 
   108   148     50.6255317145               0.0        0.45         0.0 
   108   148     56.2505907939               0.0         0.5         0.0 
   108   198    -75.7291106847               0.0        -0.5         0.0 
   108   198    -68.1561996162               0.0       -0.45         0.0 
   108   198     68.1561996162               0.0        0.45         0.0 
   108   198     75.7291106847               0.0         0.5         0.0 
   108   200    -76.5558424744               0.0        -0.5         0.0 
   108   200     -68.900258227               0.0       -0.45         0.0 
   108   200      68.900258227               0.0        0.45         0.0 
   108   200     76.5558424744               0.0         0.5         0.0 
   108   202    -77.3861609643               0.0        -0.5         0.0 
   108   202    -69.6475448679               0.0       -0.45         0.0 
   108   202     69.6475448679               0.0        0.45         0.0 
   108   202     77.3861609643               0.0         0.5         0.0 
   108   244    -95.6382421504               0.0        -0.5         0.0 
   108   244    -86.0744179353               0.0       -0.45         0.0 
   108   244     86.0744179353               0.0        0.45         0.0 
   108   244     95.6382421504               0.0         0.5         0.0 
   110   156    -59.9602185327               0.0        -0.5         0.0 
   110   156    -53.9641966794               0.0       -0.45         0.0 
   110   156     53.9641966794               0.0        0.45         0.0 
   110   156     59.9602185327               0.0         0.5         0.0 
   110   164    -62.9957741535               0.0        -0.5         0.0 
   110   164    -56.6961967381               0.0       -0.45         0.0 
   110   164     56.6961967381               0.0        0.45         0.0 
   110   164     62.9957741535               0.0         0.5         0.0 
   110   204    -79.0575271904               0.0        -0.5         0.0 
   110   204    -71.1517744713               0.0       -0.45         0.0 
   110   204     71.1517744713               0.0        0.45         0.0 
   110   204     79.0575271904               0.0         0.5         0.0 
   110   232    -91.1529348232               0.0        -0.5         0.0 
   110   232    -82.0376413409               0.0       -0.45         0.0 
   110   232     82.0376413409               0.0        0.45         0.0 
   110   232     91.1529348232               0.0         0.5         0.0 
   112   162    -62.9957741535               0.0        -0.5         0.0 
   112   162    -56.6961967381               0.0       -0.45         0.0 
   112   162     56.6961967381               0.0        0.45         0.0 
   112   162     62.9957741535               0.0         0.5         0.0 
   114   192    -75.7291106847               0.0        -0.5         0.0 
   114   192    -68.1561996162               0.0       -0.45         0.0 
   114   192     68.1561996162               0.0        0.45         0.0 
   114   192     75.7291106847               0.0         0.5         0.0 
   114   208    -82.4429643031               0.0        -0.5         0.0 
   114   208    -74.1986678728               0.0       -0.45         0.0 
   114   208     74.1986678728               0.0        0.45         0.0 
   114   208     82.4429643031               0.0         0.5         0.0 
   114   220    -87.6269960769               0.0        -0.5         0.0 
   114   220    -78.8642964693               0.0       -0.45         0.0 
   114   220     78.8642964693               0.0        0.45         0.0 
   114   220     87.6269960769               0.0         0.5         0.0 
   114   244    -98.3706460677               0.0        -0.5         0.0 
   114   244    -88.5335814609               0.0       -0.45         0.0 
   114   244     88.5335814609               0.0        0.45         0.0 
   114   244     98.3706460677               0.0         0.5         0.0 
   116   212    -85.0191748233               0.0        -0.5         0.0 
   116   212     -76.517257341               0.0       -0.45         0.0 
   116   212      76.517257341               0.0        0.45         0.0 
   116   212     85.0191748233               0.0         0.5         0.0 
   116   214    -85.8849457703               0.0        -0.5         0.0 
   116   214    -77.2964511933               0.0       -0.45         0.0 
   116   214     77.2964511933               0.0        0.45         0.0 
   116   214     85.8849457703               0.0         0.5         0.0 
   116   228    -92.0430956967               0.0        -0.5         0.0 
   116   228     -82.838786127               0.0       -0.45         0.0 
   116   228      82.838786127               0.0        0.45         0.0 
   116   228     92.0430956967               0.0         0.5         0.0 
   116   240    -97.4564249635               0.0        -0.5         0.0 
   116   240    -87.7107824672               0.0       -0.45         0.0 
   116   240     87.7107824672               0.0        0.45         0.0 
   116   240     97.4564249635               0.0         0.5         0.0 
   118   218    -88.5032613875               0.0        -0.5         0.0 
   118   218    -79.6529352488               0.0       -0.45         0.0 
   118   218     79.6529352488               0.0        0.45         0.0 
   118   218     88.5032613875               0.0         0.5         0.0 
   118   236    -96.5456215164               0.0        -0.5         0.0 
   118   236    -86.8910593647               0.0       -0.45         0.0 
   118   236     86.8910593647               0.0        0.45         0.0 
   118   236     96.5456215164               0.0         0.5         0.0 
   118   238    -97.4564249635               0.0        -0.5         0.0 
   118   238    -87.7107824672               0.0       -0.45         0.0 
   118   238     87.7107824672               0.0        0.45         0.0 
   118   238     97.4564249635               0.0         0.5         0.0 
   118   240    -98.3706460677               0.0        -0.5         0.0 
   118   240    -88.5335814609               0.0       -0.45         0.0 
   118   240     88.5335814609               0.0        0.45         0.0 
   118   240     98.3706460677               0.0         0.5         0.0 
   120   232    -95.6382421504               0.0        -0.5         0.0 
   120   232    -86.0744179353               0.0       -0.45         0.0 
   120   232     86.0744179353               0.0        0.45         0.0 
   120   232     95.6382421504               0.0         0.5         0.0 
   120   280   -118.3478751379               0.0        -0.5         0.0 
   120   280   -106.5130876241               0.0       -0.45         0.0 
   120   280    106.5130876241               0.0        0.45         0.0 
   120   280    118.3478751379               0.0         0.5         0.0 
   120   294   -125.3317338671               0.0        -0.5         0.0 
   120   294   -112.7985604804               0.0       -0.45         0.0 
   120   294    112.7985604804               0.0        0.45         0.0 
   120   294    125.3317338671               0.0         0.5         0.0 
   120   298    -127.356451207               0.0        -0.5         0.0 
   120   298   -114.6208060863               0.0       -0.45         0.0 
   120   298    114.6208060863               0.0        0.45         0.0 
   120   298     127.356451207               0.0         0.5         0.0 
