Z      N      A      E_oct(MeV)          BE_gs(MeV)          BE_control(MeV)     beta3_gs       beta2_gs       beta2_control  delta_beta2    
2      2      4      -0.003801           -30.083113          -30.079312          -0.334673      0.286422       0.000365       0.286057       
22     44     66     -0.003239           -517.021094         -517.017855         -0.043351      0.114395       0.081125       0.03327        
24     24     48     -0.000681           -411.279223         -411.278542         -0.021691      0.214529       0.213004       0.001525       
24     28     52     -0.004679           -458.662169         -458.65749          -0.01237       0.079133       0.075941       0.003192       
26     46     72     -8.7e-05            -599.32348          -599.323393         0.021049       0.157086       0.154202       0.002884       
30     44     74     -0.000345           -642.736332         -642.735987         0.02589        0.170272       0.166432       0.00384        
30     46     76     -0.00019            -657.061123         -657.060933         0.025825       0.148723       0.143387       0.005336       
32     44     76     -6e-05              -662.299748         -662.299688         0.030919       0.202605       0.199006       0.003599       
32     46     78     -0.000179           -678.753694         -678.753515         0.032748       0.1742         0.168316       0.005884       
34     44     78     -3e-06              -678.649181         -678.649178         -0.016751      0.21047        0.210355       0.000115       
34     52     86     -1.8e-05            -741.924951         -741.924933         -0.025063      0.121779       0.113592       0.008187       
34     62     96     -4.5e-05            -782.896766         -782.896721         0.016662       -0.231274      -0.2322        0.000926       
34     64     98     -0.002142           -788.989867         -788.987725         0.02175        -0.231419      -0.233014      0.001595       
36     32     68     -0.00714            -547.312508         -547.305368         0.04307        -0.142513      -0.15752       0.015007       
36     38     74     -0.000142           -626.282252         -626.28211          0.014707       -0.270935      -0.271478      0.000543       
36     40     76     -6.2e-05            -648.997828         -648.997766         0.039244       -0.22247       -0.228314      0.005844       
36     44     80     0.000209            -692.505726         -692.505935         0.049242       0.286627       0.282767       0.00386        
36     52     88     0.00079             -763.532504         -763.533294         -0.02258       0.095724       0.083186       0.012538       
36     62     98     -0.000556           -812.863949         -812.863393         0.05168        -0.255513      -0.262908      0.007395       
36     68     104    -8.8e-05            -835.172992         -835.172904         0.045878       0.334253       0.332045       0.002208       
38     42     80     -0.000543           -680.372492         -680.371949         0.041344       -0.183552      -0.192691      0.009139       
38     44     82     0.001309            -704.341351         -704.34266          0.079958       0.33377        0.326243       0.007527       
38     58     96     -0.071412           -819.119282         -819.04787          0.0796         0.02094        0.001181       0.019759       
38     62     100    -0.001935           -839.051193         -839.049258         0.064541       -0.237122      -0.249998      0.012876       
40     38     78     -0.000784           -633.521659         -633.520875         0.029428       -0.188676      -0.193028      0.004352       
40     40     80     -0.054202           -661.531689         -661.477487         0.049913       0.00065        5.8e-05        0.000592       
40     44     84     0.005542            -713.254483         -713.260025         0.073724       0.316915       0.309674       0.007241       
40     58     98     -0.19199            -840.730926         -840.538936         0.089425       0.01059        0.000228       0.010362       
40     94     134    -0.018266           -961.823865         -961.805599         0.037041       -0.001678      -0.002671      0.000993       
40     96     136    -0.086883           -961.769861         -961.682978         0.075724       -9e-06         -0.002864      0.002855       
40     98     138    -0.13959            -960.858281         -960.718691         0.094772       0.000289       -0.002944      0.003233       
40     100    140    -0.188081           -959.516304         -959.328223         0.10625        -0.000472      -0.002809      0.002337       
40     102    142    -0.240689           -957.997496         -957.756807         0.114094       -0.002419      -0.002499      8e-05          
42     42     84     0.001742            -693.764861         -693.766603         0.083869       0.343913       0.336305       0.007608       
42     58     100    -0.03579            -858.612105         -858.576315         0.051302       -4.3e-05       0.000307       -0.00035       
42     96     138    -0.019409           -1002.311583        -1002.292174        0.059914       -0.004406      -0.002824      -0.001582      
42     98     140    -0.080171           -1002.090059        -1002.009888        0.096929       -0.014199      -0.003159      -0.01104       
46     36     82     -0.001446           -595.296938         -595.295492         -0.037603      0.143095       0.131254       0.011841       
52     56     108    -0.06025            -892.854449         -892.794199         0.026673       0.139752       0.134332       0.00542        
52     90     142    -0.056409           -1158.543678        -1158.487269        0.063291       0.113213       -0.0           0.113213       
54     54     108    -0.332307           -867.937114         -867.604807         0.178964       0.189354       0.164595       0.024759       
54     56     110    -0.452287           -892.710339         -892.258052         0.180786       0.2049         0.192198       0.012702       
54     58     112    -0.159994           -915.825159         -915.665165         0.068835       0.226553       0.22322        0.003333       
54     86     140    -0.34374            -1163.680054        -1163.336314        0.113403       0.13555        0.123832       0.011718       
54     88     142    -0.585917           -1172.639749        -1172.053832        0.097156       0.162087       0.154888       0.007199       
54     90     144    -0.531086           -1180.860788        -1180.329702        0.119869       0.183814       0.184548       -0.000734      
54     92     146    -0.199164           -1188.624025        -1188.424861        0.136493       0.219843       0.214933       0.00491        
54     94     148    -0.081167           -1196.439127        -1196.35796         0.09377        0.244448       0.239329       0.005119       
54     96     150    -0.00011            -1203.985744        -1203.985634        0.027418       0.25195        0.250459       0.001491       
56     52     108    -0.11565            -835.222079         -835.106429         0.059328       0.150188       0.148755       0.001433       
56     54     110    -0.543172           -863.670178         -863.127006         0.092361       0.206294       0.195838       0.010456       
56     56     112    -0.903836           -890.774535         -889.870699         0.209156       0.240342       0.223271       0.017071       
56     58     114    -0.476563           -915.990964         -915.514401         0.16734        0.29274        0.299281       -0.006541      
56     66     122    8.6e-05             -1008.666022        -1008.666108        0.029724       0.314068       0.313097       0.000971       
56     84     140    -0.025337           -1168.876081        -1168.850744        0.023146       0.104249       0.103041       0.001208       
56     86     142    -0.780029           -1180.819811        -1180.039782        0.158265       0.161778       0.141783       0.019995       
56     88     144    -1.245352           -1191.629421        -1190.384069        0.188724       0.190704       0.178097       0.012607       
56     90     146    -1.198949           -1201.547277        -1200.348328        0.196335       0.215588       0.217148       -0.00156       
56     92     148    -0.33003            -1210.817603        -1210.487573        0.089935       0.253988       0.262336       -0.008348      
56     94     150    -0.088527           -1220.068943        -1219.980416        0.119661       0.280926       0.281922       -0.000996      
56     96     152    -0.058616           -1228.860878        -1228.802262        0.083462       0.288302       0.285589       0.002713       
56     132    188    -0.035982           -1313.47112         -1313.435138        0.033603       0.112451       0.11021        0.002241       
56     134    190    -0.33371            -1313.433555        -1313.099845        0.097018       0.140303       0.130879       0.009424       
56     136    192    -0.500623           -1312.971328        -1312.470705        0.116022       0.158626       0.150317       0.008309       
56     138    194    -0.453792           -1312.131392        -1311.6776          0.11838        0.176278       0.172449       0.003829       
58     54     112    -0.202904           -857.030542         -856.827638         0.166965       0.242689       0.23358        0.009109       
58     56     114    -0.545253           -886.296857         -885.751604         0.173719       0.295615       0.300329       -0.004714      
58     58     116    -0.046394           -914.658186         -914.611792         0.060008       0.340512       0.340856       -0.000344      
58     84     142    -0.119888           -1182.38278         -1182.262892        0.05596        0.108498       0.104625       0.003873       
58     86     144    -0.908436           -1195.484408        -1194.575972        0.170085       0.165388       0.148773       0.016615       
58     88     146    -1.071449           -1207.449397        -1206.377948        0.198153       0.198612       0.208304       -0.009692      
58     90     148    -0.10825            -1219.026284        -1218.918034        0.153947       0.261208       0.26056        0.000648       
58     92     150    -0.000471           -1231.143763        -1231.143292        0.046243       0.294226       0.290896       0.00333        
58     132    190    -0.420449           -1350.934818        -1350.514369        0.10015        0.117854       0.104591       0.013263       
58     134    192    -0.709449           -1351.529357        -1350.819908        0.129206       0.141286       0.127252       0.014034       
58     136    194    -0.899784           -1351.730244        -1350.83046         0.143937       0.160715       0.149014       0.011701       
58     138    196    -0.472192           -1351.559391        -1351.087199        0.146266       0.179948       0.23079        -0.050842      
60     84     144    -0.14809            -1194.062709        -1193.914619        0.066247       0.099672       0.096462       0.00321        
60     86     146    -0.887119           -1208.121132        -1207.234013        0.17081        0.159483       0.157112       0.002371       
60     88     148    -0.374115           -1221.262916        -1220.888801        0.185622       0.216147       0.240304       -0.024157      
60     90     150    -0.000863           -1235.614511        -1235.613648        0.059007       0.295362       0.289839       0.005523       
60     130    190    -0.238236           -1384.792895        -1384.554659        0.058617       0.071426       0.050758       0.020668       
60     132    192    -0.729639           -1386.538277        -1385.808638        0.119529       0.106232       0.084648       0.021584       
60     134    194    -1.05194            -1387.688126        -1386.636186        0.145519       0.128747       0.110716       0.018031       
60     136    196    -1.356482           -1388.500769        -1387.144287        0.161205       0.151139       0.222097       -0.070958      
62     84     146    -0.182503           -1204.096583        -1203.91408         0.085091       0.088215       0.078748       0.009467       
62     86     148    -0.594457           -1218.943649        -1218.349192        0.169405       0.145475       0.175824       -0.030349      
62     88     150    -0.042696           -1233.520408        -1233.477712        0.098656       0.253468       0.246888       0.00658        
62     90     152    -0.000477           -1249.102807        -1249.10233         0.051665       0.302902       0.298992       0.00391        
62     130    192    -0.610137           -1418.131819        -1417.521682        0.079744       0.06223        0.002425       0.059805       
62     132    194    -1.122828           -1420.49504         -1419.372212        0.121241       0.08659        0.053527       0.033063       
62     134    196    -1.491963           -1422.190624        -1420.698661        0.156828       0.10705        0.074599       0.032451       
62     136    198    -0.947587           -1423.471369        -1422.523782        0.175118       0.129207       0.227902       -0.098695      
64     84     148    -0.070887           -1212.572934        -1212.502047        0.078218       0.069505       -0.058786      0.128291       
64     86     150    -0.282503           -1228.254155        -1227.971652        0.160048       0.120831       0.18697        -0.066139      
64     88     152    -9e-05              -1244.345126        -1244.345036        0.052735       0.249552       0.243023       0.006529       
64     90     154    -0.000662           -1260.840743        -1260.840081        0.050008       0.294871       0.290914       0.003957       
64     130    194    -0.701135           -1449.324191        -1448.623056        0.094022       0.053381       0.001873       0.051508       
64     132    196    -1.479284           -1452.484681        -1451.005397        0.131049       0.073232       0.024428       0.048804       
64     134    198    -1.794802           -1454.92987         -1453.135068        0.156309       0.084509       -0.006136      0.090645       
64     136    200    -1.076268           -1456.867638        -1455.79137         0.177099       0.09758        0.221247       -0.123667      
66     66     132    -0.021643           -1004.958576        -1004.936933        0.018375       -0.257558      -0.258007      0.000449       
66     130    196    -0.636256           -1477.992701        -1477.356445        0.09715        0.054737       0.029704       0.025033       
66     132    198    -1.536596           -1482.07034         -1480.533744        0.136811       0.072934       0.049055       0.023879       
66     134    200    -1.960287           -1485.395607        -1483.43532         0.162514       0.080364       -0.104753      0.185117       
66     136    202    -0.929835           -1488.135681        -1487.205846        0.182132       0.08765        0.207471       -0.119821      
68     130    198    -0.231943           -1504.873507        -1504.641564        0.080958       0.060171       0.05598        0.004191       
68     132    200    -0.963353           -1509.557231        -1508.593878        0.126935       0.075902       0.076891       -0.000989      
68     134    202    -1.169948           -1513.492956        -1512.323008        0.155972       0.078367       0.154693       -0.076326      
68     190    258    -0.004736           -1542.824957        -1542.820221        0.032332       0.079549       0.079718       -0.000169      
70     130    200    -0.005294           -1530.53176         -1530.526466        0.041247       0.068503       0.069045       -0.000542      
70     132    202    -0.338283           -1535.642423        -1535.30414         0.100725       0.083141       0.096818       -0.013677      
70     134    204    -0.197106           -1540.054153        -1539.857047        0.148686       0.082102       0.147291       -0.065189      
70     166    236    -0.009044           -1592.302305        -1592.293261        0.08439        0.260637       0.251435       0.009202       
70     168    238    -0.016114           -1592.574651        -1592.558537        0.081029       0.250577       0.241022       0.009555       
72     132    204    -0.054284           -1560.562277        -1560.507993        0.051495       0.097009       0.100532       -0.003523      
72     168    240    -0.011525           -1629.911731        -1629.900206        0.065925       0.214969       0.201111       0.013858       
72     170    242    -0.01046            -1631.011307        -1631.000847        0.060014       0.201587       0.188353       0.013234       
74     170    244    -0.010014           -1667.335867        -1667.325853        0.054773       0.187201       0.173768       0.013433       
76     90     166    -0.000207           -1294.053124        -1294.052917        0.021352       0.170169       0.167658       0.002511       
76     136    212    -0.347198           -1618.888437        -1618.541239        0.136769       -0.006373      0.131234       -0.137607      
78     134    212    -0.143734           -1633.705249        -1633.561515        0.079568       0.022556       0.058278       -0.035722      
78     136    214    -0.830262           -1640.861807        -1640.031545        0.118193       0.000607       0.079215       -0.078608      
78     138    216    -0.741406           -1647.27074         -1646.529334        0.13307        -0.023281      -0.091015      0.067734       
80     134    214    -0.091304           -1654.052736        -1653.961432        0.047804       0.008893       0.0            0.008893       
80     136    216    -0.397087           -1661.607678        -1661.210591        0.082049       0.005906       0.0            0.005906       
80     138    218    -0.453002           -1668.436351        -1667.983349        0.097675       -0.008474      0.0            -0.008474      
80     140    220    -0.047732           -1674.849269        -1674.801537        0.097557       -0.028042      -0.076166      0.048124       
82     134    216    -0.116743           -1672.589163        -1672.47242         0.05058        0.006042       0.0            0.006042       
82     136    218    -0.368039           -1680.833998        -1680.465959        0.073756       0.008281       0.0            0.008281       
82     138    220    -0.349799           -1688.341778        -1687.991979        0.07729        0.004521       0.0            0.004521       
82     140    222    -0.196684           -1695.365777        -1695.169093        0.070711       -0.002074      0.0            -0.002074      
82     142    224    -0.074834           -1702.22466         -1702.149826        0.060222       -0.011265      0.000569       -0.011834      
84     132    216    -0.939399           -1673.029373        -1672.089974        0.114048       0.061492       0.0            0.061492       
84     134    218    -1.407343           -1682.668544        -1681.261201        0.132455       0.060176       0.0            0.060176       
84     136    220    -0.794941           -1691.584498        -1690.789557        0.142311       0.058382       0.117777       -0.059395      
84     154    238    -0.002542           -1767.113091        -1767.110549        0.067191       0.242217       0.230819       0.011398       
84     156    240    -0.005699           -1774.057438        -1774.051739        0.069738       0.238933       0.226132       0.012801       
84     158    242    -0.008995           -1780.798222        -1780.789227        0.068698       0.230731       0.217273       0.013458       
84     160    244    -0.017195           -1787.221163        -1787.203968        0.06311        0.212689       0.199135       0.013554       
84     162    246    -0.015306           -1793.452912        -1793.437606        0.052258       0.182222       0.167559       0.014663       
84     194    278    -0.158638           -1856.291357        -1856.132719        0.05762        0.013086       0.0            0.013086       
84     196    280    -0.366787           -1856.012852        -1855.646065        0.075466       0.01163        0.0            0.01163        
84     198    282    -0.372561           -1855.258799        -1854.886238        0.083419       -0.006898      -0.033371      0.026473       
86     130    216    -1.476153           -1670.583583        -1669.10743         0.122174       0.087919       0.07233        0.015589       
86     132    218    -2.137608           -1682.27172         -1680.134112        0.161248       0.107546       0.103722       0.003824       
86     134    220    -1.886338           -1693.040879        -1691.154541        0.183738       0.132402       0.130214       0.002188       
86     136    222    -1.141459           -1703.319059        -1702.1776          0.196991       0.152949       0.153261       -0.000312      
86     138    224    -0.366266           -1713.351448        -1712.985182        0.137505       0.17897        0.171224       0.007746       
86     140    226    -0.179574           -1723.695592        -1723.516018        0.091947       0.190955       0.184472       0.006483       
86     142    228    -0.017018           -1733.748154        -1733.731136        0.040303       0.196647       0.195017       0.00163        
86     152    238    -0.002791           -1779.028924        -1779.026133        0.055642       0.231881       0.223423       0.008458       
86     154    240    -0.003893           -1786.801378        -1786.797485        0.061085       0.229334       0.218563       0.010771       
86     156    242    -0.013903           -1794.33432         -1794.320417        0.063107       0.224355       0.211712       0.012643       
86     158    244    -0.016151           -1801.702354        -1801.686203        0.063151       0.216506       0.202554       0.013952       
86     160    246    -0.016334           -1808.8895          -1808.873166        0.060237       0.204865       0.190252       0.014613       
86     164    250    -0.018743           -1822.575622        -1822.556879        0.051809       0.176924       0.161511       0.015413       
86     192    278    -0.270403           -1884.862865        -1884.592462        0.060337       0.040802       0.0            0.040802       
86     194    280    -0.667665           -1885.826469        -1885.158804        0.133158       0.106328       0.086054       0.020274       
86     196    282    -0.286854           -1886.389373        -1886.102519        0.14173        0.125014       0.123997       0.001017       
88     128    216    -0.570401           -1662.69283         -1662.122429        0.081078       0.069147       -0.0           0.069147       
88     130    218    -2.402534           -1677.040388        -1674.637854        0.140198       0.108738       0.095435       0.013303       
88     132    220    -2.976679           -1690.099442        -1687.122763        0.174835       0.135758       0.128243       0.007515       
88     134    222    -2.912044           -1702.69119         -1699.779146        0.199112       0.162946       0.156365       0.006581       
88     136    224    -2.00015            -1714.380246        -1712.380096        0.212898       0.18387        0.18094        0.00293        
88     138    226    -1.166865           -1725.647213        -1724.480348        0.203946       0.204087       0.198262       0.005825       
88     140    228    -0.629355           -1736.763885        -1736.13453         0.165305       0.219055       0.20966        0.009395       
88     142    230    -0.20871            -1747.580503        -1747.371793        0.111161       0.224902       0.218464       0.006438       
88     144    232    -0.02088            -1758.159888        -1758.139008        0.025276       0.227188       0.226659       0.000529       
88     154    242    -0.006114           -1804.622125        -1804.616011        0.057827       0.23507        0.226005       0.009065       
88     156    244    -0.010914           -1812.717327        -1812.706413        0.063915       0.230543       0.218464       0.012079       
88     158    246    -0.017684           -1820.706982        -1820.689298        0.065615       0.223683       0.209965       0.013718       
88     160    248    -0.020728           -1828.515797        -1828.495069        0.064474       0.213926       0.198986       0.01494        
88     162    250    -0.023394           -1836.070581        -1836.047187        0.061633       0.201847       0.185855       0.015992       
88     172    260    -0.001834           -1870.380247        -1870.378413        0.032728       -0.101688      -0.118282      0.016594       
88     190    278    -0.912864           -1911.727656        -1910.814792        0.114559       0.084676       0.000292       0.084384       
88     192    280    -1.813662           -1913.675177        -1911.861515        0.152865       0.110117       0.029556       0.080561       
88     194    282    -2.008878           -1915.441165        -1913.432287        0.173282       0.131919       0.119414       0.012505       
88     196    284    -1.504384           -1916.953978        -1915.449594        0.181497       0.148668       0.145846       0.002822       
88     198    286    -0.747378           -1918.223625        -1917.476247        0.167595       0.165913       0.163536       0.002377       
88     200    288    -0.304908           -1919.725733        -1919.420825        0.096854       0.179853       0.177538       0.002315       
88     202    290    -0.132267           -1921.293881        -1921.161614        0.046687       0.189511       0.188542       0.000969       
88     204    292    -0.055789           -1922.572485        -1922.516696        0.024188       0.196885       0.196399       0.000486       
90     128    218    -1.185141           -1666.212601        -1665.02746         0.103217       0.081632       -0.0           0.081632       
90     130    220    -2.949231           -1681.659125        -1678.709894        0.155015       0.120373       0.113563       0.00681        
90     132    222    -3.047873           -1695.8998          -1692.851927        0.18948        0.148299       0.153187       -0.004888      
90     134    224    -2.25469            -1709.651701        -1707.397011        0.215133       0.176186       0.183619       -0.007433      
90     136    226    -0.941692           -1722.563478        -1721.621786        0.228744       0.198751       0.206339       -0.007588      
90     138    228    -0.18851            -1735.157601        -1734.969091        0.220688       0.221572       0.221925       -0.000353      
90     140    230    -0.023318           -1747.720065        -1747.696747        0.072844       0.232998       0.232772       0.000226       
90     156    246    -0.006061           -1829.506654        -1829.500593        0.063673       0.242308       0.231949       0.010359       
90     158    248    -0.012576           -1838.13824         -1838.125664        0.069564       0.236401       0.222969       0.013432       
90     160    250    -0.018532           -1846.543099        -1846.524567        0.06954        0.227589       0.212649       0.01494        
90     162    252    -0.016337           -1854.553773        -1854.537436        0.06436        0.21472        0.19987        0.01485        
90     190    280    -1.385878           -1937.79383         -1936.407952        0.135544       0.093596       0.0            0.093596       
90     192    282    -2.498457           -1940.377711        -1937.879254        0.166324       0.116831       8.9e-05        0.116742       
90     194    284    -2.541458           -1942.824171        -1940.282713        0.186391       0.140363       0.140874       -0.000511      
90     196    286    -1.587834           -1945.117512        -1943.529678        0.195214       0.158427       0.16788        -0.009453      
90     198    288    -0.679935           -1947.213686        -1946.533751        0.191013       0.176435       0.184139       -0.007704      
90     222    312    -0.004104           -1959.538888        -1959.534784        0.045717       0.214288       0.20782        0.006468       
90     224    314    -0.005069           -1959.133658        -1959.128589        0.059195       0.213813       0.203047       0.010766       
92     128    220    -1.538573           -1668.340053        -1666.80148         0.115436       0.083898       0.002099       0.081799       
92     130    222    -3.089287           -1684.672948        -1681.583661        0.165139       0.124337       0.13099        -0.006653      
92     132    224    -2.702633           -1700.015833        -1697.3132          0.200189       0.15618        0.17697        -0.02079       
92     134    226    -1.484704           -1714.992058        -1713.507354        0.226231       0.190225       0.211727       -0.021502      
92     136    228    -0.11893            -1729.267039        -1729.148109        0.238032       0.215859       0.229237       -0.013378      
92     158    250    -0.004072           -1854.1598          -1854.155728        0.067643       0.247986       0.236706       0.01128        
92     162    254    -0.017771           -1871.413253        -1871.395482        0.07114        0.229574       0.214143       0.015431       
92     164    256    -0.021648           -1879.400097        -1879.378449        0.06848        0.216025       0.199487       0.016538       
92     190    282    -1.80552            -1962.315015        -1960.509495        0.144895       0.092086       3.6e-05        0.09205        
92     192    284    -3.008107           -1965.529235        -1962.521128        0.17319        0.114075       7.7e-05        0.113998       
92     194    286    -2.483788           -1968.606915        -1966.123127        0.195223       0.142081       0.16526        -0.023179      
92     196    288    -1.495538           -1971.722004        -1970.226466        0.205769       0.16424        0.185803       -0.021563      
92     198    290    -0.586706           -1974.657553        -1974.070847        0.204124       0.185359       0.199771       -0.014412      
92     226    318    -0.002174           -1993.074192        -1993.072018        0.049719       0.217528       0.209185       0.008343       
92     230    322    -0.008715           -1992.492019        -1992.483304        0.061654       0.206461       0.189273       0.017188       
94     128    222    -1.726343           -1669.151372        -1667.425029        0.121708       0.077995       0.0            0.077995       
94     130    224    -2.723076           -1686.057952        -1683.334876        0.16898        0.119383       0.146906       -0.027523      
94     132    226    -1.948693           -1702.141755        -1700.193062        0.207637       0.160062       0.215244       -0.055182      
94     134    228    -1.01538            -1718.31131         -1717.29593         0.230455       0.210448       0.237014       -0.026566      
94     136    230    -0.488766           -1734.270111        -1733.781345        0.219638       0.240921       0.244389       -0.003468      
94     138    232    -0.464141           -1749.925605        -1749.461464        0.110272       0.251681       0.252629       -0.000948      
94     140    234    -0.288844           -1764.683414        -1764.39457         0.092248       0.261096       0.261641       -0.000545      
94     142    236    -0.058974           -1778.567703        -1778.508729        0.0594         0.268716       0.268545       0.000171       
94     160    254    -0.005377           -1878.226475        -1878.221098        0.067467       0.2518         0.240737       0.011063       
94     188    282    -1.304147           -1981.002337        -1979.69819         0.114479       0.061099       0.000196       0.060903       
94     190    284    -3.218483           -1985.60095         -1982.382467        0.150472       0.085357       -0.000158      0.085515       
94     192    286    -4.147308           -1989.370018        -1985.22271         0.174374       0.101812       0.122285       -0.020473      
94     194    288    -2.097599           -1992.618536        -1990.520937        0.197838       0.131052       0.195845       -0.064793      
94     196    290    -0.736968           -1996.065834        -1995.328866        0.212002       0.162308       0.204002       -0.041694      
94     198    292    -0.098843           -2000.004066        -1999.905223        0.0611         0.209585       0.211582       -0.001997      
94     230    324    -0.013259           -2026.424201        -2026.410942        0.066274       0.213062       0.196189       0.016873       
94     232    326    -0.012937           -2026.412618        -2026.399681        0.062656       0.200981       0.181302       0.019679       
94     234    328    -0.003836           -2026.289519        -2026.285683        0.060239       0.190567       0.169576       0.020991       
96     126    222    -0.174922           -1652.03108         -1651.856158        0.071246       0.021652       0.0            0.021652       
96     128    224    -1.917434           -1668.783885        -1666.866451        0.127746       0.068584       -0.0           0.068584       
96     130    226    -2.081693           -1686.135786        -1684.054093        0.172586       0.109397       0.282762       -0.173365      
96     132    228    -0.700497           -1702.900448        -1702.199951        0.212398       0.156468       0.267406       -0.110938      
96     138    234    -0.023486           -1753.79017         -1753.766684        0.03169        0.26072        0.260728       -8e-06         
96     160    256    -0.000922           -1892.214112        -1892.21319         0.048328       0.25853        0.253338       0.005192       
96     162    258    -0.00544            -1901.441968        -1901.436528        0.065696       0.252499       0.242088       0.010411       
96     182    278    -0.047794           -1984.857116        -1984.809322        0.024541       0.007292       0.000565       0.006727       
96     184    280    -0.084665           -1992.143636        -1992.058971        0.044463       0.008327       1.8e-05        0.008309       
96     186    282    -0.92011            -1997.036151        -1996.116041        0.089365       0.034798       0.000238       0.03456        
96     188    284    -2.817594           -2002.26501         -1999.447416        0.127966       0.06116        0.000586       0.060574       
96     190    286    -4.814362           -2007.529784        -2002.715422        0.15543        0.078857       0.000229       0.078628       
96     192    288    -4.121355           -2011.960843        -2007.839488        0.144054       0.087518       0.249117       -0.161599      
96     194    290    -2.066224           -2015.399253        -2013.333029        0.162119       0.109908       0.241511       -0.131603      
96     196    292    -0.409108           -2019.057671        -2018.648563        0.217018       0.156149       0.235041       -0.078892      
96     234    330    -0.000971           -2059.615384        -2059.614413        0.069329       0.199834       0.17946        0.020374       
96     256    352    -0.007189           -2060.141519        -2060.13433         0.027002       0.004883       0.00048        0.004403       
96     258    354    -0.032193           -2059.668487        -2059.636294        0.040175       0.007237       0.000485       0.006752       
96     260    356    -0.43549            -2057.481373        -2057.045883        0.060389       0.021844       0.00082        0.021024       
96     262    358    -1.469125           -2055.109106        -2053.639981        0.082825       0.039346       0.001528       0.037818       
98     126    224    -0.52586            -1649.86187         -1649.33601         0.085255       0.021354       0.0            0.021354       
98     128    226    -1.756678           -1667.268358        -1665.51168         0.127626       0.055329       0.32504        -0.269711      
98     130    228    -0.55956            -1685.058018        -1684.498458        0.172142       0.097318       0.312205       -0.214887      
98     162    260    -0.001338           -1914.499709        -1914.498371        0.049119       0.259124       0.253865       0.005259       
98     164    262    -0.006303           -1923.604171        -1923.597868        0.067666       0.248061       0.236691       0.01137        
98     166    264    -0.017954           -1932.557224        -1932.53927         0.069763       0.227677       0.21228        0.015397       
98     182    280    -0.59181            -2002.260376        -2001.668566        0.065073       0.024887       0.001558       0.023329       
98     184    282    -0.590209           -2010.040387        -2009.450178        0.082764       0.024427       0.000209       0.024218       
98     186    284    -1.80068            -2015.887835        -2014.087155        0.109282       0.037131       0.000377       0.036754       
98     188    286    -3.73944            -2021.732436        -2017.992996        0.13747        0.058022       0.001289       0.056733       
98     190    288    -4.487396           -2027.636797        -2023.149401        0.135464       0.073124       0.330593       -0.257469      
98     192    290    -3.743              -2032.821707        -2029.078707        0.147702       0.08176        0.277705       -0.195945      
98     194    292    -1.882649           -2036.939719        -2035.05707         0.157577       0.091035       0.267323       -0.176288      
98     196    294    -0.157361           -2040.959367        -2040.802006        0.221596       0.152872       0.259409       -0.106537      
98     256    354    -0.434903           -2094.99397         -2094.559067        0.060274       0.022139       0.001197       0.020942       
98     258    356    -0.442082           -2094.811017        -2094.368935        0.071209       0.015618       0.000904       0.014714       
98     260    358    -1.176914           -2093.312207        -2092.135293        0.084521       0.028625       0.001509       0.027116       
98     262    360    -2.403145           -2091.497685        -2089.09454         0.101643       0.043105       0.003527       0.039578       
100    126    226    -0.745118           -1646.40585         -1645.660732        -0.089194      0.017655       0.0            0.017655       
100    128    228    -0.969458           -1664.396348        -1663.42689         0.124287       0.041724       0.348248       -0.306524      
100    162    262    -0.000467           -1925.811686        -1925.811219        0.027582       0.258852       0.257242       0.00161        
100    164    264    -0.007041           -1935.61778         -1935.610739        0.066662       0.249053       0.238197       0.010856       
100    166    266    -0.013602           -1945.21325         -1945.199648        0.070227       0.232116       0.217306       0.01481        
100    168    268    -0.023276           -1954.678892        -1954.655616        0.06829        0.216775       0.19981        0.016965       
100    182    282    -0.712416           -2018.280238        -2017.567822        0.07715        0.02369        -0.032074      0.055764       
100    184    284    -0.998288           -2026.693937        -2025.695649        0.094997       0.021053       0.000266       0.020787       
100    186    286    -2.24012            -2033.141705        -2030.901585        0.11604        0.029949       0.000501       0.029448       
100    188    288    -3.458406           -2039.41061         -2035.952204        0.130397       0.045398       0.348587       -0.303189      
100    190    290    -3.041512           -2045.875855        -2042.834343        0.166927       0.070895       0.346716       -0.275821      
100    192    292    -2.441193           -2051.809043        -2049.36785         0.154735       0.081525       0.34423        -0.262705      
100    194    294    -1.29811            -2056.669626        -2055.371516        0.163636       0.087384       0.330605       -0.243221      
100    196    296    -0.022583           -2061.454072        -2061.431489        0.224923       0.15239        0.277513       -0.125123      
100    256    356    -0.711065           -2128.699235        -2127.98817         0.074233       0.021951       0.001979       0.019972       
100    258    358    -0.806084           -2128.900348        -2128.094264        0.083247       0.020512       0.001204       0.019308       
100    260    360    -1.573824           -2127.80014         -2126.226316        0.09621        0.026523       0.002102       0.024421       
100    262    362    -2.767741           -2126.327731        -2123.55999         0.111288       0.039458       -0.008972      0.04843        
100    264    364    -3.578609           -2125.095186        -2121.516577        0.126155       0.055766       0.0562         -0.000434      
102    128    230    -0.723957           -1659.97956         -1659.255603        0.116818       0.025901       -0.280271      0.306172       
102    130    232    -0.350717           -1678.913554        -1678.562837        0.174298       0.086446       -0.288753      0.375199       
102    132    234    -0.652426           -1698.045889        -1697.393463        0.214188       0.121683       -0.295916      0.417599       
102    136    238    -0.000528           -1737.977893        -1737.977365        0.086118       0.33504        0.32542        0.00962        
102    162    264    0.002221            -1935.723202        -1935.725423        0.037676       0.257247       0.254152       0.003095       
102    164    266    -0.001999           -1946.291211        -1946.289212        0.066389       0.248932       0.237984       0.010948       
102    166    268    -0.004072           -1956.435239        -1956.431167        0.070223       0.236044       0.221817       0.014227       
102    168    270    -0.000174           -1966.354539        -1966.354365        0.049369       0.215162       0.206261       0.008901       
102    182    284    -0.496267           -2032.824977        -2032.32871         0.081087       0.011189       -0.039668      0.050857       
102    184    286    -0.995559           -2041.818007        -2040.822448        0.094026       0.008404       0.000313       0.008091       
102    186    288    -2.077346           -2048.660126        -2046.58278         0.114046       0.017523       0.0006         0.016923       
102    188    290    -3.282547           -2055.255984        -2051.973437        0.131123       0.0339         -0.189588      0.223488       
102    190    292    -4.20345            -2062.439632        -2058.236182        0.1555         0.06936        -0.197101      0.266461       
102    192    294    -1.027255           -2069.140172        -2068.112917        0.163454       0.085146       0.349817       -0.264671      
102    256    358    -0.710252           -2161.14704         -2160.436788        0.078359       0.014808       0.002624       0.012184       
102    258    360    -0.779751           -2161.610551        -2160.8308          0.08871        0.007099       0.001384       0.005715       
102    260    362    -1.507047           -2160.835295        -2159.328248        0.099816       0.019638       0.002464       0.017174       
102    262    364    -2.526359           -2159.585228        -2157.058869        0.114544       0.032031       -0.013671      0.045702       
102    264    366    -3.467319           -2158.915354        -2155.448035        0.134792       0.060425       0.058537       0.001888       
104    164    268    0.006659            -1955.487978        -1955.494637        0.064917       0.250065       0.23957        0.010495       
104    166    270    -0.000878           -1966.144049        -1966.143171        0.057738       0.235648       0.225712       0.009936       
104    168    272    -0.0152             -1976.641734        -1976.626534        0.069882       0.226736       0.210996       0.01574        
104    170    274    -0.001188           -1986.957539        -1986.956351        0.043274       0.203909       0.196362       0.007547       
104    182    286    -0.346843           -2046.276314        -2045.929471        0.071141       -0.018563      -0.041685      0.023122       
104    184    288    -0.766712           -2055.616408        -2054.849696        0.08656        -0.003075      0.000336       -0.003411      
104    186    290    -1.67993            -2062.845042        -2061.165112        0.106326       0.00262        0.000651       0.001969       
104    188    292    -1.921568           -2069.763775        -2067.842207        0.126987       0.02092        -0.193483      0.214403       
104    190    294    -2.8506             -2077.528844        -2074.678244        0.153226       0.070719       -0.2           0.270719       
104    192    296    -3.563275           -2084.793766        -2081.230491        0.167092       0.080052       -0.207846      0.287898       
104    256    360    -0.593089           -2192.506728        -2191.913639        0.076406       -0.004768      0.002176       -0.006944      
104    258    362    -0.659378           -2193.248713        -2192.589335        0.085843       -0.001322      0.001396       -0.002718      
104    260    364    -1.230192           -2192.691118        -2191.460926        0.098729       0.002775       0.002531       0.000244       
104    262    366    -2.134316           -2191.704691        -2189.570375        0.113611       0.022706       0.01509        0.007616       
104    264    368    -2.820281           -2191.434063        -2188.613782        0.139241       0.059422       0.334089       -0.274667      
106    156    262    0.012437            -1909.127541        -1909.139978        0.081716       0.282538       0.269384       0.013154       
106    162    268    0.012889            -1951.187784        -1951.200673        0.045946       0.254602       0.249665       0.004937       
106    166    272    -0.002504           -1974.575452        -1974.572948        0.056948       0.236349       0.226862       0.009487       
106    168    274    -0.000659           -1985.691264        -1985.690605        0.049694       0.221983       0.21374        0.008243       
106    170    276    -0.001212           -1996.641415        -1996.640203        0.044327       0.208421       0.20091        0.007511       
106    172    278    0.000831            -2007.16322         -2007.164051        0.035821       0.193399       0.187631       0.005768       
106    182    288    -0.335956           -2058.720277        -2058.384321        0.060169       -0.03478       -0.040573      0.005793       
106    184    290    -0.435838           -2068.225099        -2067.789261        0.073946       -0.009848      0.000322       -0.01017       
106    186    292    -1.198192           -2075.860427        -2074.662235        0.096531       -0.005259      0.000622       -0.005881      
106    188    294    -0.940473           -2083.133585        -2082.193112        0.119279       0.01053        -0.195051      0.205581       
106    190    296    -1.692469           -2091.322075        -2089.629606        0.156168       0.05924        -0.201294      0.260534       
106    192    298    -2.304194           -2099.092885        -2096.788691        0.165359       0.071092       -0.207877      0.278969       
106    194    300    -2.206308           -2105.920429        -2103.714121        0.180402       0.062088       -0.215983      0.278071       
106    196    302    -1.348037           -2112.094008        -2110.745971        0.186018       0.033869       -0.252379      0.286248       
106    238    344    2.5e-05             -2211.294598        -2211.294623        0.01286        0.196247       0.195616       0.000631       
106    254    360    -0.092987           -2221.815764        -2221.722777        0.050048       -0.051421      -0.058971      0.00755        
106    256    362    -0.428349           -2222.850571        -2222.422222        0.067411       -0.013512      0.001254       -0.014766      
106    258    364    -0.435032           -2223.803184        -2223.368152        0.077363       -0.006619      0.00122        -0.007839      
106    260    366    -0.93435            -2223.544435        -2222.610085        0.091858       -0.003395      0.002278       -0.005673      
106    262    368    -1.731162           -2222.810999        -2221.079837        0.109961       0.015681       0.010298       0.005383       
106    264    370    -2.881319           -2222.811236        -2219.929917        0.138936       0.05317        0.053411       -0.000241      
108    154    262    0.014132            -1895.888744        -1895.902876        0.080013       0.280022       0.267123       0.012899       
108    156    264    0.01265             -1911.594863        -1911.607513        0.075183       0.275256       0.263482       0.011774       
108    158    266    0.018187            -1927.158872        -1927.177059        0.072767       0.271016       0.259605       0.011411       
108    164    272    0.016394            -1969.466075        -1969.482469        0.064673       0.245607       0.234595       0.011012       
108    166    274    0.019115            -1981.58622         -1981.605335        0.051502       0.232536       0.224604       0.007932       
108    168    276    0.018839            -1993.344613        -1993.363452        0.0469         0.221302       0.21399        0.007312       
108    170    278    -0.000795           -2004.860788        -2004.859993        0.041312       0.209539       0.203123       0.006416       
108    172    280    -0.006842           -2015.89554         -2015.888698        0.036836       0.199432       0.193419       0.006013       
108    180    288    -0.020544           -2059.667493        -2059.646949        0.025053       -0.072559      -0.07584       0.003281       
108    182    290    -0.217787           -2069.873354        -2069.655567        0.045027       -0.035384      -0.035736      0.000352       
108    184    292    -0.068004           -2079.719833        -2079.651829        0.049318       -0.007571      0.000289       -0.00786       
108    186    294    -0.603089           -2087.69357         -2087.090481        0.079486       -0.007632      0.000539       -0.008171      
108    188    296    -0.236534           -2095.337473        -2095.100939        0.107725       0.005821       -0.19492       0.200741       
108    190    298    -0.840103           -2103.961279        -2103.121176        0.149917       0.053497       -0.201149      0.254646       
108    192    300    -1.366469           -2112.237705        -2110.871236        0.165613       0.061107       -0.207502      0.268609       
108    194    302    -1.251168           -2119.654379        -2118.403211        0.176878       0.055622       -0.214268      0.26989        
108    196    304    -0.68108            -2126.379256        -2125.698176        0.138111       -0.139026      -0.221787      0.082761       
108    198    306    -1.177577           -2133.968881        -2132.791304        0.171367       -0.062214      -0.232024      0.16981        
108    252    360    -0.003769           -2249.699145        -2249.695376        0.011477       -0.076696      -0.077038      0.000342       
108    254    362    -0.176346           -2250.966121        -2250.789775        0.042578       -0.051113      -0.054395      0.003282       
108    256    364    -0.18167            -2252.142265        -2251.960595        0.049426       -0.01738       0.001095       -0.018475      
108    258    366    -0.130983           -2253.303124        -2253.172141        0.059382       -0.007554      0.000914       -0.008468      
108    260    368    -0.510196           -2253.296549        -2252.786353        0.078352       -0.00575       0.001768       -0.007518      
108    262    370    -1.168241           -2252.797748        -2251.629507        0.101969       0.001062       -0.007169      0.008231       
108    264    372    -2.542781           -2253.156865        -2250.614084        0.136315       0.047997       0.039387       0.00861        
108    266    374    -3.269673           -2253.430439        -2250.160766        0.149765       0.05635        -0.296932      0.353282       
108    268    376    -2.981939           -2253.21473         -2250.232791        0.160136       0.057298       -0.2987        0.355998       
110    152    262    0.017687            -1876.786705        -1876.804392        0.070645       0.270672       0.259941       0.010731       
110    154    264    0.014785            -1893.889687        -1893.904472        0.069648       0.268019       0.25733        0.010689       
110    156    266    0.019149            -1910.476767        -1910.495916        0.067688       0.26468        0.254311       0.010369       
110    158    268    0.025482            -1926.914906        -1926.940388        0.063083       0.260427       0.251124       0.009303       
110    160    270    0.025895            -1943.028355        -1943.05425         0.058137       0.254255       0.245953       0.008302       
110    164    274    0.024695            -1972.363744        -1972.388439        0.047229       0.23394        0.227443       0.006497       
110    166    276    0.023777            -1985.449128        -1985.472905        0.04064        0.223403       0.218111       0.005292       
110    168    278    -0.006601           -1998.100715        -1998.094114        0.067555       0.22383        0.208464       0.015366       
110    170    280    -0.005048           -2010.467489        -2010.462441        0.032815       0.202054       0.197723       0.004331       
110    186    296    -0.076726           -2098.531141        -2098.454415        0.045801       -0.003646      0.000421       -0.004067      
110    190    300    -0.512056           -2115.475071        -2114.963015        0.135575       0.055266       -0.198698      0.253964       
110    192    302    -0.996289           -2124.248352        -2123.252063        0.158883       0.058286       -0.205036      0.263322       
110    194    304    -0.920554           -2132.235171        -2131.314617        0.172176       0.053104       -0.211539      0.264643       
110    196    306    -0.749891           -2139.890941        -2139.14105         0.118418       -0.146297      -0.218449      0.072152       
110    198    308    -1.156612           -2147.945575        -2146.788963        0.124735       -0.147252      -0.349821      0.202569       
110    200    310    -1.555584           -2155.758128        -2154.202544        0.131436       -0.147974      -0.233907      0.085933       
110    254    364    -0.082613           -2278.896212        -2278.813599        0.01611        -0.047239      -0.046821      -0.000418      
110    260    370    -0.069764           -2282.066157        -2281.996393        0.04894        -0.003822      0.001161       -0.004983      
110    262    372    -0.525923           -2281.753269        -2281.227346        0.088764       0.005985       0.003384       0.002601       
110    264    374    -1.993592           -2282.470429        -2280.476837        0.131641       0.045035       0.021115       0.02392        
110    266    376    -3.089386           -2283.118427        -2280.029041        0.147016       0.052642       -0.299733      0.352375       
110    268    378    -2.901775           -2283.338291        -2280.436516        0.158469       0.052927       -0.302237      0.355164       
110    270    380    -2.357752           -2283.067756        -2280.710004        0.167808       0.045761       -0.303157      0.348918       
112    152    264    0.019509            -1872.720281        -1872.73979         0.061629       0.254778       0.245486       0.009292       
112    154    266    0.023387            -1890.655202        -1890.678589        0.059971       0.253148       0.244218       0.00893        
112    156    268    0.021908            -1908.121488        -1908.143396        0.05672        0.251187       0.243087       0.0081         
112    158    270    0.025726            -1925.455176        -1925.480902        0.052598       0.248766       0.241658       0.007108       
112    160    272    0.024696            -1942.542299        -1942.566995        0.047876       0.244027       0.237917       0.00611        
112    164    276    0.025579            -1973.969596        -1973.995175        0.033815       0.225084       0.221516       0.003568       
112    188    300    -0.064001           -2116.640517        -2116.576516        0.048542       0.013036       0.000817       0.012219       
112    190    302    -0.626544           -2125.894102        -2125.267558        0.119613       0.056136       -0.192978      0.249114       
112    192    304    -1.058708           -2135.11897         -2134.060262        0.148503       0.059222       -0.19922       0.258442       
112    194    306    -0.649014           -2143.646357        -2142.997343        0.165504       0.054211       -0.346752      0.400963       
112    196    308    -0.226242           -2151.680928        -2151.454686        0.108316       -0.146287      0.17514        -0.321427      
112    198    310    -1.160395           -2160.34581         -2159.185415        0.151754       -0.132921      -0.226664      0.093743       
112    200    312    -1.546283           -2168.759978        -2167.213695        0.126178       -0.147124      -0.236155      0.089031       
112    202    314    -1.705517           -2176.908701        -2175.203184        0.131244       -0.1481        -0.321152      0.173052       
112    262    374    -0.000239           -2309.850275        -2309.850036        0.046651       0.004194       0.001611       0.002583       
112    264    376    -1.294144           -2310.711674        -2309.41753         0.122497       0.045107       0.004486       0.040621       
112    266    378    -2.706746           -2311.729216        -2309.02247         0.142107       0.051273       0.037943       0.01333        
112    268    380    -3.033291           -2312.364003        -2309.330712        0.155855       0.050735       -0.315305      0.36604        
112    270    382    -2.61497            -2312.536192        -2309.921222        0.167238       0.042196       -0.315125      0.357321       
112    272    384    -2.151796           -2312.49827         -2310.346474        0.176303       0.025512       -0.314918      0.34043        
114    156    270    0.021508            -1904.768748        -1904.790256        0.046977       0.233283       0.226788       0.006495       
114    162    276    -0.000386           -1958.183006        -1958.18262         0.030582       0.223149       0.220129       0.00302        
114    164    278    -0.000845           -1974.204394        -1974.203549        0.02663        0.214592       0.212106       0.002486       
114    190    304    -0.954139           -2135.33795         -2134.383811        0.095956       0.058462       -0.001475      0.059937       
114    192    306    -1.131253           -2144.878946        -2143.747693        0.13024        0.064183       -0.345586      0.409769       
114    194    308    -1.176569           -2153.870072        -2152.693503        0.152545       0.060254       -0.194779      0.255033       
114    196    310    -0.40528            -2162.266446        -2161.861166        0.168835       0.051093       0.128726       -0.077633      
114    202    316    -1.310426           -2188.841247        -2187.530821        0.179026       -0.068185      -0.247222      0.179037       
114    204    318    -1.573978           -2197.355382        -2195.781404        0.177151       -0.079973      -0.253571      0.173598       
114    264    378    -0.693363           -2337.93151         -2337.238147        0.102762       0.048651       0.002086       0.046565       
114    266    380    -2.054779           -2339.226678        -2337.171899        0.131802       0.05298        0.005729       0.047251       
114    268    382    -2.932806           -2340.219581        -2337.286775        0.150468       0.051061       -0.328635      0.379696       
114    270    384    -2.605141           -2340.811306        -2338.206165        0.165874       0.041169       -0.328024      0.369193       
114    272    386    -2.277391           -2341.251998        -2338.974607        0.176854       0.025885       -0.327664      0.353549       
114    274    388    -1.987907           -2341.58436         -2339.596453        0.18342        0.008414       -0.327646      0.33606        
114    278    392    -9.2e-05            -2344.821701        -2344.821609        0.042738       0.345556       0.343812       0.001744       
114    282    396    1.201065            -2343.635171        -2344.836236        0.113497       0.285006       0.338945       -0.053939      
114    284    398    0.511974            -2343.835938        -2344.347912        0.1097         0.275343       0.337636       -0.062293      
114    286    400    -0.02569            -2344.011124        -2343.985434        0.104507       0.264129       0.241874       0.022255       
114    288    402    -0.022992           -2344.173676        -2344.150684        0.100743       0.256456       0.233255       0.023201       
114    290    404    -0.015487           -2344.244206        -2344.228719        0.093794       0.249954       0.229517       0.020437       
114    292    406    -0.007515           -2344.120413        -2344.112898        0.09194        0.247098       0.227125       0.019973       
114    294    408    -0.000294           -2343.736374        -2343.73608         0.089762       0.244587       0.22528        0.019307       
114    296    410    -0.004086           -2343.08332         -2343.079234        0.087621       0.242365       0.22367        0.018695       
116    160    276    -0.000236           -1937.814121        -1937.813885        0.029342       0.210276       0.207094       0.003182       
116    190    306    -1.192276           -2143.663723        -2142.471447        0.082173       0.058423       -0.033056      0.091479       
116    192    308    -1.154376           -2153.576955        -2152.422579        0.108218       0.068771       -0.349048      0.417819       
116    194    310    -1.053031           -2162.949977        -2161.896946        0.127118       0.071078       -0.140214      0.211292       
116    196    312    -0.398951           -2171.712599        -2171.313648        0.157041       0.059795       -0.144999      0.204794       
116    198    314    -0.012867           -2180.91715         -2180.904283        0.192799       0.012232       0.125837       -0.113605      
116    202    318    -0.944941           -2199.579269        -2198.634328        0.194686       -0.043693      -0.249452      0.205759       
116    264    380    -0.863121           -2364.204099        -2363.340978        0.081825       0.051493       0.002494       0.048999       
116    266    382    -1.935237           -2365.679663        -2363.744426        0.113867       0.056971       0.007433       0.049538       
116    268    384    -2.603143           -2366.937287        -2364.334144        0.138514       0.054313       -0.340674      0.394987       
116    270    386    -2.299995           -2367.869693        -2365.569698        0.160288       0.043402       -0.340174      0.383576       
116    272    388    -1.957176           -2368.62998         -2366.672804        0.174363       0.029811       -0.338908      0.368719       
116    274    390    -1.549381           -2369.202897        -2367.653516        0.185717       0.014148       -0.337649      0.351797       
116    276    392    -1.221346           -2369.73311         -2368.511764        0.194256       -0.003965      -0.336754      0.332789       
116    284    400    0.792692            -2372.822615        -2373.615307        0.106536       0.279503       0.337495       -0.057992      
116    286    402    0.142043            -2373.232314        -2373.374357        0.102476       0.269955       0.336316       -0.066361      
116    288    404    -0.02347            -2373.612484        -2373.589014        0.098307       0.259327       0.239046       0.020281       
116    290    406    -0.022557           -2373.971706        -2373.949149        0.092907       0.250499       0.231371       0.019128       
116    292    408    -0.018111           -2374.205202        -2374.187091        0.090248       0.245819       0.226276       0.019543       
116    294    410    -0.013968           -2374.230195        -2374.216227        0.088402       0.242663       0.223477       0.019186       
116    296    412    -0.011544           -2374.007352        -2373.995808        0.085902       0.23982        0.22135        0.01847        
116    298    414    -0.00507            -2373.548431        -2373.543361        0.083902       0.237459       0.219569       0.01789        
116    300    416    -0.005403           -2372.893557        -2372.888154        0.081339       0.234694       0.21756        0.017134       
118    162    280    -0.000173           -1951.664162        -1951.663989        0.012884       0.190231       0.189473       0.000758       
118    188    306    -0.360374           -2139.504093        -2139.143719        0.050812       0.037458       0.001911       0.035547       
118    190    308    -1.304484           -2150.306642        -2149.002158        0.082735       0.057852       -0.044565      0.102417       
118    192    310    -1.402031           -2160.853442        -2159.451411        0.10321        0.067879       -0.12433       0.192209       
118    194    312    -1.078252           -2170.779772        -2169.70152         0.115331       0.072848       -0.132992      0.20584        
118    196    314    -0.411324           -2180.101433        -2179.690109        0.112003       0.078655       -0.138578      0.217233       
118    198    316    -0.038987           -2189.505526        -2189.466539        0.193353       0.015714       -0.142587      0.158301       
118    200    318    -0.486195           -2199.509043        -2199.022848        0.205616       -0.013702      -0.144971      0.131269       
118    264    382    -1.087305           -2389.121103        -2388.033798        0.079009       0.051194       0.002515       0.048679       
118    266    384    -2.072922           -2390.983858        -2388.910936        0.103109       0.057672       0.007949       0.049723       
118    268    386    -2.8285             -2392.570958        -2389.742458        0.124212       0.057076       0.022097       0.034979       
118    270    388    -3.111499           -2393.795174        -2390.683675        0.146417       0.048384       0.041338       0.007046       
118    272    390    -2.674397           -2394.747598        -2392.073201        0.16349        0.03601        -0.260877      0.296887       
118    274    392    -0.899738           -2395.51666         -2394.616922        0.184152       0.018995       -0.349196      0.368191       
118    276    394    -0.689329           -2396.45333         -2395.764001        0.201748       0.001028       -0.347228      0.348256       
118    284    402    1.007525            -2400.775986        -2401.783511        0.023219       0.269623       0.335754       -0.066131      
118    286    404    0.503492            -2401.483694        -2401.987186        0.012072       0.262422       0.334195       -0.071773      
118    288    406    -0.003579           -2402.039352        -2402.035773        0.089259       0.265858       0.25046        0.015398       
118    290    408    -0.006974           -2402.576107        -2402.569133        0.086473       0.253876       0.23779        0.016086       
118    292    410    -0.018667           -2403.133514        -2403.114847        0.087951       0.245445       0.227691       0.017754       
118    294    412    -0.015494           -2403.56148         -2403.545986        0.085465       0.240041       0.222135       0.017906       
118    296    414    -0.011465           -2403.78624         -2403.774775        0.083116       0.236505       0.218927       0.017578       
118    298    416    -0.00795            -2403.77689         -2403.76894         0.08074        0.233713       0.216699       0.017014       
118    300    418    -0.004429           -2403.542115        -2403.537686        0.078668       0.23125        0.214641       0.016609       
120    188    308    -0.396872           -2143.97514         -2143.578268        0.061248       0.035954       0.001188       0.034766       
120    190    310    -1.505151           -2155.346841        -2153.84169         0.099573       0.048939       -0.027526      0.076465       
120    192    312    -1.816608           -2166.564427        -2164.747819        0.111106       0.062733       -0.123144      0.185877       
120    194    314    -1.5631             -2177.140902        -2175.577802        0.121427       0.06616        -0.137358      0.203518       
120    196    316    -0.842536           -2187.02526         -2186.182724        0.123202       0.067155       -0.143537      0.210692       
120    198    318    -0.159435           -2196.704608        -2196.545173        0.179302       0.0275         -0.146849      0.174349       
120    200    320    -0.364168           -2207.049207        -2206.685039        0.200636       -0.006145      -0.148773      0.142628       
120    202    322    -0.324107           -2217.137741        -2216.813634        0.202869       -0.025012      0.172182       -0.197194      
120    262    382    -0.244888           -2410.169917        -2409.925029        0.059505       0.034974       0.000705       0.034269       
120    264    384    -1.161132           -2412.498273        -2411.337141        0.088186       0.048113       0.001294       0.046819       
120    266    386    -2.186923           -2414.858801        -2412.671878        0.106625       0.054546       0.00237        0.052176       
120    268    388    -2.819177           -2416.936207        -2414.11703         0.121815       0.055299       -0.165726      0.221025       
120    270    390    -2.794556           -2418.568           -2415.773444        0.135127       0.051049       -0.167018      0.218067       
120    272    392    -2.488537           -2419.749552        -2417.261015        0.146756       0.042266       -0.169653      0.211919       
120    274    394    -2.046294           -2420.639263        -2418.592969        0.169325       0.025457       -0.269624      0.295081       
120    276    396    -1.636599           -2421.850962        -2420.214363        0.196704       0.004859       -0.274847      0.279706       
120    278    398    -1.350541           -2422.986688        -2421.636147        0.205915       -0.009389      -0.279953      0.270564       
120    296    416    -0.001848           -2432.265963        -2432.264115        0.079787       0.238685       0.22304        0.015645       
120    298    418    0.011761            -2432.67163         -2432.683391        0.07793        0.234217       0.217976       0.016241       
