Z      N      A       Binding_Energy_(MeV)    Quad_Def_Beta2_P     Quad_Def_Beta2_N     Quad_Def_Beta2_total   Quad_Moment_Q2_P_(fm^2)    Quad_Moment_Q2_N_(fm^2)    Quad_Moment_Q2_total_(fm^2)     Octupole_Moment_Q3_P_(fm^3)     Octupole_Moment_Q3_N_(fm^3)     Octupole_Moment_Q3_total_(fm^3)      Pairing_gap_P_(MeV)     Pairing_gap_N_(MeV)   RMS_radius_P_(fm)    RMS_radius_N_(fm)    RMS_radius_total_(fm)    Charge_Radius_(fm)     File_ID        Converged            
4      6      10          1310.407205            -0.395138            -0.395368              -0.395253            -179.200493                -179.979351                    -359.179844                   -0.211576                       -0.315898                          -0.527474                              0.0                     0.0              6.250956             6.242378              84.871783               6.305521             1               NO
6      4      10           1414.25593             0.144646             0.144634                0.14464              76.459771                  76.452471                     152.912242                   -0.353422                       -0.235615                          -0.589036                             -0.0                     0.0              6.062563             6.062514              91.542321                6.11887             2               NO
18     12     30            -215.1666             0.000857             0.001131               0.000953               0.002171                   0.001558                       0.003729                    0.002827                        0.000886                           0.003713                         1.531624                 1.36778              3.340074             3.017232                3.21483               3.446838             3              YES
24     18     42          -321.664501             0.000129              0.00011               0.000121               0.000501                   0.000279                       0.000779                     0.00472                        0.002557                           0.007277                          1.22832                 1.42619              3.586401             3.343069               3.484197               3.684725             4              YES
54     72     126        -1063.457151             0.154806              0.14228               0.147542               2.345741                   2.976155                       5.321896                    0.028718                        0.036775                           0.065493                         1.318542                0.673587              4.716219             4.798823               4.763596               4.784341             5              YES
56     66     122         -1014.18849             0.242727             0.244492               0.243683               3.865521                   4.603666                       8.469188                    0.028396                        0.033005                           0.061401                         1.227443                0.747575              4.747835             4.755463               4.751963               4.817375             6              YES
64     90     154        -1265.333381             0.281747             0.250915               0.263453               5.841687                    7.59054                      13.432227                    0.041893                        0.055943                           0.097836                         1.139134                0.700534               5.06751             5.161746               5.122793               5.130146             7              YES
66     90     156        -1276.528206             0.275251             0.246135               0.258252               5.957472                   7.473771                      13.431244                    0.043815                        0.056578                           0.100393                         1.135771                0.704306              5.098468             5.171383               5.140661               5.161207             8              YES
68     154    222        -1524.103864             0.299089             0.256823               0.268413               7.929418                  18.022494                      25.951912                    0.059913                        0.143398                           0.203311                          1.31328                0.394076              5.559187             6.010003               5.875591               5.607462             9              YES
70     88     158        -1274.591358             0.179279             0.163088               0.170223               4.137068                   4.776561                        8.91363                    0.047147                        0.055838                           0.102984                         1.030037                0.831562              5.111848             5.136306               5.125485                5.17562            10              YES
70     148    218        -1555.652703             0.273294             0.240863               0.250348               7.393985                  15.765087                      23.159071                    0.060912                        0.135138                            0.19605                         1.308628                 0.43585              5.535034             5.920762               5.799701               5.585081            11              YES
72     90     162        -1298.471634             0.191022             0.179801               0.184767               4.622187                   5.479264                      10.101451                    0.048966                        0.059299                           0.108264                         1.085357                0.742492              5.161325             5.180697               5.172096               5.224572            12              YES
74     88     162        -1282.107985             0.125927             0.119762               0.122585               3.132048                   3.527026                       6.659074                    0.050293                        0.057971                           0.108265                         1.028644                0.792223                5.1616             5.150485               5.155565               5.225519            13              YES
76     90     166        -1304.334706             0.129095             0.128999               0.129043                3.35478                   3.947413                       7.302193                    0.051907                        0.061768                           0.113676                         1.114944                0.687377              5.206138             5.191431               5.198169               5.269572            14              YES
78     140    218        -1652.214561              0.10127             0.098278               0.099286               3.034565                   5.794506                       8.829071                    0.065645                        0.130406                           0.196051                         1.341119                  0.4497              5.518295             5.777778               5.686296               5.571821            15              YES
78     160    238        -1698.577119            -0.146172            -0.143527              -0.144322              -4.612343                 -10.530988                     -15.143331                    0.073226                        0.160446                           0.233672                         1.420053                0.357484              5.662744             6.029099               5.911535               5.712312            16              YES
84     162    246        -1784.956916            -0.091801            -0.096974              -0.095327              -3.200292                  -7.236812                     -10.437104                    0.077023                        0.172624                           0.249647                          1.48271                0.315966              5.735564             6.042745                5.93964                5.78574            17              YES
86     158    244        -1796.708381             0.163706              0.16544               0.164865               5.875087                  11.950784                      17.825871                    0.082172                        0.163433                           0.245605                         1.348075                0.392712              5.751354             6.019969               5.926682               5.802307            18              YES
86     200    286        -1857.322664             0.115849             0.110565               0.111986               4.476995                   11.61984                      16.096835                    0.091636                        0.245799                           0.337434                         1.355213                0.286242              5.968182             6.453888               6.311767               6.012586            19              YES
86     202    288        -1856.407933             0.126045             0.121872               0.122983               4.893656                  13.036189                      17.929846                    0.091927                        0.250244                           0.342171                         1.380884                0.271668              5.982052             6.478774               6.334527               6.026131            20              YES
88     112    200        -1528.891644             0.166419             0.163938               0.165025               5.633562                   7.116773                      12.750335                    0.074013                        0.090998                           0.165011                          1.15356                0.580286              5.521961             5.542916               5.533706               5.580886            21              YES
88     132    220        -1694.548764             0.110441             0.096788               0.102108               3.858533                    5.29588                       9.154413                    0.080368                        0.119297                           0.199665                         0.959272                0.551377              5.609833             5.732141               5.683534               5.665516            22              YES
88     134    222        -1706.559111             0.136582             0.124703                0.12928               4.810755                   7.006913                      11.817668                    0.081369                        0.121942                           0.203312                         1.012496                0.487006              5.632658             5.765235                5.71305               5.687886            23              YES
88     136    224        -1718.112706             0.154798             0.145217               0.148868                5.48889                   8.365716                      13.854607                    0.083823                        0.123167                            0.20699                         1.056436                0.449248              5.651493             5.794524               5.738758               5.706308            24              YES
88     138    226        -1729.250761             0.169786             0.162812               0.165439               6.050817                   9.599901                      15.650718                    0.085565                         0.12514                           0.210705                         1.084792                0.426029              5.665775             5.819635               5.760213               5.720222            25              YES
88     140    228        -1740.032899             0.182313             0.177812               0.179488               6.528869                   10.72643                      17.255299                    0.084871                        0.129578                           0.214449                         1.108531                0.413807              5.679554             5.844241               5.781234                5.73364            26              YES
88     154    242        -1803.163385             0.205315             0.203558               0.204165               7.583451                   14.23719                      21.820641                    0.085686                        0.155909                           0.241594                         1.238311                0.442868               5.76802             6.000025               5.916712               5.819697            27              YES
88     162    250        -1830.497866             0.175393             0.169371               0.171369                6.55994                  12.756628                      19.316568                    0.088394                        0.169437                           0.257831                         1.303434                0.425425              5.804265             6.070667               5.978247               5.854721            28              YES
88     170    258        -1853.212247             0.121371             0.110917               0.114251               4.592818                   8.961176                      13.553994                    0.091957                        0.182641                           0.274597                         1.302177                0.446573                5.8383             6.137683               6.037237               5.887569            29              YES
88     194    282        -1890.139199              0.09548             0.081731               0.085627               3.761318                   8.142599                      11.903917                    0.096827                        0.231233                           0.328061                         1.240628                0.413218              5.956866             6.380161               6.251146               6.002525            30              YES
88     196    284        -1890.580983             0.120887             0.107039               0.110925               4.788253                  10.868689                      15.656941                    0.097294                        0.235437                           0.332731                         1.272457                0.362482              5.973144              6.40817               6.276598                6.01846            31              YES
88     198    286        -1890.825221             0.136515             0.123492               0.127112               5.435259                  12.769374                      18.204633                    0.098365                        0.239067                           0.337433                         1.301752                0.336242              5.988579             6.433958               6.300273               6.033561            32              YES
88     200    288        -1890.923388             0.149033             0.136909               0.140248               5.963066                  14.412725                      20.375791                      0.0994                        0.242768                           0.342169                         1.323782                 0.31882              6.003396             6.459316               6.323496               6.048049            33              YES
88     202    290        -1890.808942             0.159318              0.14802               0.151103               6.405093                  15.857934                      22.263028                    0.100049                        0.246889                           0.346938                         1.341809                0.308025              6.017743             6.483832               6.346017               6.062073            34              YES
90     132    222        -1701.501791             0.135999             0.117971               0.125121               4.922302                    6.49589                      11.418191                    0.086417                        0.117431                           0.203848                         0.943849                0.589858              5.645992             5.750293               5.708238               5.701661            35               NO
90     134    224         -1714.64282             0.163236             0.146217               0.152893               5.953781                   8.262138                      14.215919                    0.086267                        0.120722                           0.206989                         0.988589                0.527786              5.667775             5.781498               5.736077               5.723008            36               NO
90     136    226        -1727.465496             0.186059             0.170282               0.176404               6.833902                   9.864487                      16.698389                    0.085656                        0.124547                           0.210203                          1.01532                0.481186              5.687647             5.810691               5.762006               5.742463            37               NO
90     138    228        -1739.943013              0.20405              0.19013               0.195472               7.550345                  11.295682                      18.846027                    0.088118                        0.126332                            0.21445                         1.033526                0.447853              5.708726              5.84166               5.789551               5.763118            38              YES
90     156    246        -1828.867637             0.224787              0.21705               0.219748               8.627301                  15.554633                      24.181934                    0.090474                        0.159172                           0.249647                           1.1992                0.467869               5.81401             6.034381               5.954704               5.865447            39              YES
90     158    248        -1836.498356             0.216851             0.208708               0.211519               8.345238                  15.234385                      23.579623                    0.091171                        0.162551                           0.253722                         1.217783                0.466876              5.821872             6.051451               5.969157               5.873021            40              YES
90     194    284         -1919.65064             0.119782             0.101547               0.106829               4.880374                  10.145235                      15.025609                    0.099386                        0.233344                            0.33273                         1.230572                0.439782              5.990371             6.389135               6.265514               6.036248            41              YES
90     196    286        -1920.868831             0.145354               0.1263                0.13177               5.966183                  12.873329                      18.839512                    0.101076                        0.236357                           0.337433                         1.261699                0.398985               6.01254             6.420381               6.294889               6.058036            42              YES
90     198    288        -1921.901031             0.164029             0.144998               0.150412               6.769965                  15.050582                      21.820547                    0.103732                        0.238436                           0.342167                         1.275354                0.369894              6.029166             6.446256               6.318874               6.074324            43              YES
90     200    290        -1922.828179             0.179229             0.160132               0.165517               7.428845                  16.904381                      24.333226                    0.105442                        0.241495                           0.346937                          1.28778                 0.34964              6.041986             6.468297               6.339063               6.086838            44              YES
90     202    292        -1923.528789              0.19093             0.171748               0.177108               7.951319                  18.444694                      26.396013                    0.105863                        0.245876                            0.35174                         1.292406                0.336926              6.056279             6.491707               6.360678               6.100815            45              YES
92     120    212        -1606.315913            -0.110319            -0.101659              -0.105395              -4.031995                  -4.896914                      -8.928909                    0.083536                        0.101872                           0.185408                         0.935099                0.787506              5.611595             5.640814               5.628153               5.669265            46              YES
92     130    222        -1692.318097             0.100146             0.081669               0.089203               3.715399                   4.400945                       8.116345                    0.085441                         0.11787                            0.20331                         0.879468                0.738635              5.653767             5.732148               5.699797               5.709906            47              YES
92     132    224        -1706.908712              0.15917             0.136651               0.145737               5.974068                   7.582199                      13.556267                    0.092477                        0.114001                           0.206478                         0.944475                0.622497              5.686634              5.77231               5.737276               5.742232            48               NO
92     134    226        -1721.305102             0.192206             0.168984               0.178255               7.270282                   9.617589                      16.887871                    0.091154                        0.119696                            0.21085                          0.98766                0.543419              5.708783             5.802343                5.76444               5.763949            49               NO
92     136    228        -1735.456551             0.217648             0.195126               0.204023               8.297122                  11.392052                      19.689174                    0.087229                        0.127221                           0.214449                         1.002615                0.484627              5.731093             5.833356               5.792309               5.785827            50              YES
92     160    252        -1861.932273             0.232356             0.219033               0.223674                9.28106                  16.367598                      25.648658                    0.095547                        0.166426                           0.261973                         1.196789                0.483173              5.866412             6.084473               6.005781               5.917336            51              YES
92     162    254        -1869.465314             0.221804             0.207782               0.212618                8.87906                  15.801201                       24.68026                    0.096433                        0.169714                           0.266148                          1.21065                0.483566              5.872862             6.099983               6.018709               5.923518            52              YES
92     164    256        -1876.656782             0.210339              0.19534               0.200462               8.438561                  15.113887                      23.552448                    0.097404                        0.172953                           0.270356                         1.220762                0.485356              5.879295             6.115266               6.031527               5.929684            53              YES
92     166    258        -1883.552111             0.197673             0.181605               0.187038               7.947757                  14.292939                      22.240697                    0.098431                        0.176165                           0.274596                         1.231278                0.488524              5.885728             6.130384               6.044279                5.93585            54              YES
92     170    262        -1896.449227              0.16405             0.146704               0.152457               6.622588                   11.93627                      18.558858                    0.100714                        0.182464                           0.283177                         1.225832                0.508788              5.897613             6.159328               6.068714                5.94721            55              YES
92     192    284        -1945.571886              2.2e-05               -4e-06                  3e-06               0.000899                  -0.000419                       0.000481                    0.100751                        0.231979                            0.33273                         1.210923                0.579359              5.990904             6.353293               6.238205               6.037436            56              YES
92     194    286        -1947.509401             0.143714              0.12118                0.12785               6.058358                  12.150196                      18.208555                    0.113828                        0.223605                           0.337433                         1.233933                0.471335              6.026691             6.400582               6.282737               6.072741            57               NO
92     196    288        -1949.568592             0.177546             0.151348               0.159037               7.534691                  15.460135                      22.994826                    0.112896                        0.229008                           0.341904                         1.253356                0.417735              6.046837             6.427401               6.308328               6.092528            58               NO
92     198    290        -1951.609253             0.198036             0.170511               0.178521               8.454367                  17.734965                      26.189332                    0.105735                        0.241203                           0.346938                         1.259054                0.379723              6.064844             6.452852               6.332335               6.110194            59              YES
94     120    214        -1605.133301            -0.126303            -0.115579              -0.120278               -4.77297                  -5.601572                     -10.374542                    0.086594                        0.102327                           0.188921                         0.908947                0.810615              5.645051             5.658084               5.652363               5.702665            60              YES
94     130    224        -1695.200987             0.118641             0.097271               0.106127               4.554867                   5.276638                       9.831505                    0.085365                        0.121627                           0.206991                         0.881159                0.756442              5.689853             5.751237               5.725558               5.745943            61              YES
94     132    226        -1710.936243             0.191771             0.163242                0.17495               7.447733                   9.108604                      16.556337                    0.090672                        0.120042                           0.210714                         0.986611                0.604436              5.722706             5.788532               5.761244               5.778263            62               NO
94     144    238        -1796.957645             0.270796             0.251245               0.258772              10.895629                  16.147557                      27.043186                    0.093984                        0.139695                           0.233679                         1.007455                 0.42653              5.824871             5.947964               5.899654               5.878203            63              YES
94     160    254        -1878.645906             0.260535             0.242889               0.249151              10.777717                   18.26632                      29.044038                    0.098848                          0.1673                           0.266148                         1.168054                 0.47591              5.906246             6.103894               6.031504               5.957191            64              YES
94     162    256        -1886.772327             0.253655             0.235303               0.241752              10.520359                  18.013966                      28.534324                    0.099664                        0.170691                           0.270355                         1.192917                0.476778              5.913904             6.120381               6.045384               5.964576            65              YES
94     168    262        -1908.945788             0.215815             0.194371               0.201689               8.998993                   15.64513                      24.644124                    0.102932                        0.180247                           0.283179                          1.22902                0.500135              5.929762             6.162599               6.080088               5.979681            66              YES
94     170    264        -1915.750918             0.191028             0.169629               0.176861               7.970129                  13.864786                      21.834915                    0.104357                         0.18316                           0.287517                         1.216803                0.522489              5.931506             6.173443               6.088401               5.981204            67              YES
94     192    286        -1971.188556             0.002516             0.002005               0.002161               0.107931                    0.19625                       0.304181                     0.10672                        0.230714                           0.337434                         1.204799                0.594601              6.013984              6.35625               6.245827               6.060765            68              YES
94     194    288        -1974.014529             0.190692             0.159349               0.168831               8.360783                  16.106885                      24.467668                    0.130557                        0.211611                           0.342168                         1.243966                0.454641              6.080478              6.42652               6.315661               6.126549            69              YES
96     130    226        -1696.663317             0.146562             0.120174               0.131286                5.81884                      6.559                       12.37784                    0.086433                        0.124271                           0.210704                         0.912745                0.748557              5.725542             5.768814               5.750473               5.781575            70              YES
96     158    254        -1884.710093             0.281229             0.261001                0.26838              11.982592                   19.36678                      31.349372                    0.101519                        0.164629                           0.266147                         1.121397                0.447446              5.931367             6.101318               6.037647               5.982645            71              YES
96     164    260        -1911.129746             0.281194             0.260194               0.267634              12.117624                  20.435297                      32.552921                    0.103514                        0.175355                           0.278869                          1.21351                0.443803              5.965067             6.161196               6.089515               6.015454            72              YES
96     166    262        -1919.108096             0.281888             0.260593               0.268066                12.1951                   20.85275                       33.04785                    0.104182                        0.178997                           0.283178                         1.245386                 0.43849              5.976728             6.181459                6.10724               6.026817            73              YES
96     192    288        -1995.312868             0.087337             0.072646                0.07721                 3.8814                   7.162982                      11.044382                    0.122447                         0.21972                           0.342168                         1.192887                0.593399              6.057665             6.380205               6.274534               6.104515            74              YES
96     220    316        -2023.911116             0.270899             0.238542                0.24747              12.858494                  29.714714                      42.573208                    0.121742                        0.290193                           0.411935                           1.3049                0.324593              6.260385             6.699414               6.569142               6.303044            75              YES
96     238    334         -2014.03684              0.27983             0.249449               0.257197              13.685826                  35.636661                      49.322487                    0.126004                        0.334197                           0.460202                         1.432999                0.319457               6.35474              6.89786               6.746233               6.395068            76              YES
98     160    258        -1907.568987             0.291516             0.268813               0.277154              12.860096                  20.417175                      33.277271                    0.105605                        0.168987                           0.274592                         1.125481                 0.42139              5.973419             6.134195               6.073626               6.024465            77              YES
98     162    260        -1917.076526             0.293581             0.271001               0.279218              13.004906                   20.98433                      33.989236                    0.106212                        0.172658                           0.278869                         1.159688                0.417541              5.985792             6.155303               6.091964               6.036538            78              YES
98     188    286        -2011.162081              7.8e-05                3e-05                4.6e-05                0.00353                   0.002885                       0.006415                    0.115568                        0.221865                           0.337433                         1.024901                0.642056              6.034394             6.324095               6.226345               6.082203            79              YES
98     190    288        -2014.707443             -5.3e-05             -7.4e-05               -6.7e-05              -0.002373                  -0.007135                      -0.009509                    0.116562                        0.225608                            0.34217                         1.107568                0.634413              6.045239             6.342944               6.243235               6.092768            80              YES
98     192    290        -2018.834741             0.284191             0.252127               0.262309              13.275555                  25.310958                      38.586514                    0.118188                         0.22875                           0.346938                         1.377123                0.344512              6.146852             6.437826                6.34099                6.19341            81              YES
98     218    316        -2055.276164             0.276547               0.2407               0.250886              13.466593                  29.529961                      42.996554                    0.125688                        0.286251                           0.411939                         1.269611                0.320238              6.275904             6.678978               6.556625               6.319075            82              YES
98     236    334         -2051.82703             0.293117             0.260722               0.269248              14.735062                  36.693209                      51.428271                     0.12956                        0.330644                           0.460204                         1.398628                0.307927              6.376572             6.875321               6.732813               6.417405            83              YES
98     246    344        -2043.132194             0.307727             0.274719               0.283052              15.756077                  41.651409                      57.407487                    0.132314                        0.355863                           0.488176                         1.462322                 0.29009              6.435365             6.989527               6.836232               6.474913            84              YES
100    158    258         -1908.56694             0.293793             0.269424               0.278612              13.293466                  20.141267                      33.434732                    0.108412                        0.166184                           0.274596                         1.067484                0.407056              5.988848             6.124097               6.072033               6.040271            85              YES
100    162    262        -1929.509764             0.297694             0.273575               0.282497              13.580176                  21.256222                      34.836398                    0.109687                        0.173491                           0.283177                         1.130872                0.401754              6.013296             6.165838               6.108065               6.064128            86              YES
100    188    288        -2031.092544            -0.000214            -0.000175              -0.000188              -0.009882                  -0.016628                      -0.026509                    0.119846                        0.222322                           0.342169                         1.020945                 0.65987              6.055942             6.327753               6.234717               6.103947            87              YES
100    190    290        -2035.481563             0.314522             0.287837               0.296536              15.140845                  28.648267                      43.789112                    0.119402                        0.227534                           0.346935                         1.374915                0.332182               6.17724             6.443831               6.353167               6.224123            88              YES
100    216    316        -2083.393612             0.274907             0.238426               0.249085              13.709281                  28.805753                      42.515034                     0.12934                        0.282595                           0.411935                         1.243133                0.321399              6.287228             6.658565               6.543333               6.330913            89              YES
100    228    328        -2087.956492             0.284306             0.249203               0.258959               14.48281                  32.980885                      47.463695                    0.132639                        0.311179                           0.443818                         1.319421                0.312815              6.354452             6.783165               6.655386               6.396589            90              YES
100    230    330        -2087.838123             0.287549             0.252963               0.262495              14.702941                  33.997055                      48.699996                     0.13305                        0.316196                           0.449247                         1.335911                0.308423              6.366361             6.805707               6.675626               6.408239            91              YES
100    232    332         -2087.52133             0.290288             0.256186               0.265506              14.897281                  34.956806                      49.854086                    0.133421                         0.32129                           0.454711                          1.35604                0.305231              6.377993             6.827936               6.695594               6.419614            92              YES
100    234    334        -2086.913333             0.292597              0.25908               0.268165              15.069612                  35.884443                      50.954054                    0.133675                        0.326529                           0.460204                         1.368719                0.303026              6.389416             6.849725               6.715218               6.430783            93              YES
100    236    336        -2086.143652             0.296027             0.262894               0.271801              15.303701                  36.967204                      52.270905                    0.134039                         0.33169                           0.465729                         1.383587                0.298652              6.401439             6.872375               6.735658               6.442548            94              YES
100    238    338         -2085.19184              0.29965             0.266802               0.275559               15.55004                  38.085547                      53.635587                    0.134436                        0.336851                           0.471288                         1.398373                0.294707               6.41363             6.895128               6.756248               6.454481            95              YES
100    240    340        -2084.078454             0.303383             0.270701               0.279343              15.804323                  39.224957                       55.02928                    0.134918                        0.341964                           0.476882                         1.413921                0.290594              6.425952             6.917926               6.776936               6.466547            96              YES
100    242    342        -2082.803039             0.307104             0.274481               0.283038              16.059727                  40.368492                      56.428219                    0.135394                        0.347113                           0.482508                         1.428564                0.286966              6.438304             6.940692               6.797637               6.478642            97              YES
100    244    344        -2081.335909               0.3105             0.277819               0.286322              16.298502                  41.464985                      57.763488                    0.135924                        0.352252                           0.488175                         1.439113                 0.28314              6.450424             6.963213               6.818124               6.490507            98              YES
100    260    360        -2067.234871             0.000996              0.00063               0.000719               0.051813                   0.102117                        0.15393                    0.146487                        0.388149                           0.534636                         1.114549                0.511293              6.419931             7.029491               6.865599               6.458765            99              YES
100    262    362        -2063.967713             0.001411             0.000937               0.001051               0.073539                   0.154027                       0.227565                    0.148855                        0.391743                           0.540598                         1.138342                0.509144              6.428139             7.050317               6.884068               6.466745           100              YES
100    264    364        -2060.317346            -0.000311            -0.000277              -0.000285              -0.016265                  -0.046164                      -0.062429                     0.15145                        0.395134                           0.546584                         1.175913                0.504961              6.436083             7.072216               6.903297               6.474462           101              YES
102    154    256        -1892.943403              0.29103             0.267607                0.27675              13.442583                  19.308388                      32.750971                    0.110115                        0.160239                           0.270354                         1.000857                0.403563              5.991245             6.094086               6.053319               6.043321           102              YES
102    156    258        -1905.636743             0.290112              0.26625               0.275475               13.44668                  19.580665                      33.027344                    0.110933                        0.163663                           0.274596                         1.016496                0.404068              6.001634             6.112955               6.069189               6.053433           103              YES
102    174    276        -1997.255571              0.31681             0.295216               0.302895              15.254746                  25.757693                      41.012439                    0.116361                        0.197889                            0.31425                         1.301919                0.364131              6.117133              6.30455               6.235944               6.166301           104              YES
102    188    290        -2049.610146              0.00023             0.000183               0.000199               0.010926                   0.017434                       0.028361                    0.123294                        0.223644                           0.346938                         1.018117                0.672481              6.078128             6.331875               6.243802               6.126308           105              YES
102    230    332        -2119.194614             0.278516             0.243623               0.253434              14.612138                  32.677958                      47.290096                    0.137832                        0.316874                           0.454706                         1.309995                 0.30616              6.385232              6.79907               6.674658               6.427394           106              YES
102    232    334        -2119.367619             0.281478             0.247148               0.256721               14.82184                  33.654684                      48.476524                    0.138219                        0.321978                           0.460198                         1.332457                0.302126              6.396965              6.82096               6.694326               6.438874           107              YES
102    234    336        -2119.305919              0.28488             0.251175               0.260497              15.056997                  34.723738                      49.780736                    0.138457                        0.327273                           0.465731                         1.352727                0.297488              6.408893             6.843249               6.714362               6.450548           108              YES
102    238    340        -2118.441114             0.292825             0.260432               0.269247              15.596357                  37.103537                      52.699894                    0.139014                        0.337871                           0.476886                          1.37973                 0.28843               6.43357             6.888375                6.75515               6.474714           109              YES
102    242    344        -2116.979643             0.301847             0.270185               0.278664              16.205505                  39.662315                      55.867819                    0.139748                        0.348425                           0.488173                         1.414918                0.279671              6.459255             6.934184               6.796824               6.499886           110              YES
102    244    346        -2115.988159             0.306495              0.27501               0.283375              16.521579                   40.97416                       57.49574                    0.140225                        0.353632                           0.493858                         1.428153                0.275802              6.472303             6.957138               6.817794               6.512678           111              YES
102    260    362        -2104.324244             0.002324             0.001516               0.001716               0.124032                   0.245042                       0.369075                     0.15083                        0.389769                           0.540599                          1.10275                0.535213              6.440679             7.020659               6.862201               6.479846           112              YES
102    262    364        -2101.444787             0.001752             0.001168               0.001312               0.093751                   0.191343                       0.285094                    0.153245                         0.39334                           0.546584                         1.128623                0.531192              6.449146             7.040321               6.879787               6.488086           113              YES
102    264    366        -2098.297673             0.001888             0.001303               0.001446               0.101292                   0.216318                        0.31761                    0.155922                        0.396687                           0.552609                         1.186664                0.528864              6.457864              7.06069               6.897987               6.496577           114              YES
104    148    252        -1854.489686             0.285967             0.266206               0.274259              13.427591                  18.172824                      31.600415                    0.110608                        0.151365                           0.261973                         1.000152                0.418499               5.98232             6.046666               6.020194               6.035307           115              YES
104    154    258        -1898.736535             0.283066             0.262317               0.270533              13.424273                  18.974967                       32.39924                    0.113085                        0.161511                           0.274597                         0.984005                0.394857              6.012153             6.101859               6.065858               6.064327           116              YES
104    172    276        -2001.002995             0.288114              0.26565               0.273838              14.126253                  22.709974                      36.836227                    0.119909                        0.194338                           0.314247                         1.247369                0.370845              6.113078             6.276735               6.215573               6.162768           117              YES
104    176    280        -2019.237452             0.301109              0.28027               0.287731              14.906186                  24.878596                      39.784782                    0.120712                        0.202711                           0.323424                         1.299297                0.355081              6.142564             6.322855               6.256496               6.191657           118              YES
104    180    284          -2036.4552             0.376976             0.356671               0.363815              19.133076                  33.345059                      52.478135                    0.121286                        0.211442                           0.332728                         1.273898                0.379346              6.219617             6.416391               6.345041                6.26775           119              YES
104    192    296        -2080.079947             0.320694             0.299511               0.306591              16.389461                  30.491595                      46.881056                    0.126347                        0.235097                           0.361444                         1.342906                0.332532              6.241155             6.483025               6.399086               6.288058           120              YES
104    198    302        -2097.789183             0.292838             0.265492               0.274409                15.0214                  28.148318                      43.169718                    0.130104                        0.246138                           0.376242                         1.335886                0.327221              6.252737             6.514973               6.425875               6.299022           121              YES
104    230    334         -2149.08161             0.266422             0.231079               0.241208              14.323797                  30.926034                      45.249831                    0.142369                         0.31783                           0.460199                         1.277515                0.294457              6.401357             6.791463               6.672438               6.443804           122              YES
104    232    336        -2149.716403             0.268093             0.233009               0.242983              14.463633                   31.64573                      46.109363                    0.143008                        0.322722                            0.46573                         1.296747                0.292027              6.412448             6.811968               6.690857               6.454649           123              YES
104    234    338         -2150.11571             0.271434             0.236883               0.246627              14.698457                  32.656586                      47.355043                    0.143553                        0.327737                            0.47129                         1.318448                0.286908              6.424389              6.83369               6.710411                6.46634           124              YES
104    250    354        -2146.698875             0.357957             0.326573               0.334894              20.248436                  51.199364                      71.447801                    0.146431                        0.370539                            0.51697                         1.405608                 0.28135               6.56612             7.050452               6.911684               6.605819           125              YES
104    262    366        -2137.798005             0.002445             0.001627               0.001833               0.134324                   0.265925                       0.400249                    0.155108                          0.3975                           0.552609                         1.138263                 0.54395              6.470771             7.032183               6.877319               6.510022           126              YES
104    264    368        -2134.758709             0.318156             0.284348               0.292835               18.19338                  48.510976                      66.704356                     0.15133                        0.407335                           0.558664                         1.457154                0.259277              6.601839             7.157118               7.004655               6.640148           127              YES
106    144    250        -1821.541883             0.278881             0.262171                0.26921              13.359323                  17.256828                      30.616151                    0.111989                        0.145844                           0.257833                         1.048955                0.449477              5.985142             6.019384               6.004889               6.038725           128              YES
106    150    256        -1872.204919             0.276796             0.260119               0.266944              13.385159                  18.157687                      31.542847                    0.114204                        0.156148                           0.270352                         0.994966                0.404152              6.013454             6.073565               6.048748               6.066246           129              YES
106    166    272        -1980.387509              0.25939             0.235959               0.244867              12.867158                  19.083791                      31.950949                    0.122035                        0.183169                           0.305204                         1.077906                0.376579               6.09055             6.214485               6.166483               6.141253           130              YES
106    176    282        -2031.460264             0.275627             0.253939               0.261824              13.946339                  22.492134                      36.438473                    0.124943                        0.203114                           0.328056                         1.267747                0.344847              6.151225             6.315956               6.254545               6.200548           131              YES
106    190    296        -2088.636504             -5.2e-05                5e-06               -1.4e-05              -0.002613                   0.000519                      -0.002093                    0.129245                        0.232195                            0.36144                         1.106586                0.670019              6.134617             6.359652               6.279992               6.182833           175              YES
106    200    306        -2122.582955              0.28578             0.260766               0.268986              15.075921                   28.10056                      43.176481                    0.134318                         0.25196                           0.386277                         1.332262                 0.32147              6.280848             6.535252               6.448262               6.327085           132              YES
106    202    308        -2128.367182             0.278088             0.251115               0.259908              14.692798                  27.431053                      42.123851                    0.135481                        0.255861                           0.391343                         1.320622                0.323053              6.285694             6.547174               6.458379               6.331722           133              YES
106    230    336        -2177.336036             0.254898             0.220729                 0.2307              14.035135                  29.494015                       43.52915                    0.146505                        0.319222                           0.465727                         1.240524                0.275071              6.416781             6.786068               6.671774               6.459502           134              YES
106    236    342        -2180.025315             0.257193             0.223006                0.23275              14.301915                  31.104781                      45.406696                    0.148912                        0.333602                           0.482513                         1.303583                0.269185              6.448516             6.844545               6.724294               6.490521           135              YES
106    238    344        -2180.427943             0.260305             0.226575               0.236114              14.526885                  32.067474                      46.594358                    0.149428                        0.338745                           0.488173                         1.326572                0.264672              6.460063             6.865675               6.743291               6.501826           136              YES
106    242    348        -2180.656604             0.267204             0.234735               0.243774              15.019418                  34.203275                      49.222693                    0.150053                        0.349536                           0.499589                         1.374951                0.255541              6.483314             6.908474               6.781795               6.524592           137              YES
106    244    350        -2180.460402             0.272148             0.240537               0.249268              15.356589                  35.568474                      50.925064                    0.150154                        0.355197                           0.505351                         1.391569                0.250593               6.49586             6.930932               6.802105               6.536891           176              YES
106    264    370        -2170.406357             0.004498             0.003023               0.003399               0.254265                   0.499621                       0.753887                    0.157698                        0.407056                           0.564754                         1.173687                0.543556              6.501414             7.043869               6.892828               6.540737           177              YES
108    148    256        -1855.537651             0.271589              0.25774               0.263541              13.446649                  17.707457                      31.154106                    0.116324                        0.154028                           0.270352                         1.022446                0.442421              6.028145             6.065982               6.050048               6.081236           138              YES
108    194    302        -2119.870441             0.341082              0.32118                0.32799              18.529429                  33.543215                      52.072644                    0.134059                        0.242184                           0.376243                         1.280622                0.353361              6.314435             6.532396               6.455295               6.361253           139              YES
108    198    306        -2133.554315             0.318187             0.297528               0.304484              17.307664                  31.883674                      49.191338                    0.136132                        0.250144                           0.386276                         1.307869                0.341522               6.31846             6.549868                6.46914               6.364911           140              YES
108    200    308        -2139.987963             0.302834              0.28106               0.288333              16.467818                  30.476174                      46.943992                    0.137405                        0.253935                           0.391341                         1.313247                0.342463              6.317553             6.555571               6.473107               6.363841           141              YES
108    202    310        -2146.245239             0.286906             0.263739               0.271415              15.596561                  28.935619                       44.53218                    0.138759                         0.25768                           0.396439                         1.310453                0.346796               6.31652              6.56143               6.477158               6.362647           142              YES
108    244    352        -2210.198036              0.24599             0.213435               0.222599              14.186348                  31.418243                      45.604592                    0.156227                        0.354918                           0.511144                         1.352468                0.262766              6.505937             6.915249               6.792288               6.547283           143              YES
108    248    356        -2210.648184             0.363661             0.330547               0.339743              21.618482                  51.112155                      72.730637                    0.154367                        0.368457                           0.522824                         1.371972                 0.28527              6.605369             7.030147               6.904044               6.645774           144              YES
108    252    360        -2210.352121             0.363736             0.329917               0.339171               21.75444                  52.377364                      74.131804                    0.155677                         0.37896                           0.534638                         1.382463                0.280968              6.625427             7.066658               6.937236               6.665387           145              YES
110    156    266        -1921.269655             0.255046             0.242137               0.247416               13.11036                  17.991604                      31.101964                    0.122646                        0.169242                           0.291888                          0.97185                0.394475               6.08621             6.144501               6.120463               6.138347           146              YES
110    164    274        -1979.836788              0.23967             0.221381               0.228597              12.462141                  17.664368                      30.126509                    0.127216                        0.182494                            0.30971                         0.967804                0.351794              6.121221             6.210144               6.174599               6.172379           147              YES
110    174    284        -2039.480486             0.466555             0.437331               0.448392              26.046449                  40.093101                      66.139551                    0.131622                        0.201104                           0.332726                         1.103773                0.480551               6.34266             6.462489               6.416342                6.39122           148              YES
110    190    300        -2118.164229             0.363602             0.343851               0.350827              20.249686                  35.070078                      55.319765                    0.136156                         0.23512                           0.371276                         1.241658                0.386905              6.334969             6.523056               6.454727               6.382264           149              YES
110    196    306        -2141.911629             0.349855             0.327985               0.335525              19.610494                  34.939169                      54.549663                    0.138857                        0.247417                           0.386274                          1.25946                0.374088              6.355485              6.56366               6.489595               6.402134           150              YES
110    204    314        -2169.153301             0.230359             0.211256               0.217629              12.752568                  23.356171                      36.108738                    0.143044                        0.263693                           0.406737                         1.281518                 0.37674              6.316042             6.554304               6.471835               6.362317           151              YES
110    232    342        -2230.508708             0.224971             0.197879               0.205998              13.019875                  26.758483                      39.778358                    0.154616                        0.327898                           0.482514                         1.207685                0.280369              6.457866             6.797234               6.689959               6.500859           152              YES
112    162    274        -1967.954697             0.231113             0.218217               0.223418              12.277035                  17.151032                      29.428067                    0.128658                        0.181053                           0.309712                         0.946027                0.378478              6.131549             6.201377                6.17293               6.183038           153              YES
112    190    302         -2129.85474             0.384793              0.36304               0.370839              22.104216                  37.317823                      59.422039                    0.140369                        0.235875                           0.376244                         1.199672                0.409305              6.376168             6.548607               6.485191               6.423439           154              YES
112    198    310          -2162.0772             0.171309             0.154284               0.160186               9.540954                  16.192702                      25.733656                    0.144704                         0.25174                           0.396444                          1.27994                0.404953              6.278303             6.482045               6.409182                6.32565           178              YES
114    192    306        -2149.410261             0.075166             0.062197               0.066869               4.220273                   6.201243                      10.421517                     0.15427                        0.232005                           0.386275                         1.167478                0.528625              6.248153             6.415783               6.353849               6.296497           155              YES
114    198    312        -2175.873848             0.401138             0.373483               0.383231              24.043503                  41.123729                      65.167232                    0.148219                        0.253358                           0.401577                          1.19978                0.411329              6.455714             6.639312               6.572823               6.502046           156              YES
114    200    314        -2183.820333             0.401739             0.373539               0.383402              24.163851                  41.772778                      65.936629                    0.149073                        0.257668                            0.40674                         1.214991                0.407418              6.467015             6.657462               6.588955                6.51311           157              YES
114    208    322        -2213.130118             0.195343             0.184827               0.188383              11.363834                  21.040316                      32.404151                    0.149865                        0.277862                           0.427727                         1.265398                0.376427              6.359981             6.586537                6.50723                6.40621           158              YES
114    220    334        -2250.195088             0.205162             0.192819                0.19681              12.190076                  23.981209                      36.171285                    0.154319                         0.30588                           0.460199                         1.215456                0.327017              6.427581             6.694125               6.604358               6.472383           159              YES
114    244    358        -2291.415822             0.157592               0.1363               0.142605               9.667499                  19.872655                      29.540154                    0.169075                        0.359643                           0.528719                         1.219015                0.285716              6.531048             6.882252               6.772393               6.573286           160              YES
116    212    328         -2241.41173             0.190469             0.183597               0.185918              11.410864                  21.558239                      32.969103                    0.154386                        0.289428                           0.443813                         1.252402                0.371494              6.398277             6.625997               6.546367               6.444204           161              YES
116    214    330        -2248.294185             0.193431             0.186359                0.18873              11.630881                  22.211801                      33.842682                    0.155177                        0.294067                           0.449244                         1.242325                0.366532              6.410021             6.644383               6.562955               6.455709           162              YES
116    228    344        -2288.411676             0.183434             0.172775               0.176171              11.269333                  22.706289                      33.975622                    0.160791                        0.327377                           0.488168                         1.185235                 0.27496              6.479259             6.759426               6.666267               6.523388           163              YES
116    240    356        -2310.816195             0.155158             0.139145               0.144029               9.675462                  19.767558                       29.44302                    0.168259                        0.354561                            0.52282                         1.175424                0.242977              6.527773             6.849875                6.74661               6.570663           164              YES
118    218    336        -2276.216151             0.190049             0.184229               0.186179              11.765774                  22.633798                      34.399572                    0.160386                        0.305347                           0.465732                         1.222518                0.363421              6.448838             6.683699                6.60217               6.494229           165              YES
118    236    354        -2324.705959             0.148646             0.139591               0.142433               9.409972                   19.31296                      28.722932                    0.167919                        0.349049                           0.516968                         1.173022                0.254408              6.521118             6.816868               6.719731               6.564661           166              YES
118    238    356        -2328.584199             0.141719             0.131753               0.134859                 8.9906                  18.457633                      27.448233                    0.169187                        0.353636                           0.522824                         1.171479                0.246014              6.528065             6.830686               6.731886               6.571412           167              YES
118    240    358        -2332.183672             0.134268             0.123438                0.12679                8.53591                  17.508744                      26.044655                    0.170575                        0.358142                           0.528717                          1.17217                0.240702              6.534948             6.844508               6.744044               6.578101           168              YES
120    166    286        -1995.468621             0.468807             0.439562               0.451793              29.301803                  38.217685                      67.519487                    0.146156                        0.191275                           0.337431                         1.055807                0.448278              6.425461             6.443367                6.43586               6.475179           169              YES
120    168    288        -2012.114533             0.467437             0.438103               0.450268              29.284194                  38.733479                      68.017673                    0.147099                        0.195067                           0.342166                         1.048293                0.442752              6.432941             6.458708               6.447984               6.482452           170              YES
120    232    352        -2332.848694             0.144612             0.142773               0.143367               9.311492                   19.25556                      28.567052                    0.168443                        0.342696                           0.511139                         1.193969                0.300103              6.521722             6.788233               6.698568               6.565851           171              YES
120    280    400        -2382.725193             0.064457             0.057677               0.059537               4.412638                   10.45049                      14.863128                    0.173588                        0.486459                           0.660047                         1.450428                0.239829              6.724611             7.161952               7.033605               6.763985           172              YES
120    284    404        -2381.356775             0.093019             0.087352               0.088885               6.423337                  16.255038                      22.678376                    0.196602                        0.476712                           0.673315                         1.474989                0.236709              6.753821             7.206829               7.075301                6.79274           179              YES
120    286    406        -2380.952601             0.183738              0.16633               0.171009              12.816657                  31.560483                       44.37714                    0.196985                        0.483015                               0.68                          1.37373                0.335264              6.788006              7.25185               7.117901                6.82659           180              YES
120    294    414        -2377.540473             0.206813             0.184334               0.190224              14.632086                  36.734732                      51.366818                    0.198636                        0.508428                           0.707064                         1.360005                0.325732              6.836262             7.330042               7.190408               6.874011           173              YES
120    298    418        -2374.800795             0.207316             0.184644               0.190508              14.748294                  37.655405                      52.403698                    0.199609                        0.521182                           0.720791                         1.358322                0.317168              6.855027             7.365165               7.222402               6.892393           174              YES
