Z      N      A      Binding_Energy_(MeV)    beta2          beta3          fileID    Convergence    
14     2      16     21.940484               0.0            0.0            9         YES            
26     36     62     -537.136849             0.139          0.0            33        YES            
32     70     102    -745.086                0.278          0.0            45        YES            
34     78     112    -795.269897             0.218          0.0            62        YES            
36     32     68     -547.325096             -0.211         0.0            73        YES            
40     56     96     -830.587774             0.0            0.0            95        YES            
40     58     98     -841.653877             -0.0           0.0            110       YES            
40     60     100    -851.10838              -0.0           0.0            126       YES            
42     58     100    -860.742912             0.0            0.0            144       YES            
42     74     116    -941.36302              -0.185         0.0            158       YES            
42     104    146    -975.151976             -0.002         0.0            181       YES            
52     58     110    -920.063779             0.18           0.0            204       YES            
52     72     124    -1049.847849            0.174          0.0            219       YES            
54     54     108    -873.321073             0.192          0.0            237       YES            
54     56     110    -898.879526             0.215          0.0            255       YES            
54     58     112    -922.74715              0.244          0.0            272       YES            
54     72     126    -1064.190013            0.229          0.0            289       YES            
54     74     128    -1080.538674            0.189          0.0            306       YES            
54     88     142    -1167.926812            0.155          0.0            319       YES            
54     90     144    -1175.330823            0.192          0.0            336       YES            
56     54     110    -869.467849             0.218          0.0            356       YES            
56     56     112    -897.206387             0.242          0.0            374       YES            
56     58     114    -923.129759             0.291          0.0            391       YES            
56     86     142    -1179.931782            0.13           0.0            404       YES            
56     88     144    -1189.122271            0.174          0.0            421       YES            
56     90     146    -1198.038045            0.215          0.0            440       YES            
58     54     112    -863.384969             0.247          0.0            458       YES            
58     56     114    -893.11064              0.284          0.0            475       YES            
58     86     144    -1197.324625            0.124          0.0            489       YES            
58     88     146    -1207.670286            0.176          0.0            506       YES            
58     90     148    -1218.253586            0.255          0.0            525       YES            
60     86     146    -1212.575694            0.104          0.0            540       YES            
60     88     148    -1223.904537            0.186          0.0            557       YES            
60     136    196    -1365.714801            -0.073         0.0            568       YES            
62     86     148    -1225.855487            0.077          0.0            591       YES            
62     88     150    -1238.387541            0.217          0.0            608       YES            
62     90     152    -1252.688522            0.293          0.0            629       YES            
62     132    194    -1402.108027            0.061          0.0            642       YES            
62     134    196    -1402.680902            0.07           0.0            658       YES            
62     136    198    -1402.976953            -0.081         0.0            670       YES            
62     138    200    -1403.539248            -0.131         0.0            687       YES            
62     140    202    -1403.812687            -0.147         0.0            704       YES            
64     86     150    -1236.938505            -0.066         0.0            721       YES            
64     88     152    -1251.015902            0.223          0.0            744       YES            
64     130    194    -1434.283255            0.025          0.0            761       YES            
64     132    196    -1435.816532            0.049          0.0            775       YES            
64     134    198    -1437.035452            0.059          0.0            792       YES            
64     136    200    -1438.427687            -0.129         0.0            806       YES            
64     138    202    -1439.920385            -0.149         0.0            823       YES            
64     140    204    -1441.021119            -0.164         0.0            840       YES            
66     72     138    -1098.062039            -0.255         0.0            854       YES            
66     84     150    -1230.774025            0.0            0.0            875       YES            
66     86     152    -1246.09103             -0.111         0.0            892       YES            
66     88     154    -1261.682507            0.215          0.0            914       YES            
66     94     160    -1309.51069             0.336          0.0            935       YES            
66     130    196    -1465.24551             0.034          0.0            948       YES            
66     132    198    -1467.495129            0.057          0.0            962       YES            
66     134    200    -1469.617729            -0.114         0.0            976       YES            
66     136    202    -1472.114214            -0.138         0.0            993       YES            
66     138    204    -1474.360326            -0.154         0.0            1010      YES            
68     86     154    -1253.376741            -0.122         0.0            1028      YES            
68     130    198    -1494.519273            0.044          0.0            1047      YES            
68     132    200    -1497.510966            0.073          0.0            1064      YES            
68     134    202    -1500.532656            -0.119         0.0            1078      YES            
68     136    204    -1503.650222            -0.139         0.0            1095      YES            
68     138    206    -1506.88099             0.226          0.0            1117      YES            
70     90     160    -1295.390485            0.233          0.0            1135      YES            
70     92     162    -1313.080852            0.27           0.0            1152      YES            
70     94     164    -1330.261733            0.3            0.0            1169      YES            
70     96     166    -1346.827951            0.326          0.0            1190      YES            
70     130    200    -1522.244761            0.055          0.0            1200      YES            
70     132    202    -1526.028271            0.088          0.0            1217      YES            
70     134    204    -1529.574188            0.137          0.0            1235      YES            
70     136    206    -1533.613233            0.185          0.0            1252      YES            
72     92     164    -1319.823447            0.248          0.0            1271      YES            
72     94     166    -1337.937529            0.28           0.0            1288      YES            
72     96     168    -1355.480892            0.312          0.0            1305      YES            
72     130    202    -1548.382595            0.057          0.0            1319      YES            
72     132    204    -1552.952737            0.092          0.0            1336      YES            
72     134    206    -1557.319889            0.131          0.0            1354      YES            
72     136    208    -1561.964593            0.17           0.0            1371      YES            
74     92     166    -1324.607224            0.223          0.0            1390      YES            
74     94     168    -1343.683109            0.276          0.0            1406      YES            
74     96     170    -1362.380361            0.314          0.0            1424      YES            
74     98     172    -1380.296163            0.327          0.0            1441      YES            
74     130    204    -1572.928982            0.05           0.0            1455      YES            
74     132    206    -1578.200936            0.085          0.0            1472      YES            
74     134    208    -1583.263522            0.116          0.0            1489      YES            
74     136    210    -1588.457401            0.15           0.0            1507      YES            
76     96     172    -1367.223608            0.308          0.0            1526      YES            
76     98     174    -1386.081183            0.319          0.0            1543      YES            
76     132    208    -1601.823917            0.068          0.0            1557      YES            
76     134    210    -1607.497232            0.095          0.0            1574      YES            
76     136    212    -1613.170001            0.123          0.0            1591      YES            
76     138    214    -1618.87919             0.15           0.0            1609      YES            
78     90     168    -1307.583447            0.137          0.0            1628      YES            
78     96     174    -1369.807983            0.295          0.0            1646      YES            
78     100    178    -1408.975104            0.32           0.0            1661      YES            
78     132    210    -1623.986071            0.035          0.0            1676      YES            
78     134    212    -1630.235191            0.064          0.0            1693      YES            
78     136    214    -1636.540126            -0.086         0.0            1708      YES            
78     138    216    -1642.649895            -0.097         0.0            1725      YES            
78     140    218    -1648.582938            0.225          0.0            1748      YES            
80     92     172    -1328.227953            0.105          0.0            1761      YES            
80     96     176    -1370.460164            0.282          0.0            1782      YES            
80     132    212    -1645.00302             0.0            0.0            1794      YES            
80     134    214    -1651.84151             0.0            0.0            1811      YES            
80     136    216    -1658.505737            -0.037         0.0            1827      YES            
80     138    218    -1665.30096             -0.067         0.0            1844      YES            
80     140    220    -1671.842783            -0.076         0.0            1861      YES            
80     142    222    -1678.129054            -0.081         0.0            1878      YES            
82     92     174    -1326.71558             0.001          0.0            1897      YES            
82     94     176    -1348.679024            0.004          0.0            1914      YES            
82     96     178    -1370.268647            -0.003         0.0            1929      YES            
82     132    214    -1663.504793            -0.0           0.0            1947      YES            
82     134    216    -1671.119911            0.0            0.0            1965      YES            
82     136    218    -1678.5474              0.001          0.0            1982      YES            
82     138    220    -1685.766622            0.001          0.0            1999      YES            
82     140    222    -1692.799792            -0.027         0.0            2014      YES            
82     142    224    -1699.728514            -0.042         0.0            2031      YES            
82     144    226    -1706.757951            0.241          0.0            2053      YES            
84     132    216    -1675.474983            0.002          0.0            2067      YES            
84     134    218    -1684.313282            -0.048         0.0            2082      YES            
84     136    220    -1693.142322            0.088          0.0            2101      YES            
84     192    276    -1828.949808            -0.0           0.0            2117      YES            
84     194    278    -1827.997346            0.046          0.0            2136      YES            
84     196    280    -1827.322968            -0.066         0.0            2149      YES            
86     132    218    -1686.704817            0.075          0.0            2169      YES            
86     134    220    -1697.103903            0.113          0.0            2186      YES            
86     192    278    -1861.695372            0.058          0.0            2203      YES            
86     194    280    -1861.666589            0.088          0.0            2221      YES            
88     132    220    -1696.12069             0.092          0.0            2237      YES            
88     134    222    -1707.621951            0.138          0.0            2255      YES            
88     136    224    -1719.290973            0.174          0.0            2273      YES            
88     138    226    -1730.67562             0.196          0.0            2290      YES            
88     192    280    -1893.005537            0.062          0.0            2305      YES            
88     194    282    -1893.634763            0.087          0.0            2322      YES            
90     130    220    -1692.084356            -0.001         0.0            2337      YES            
90     132    222    -1703.607919            0.086          0.0            2356      YES            
90     134    224    -1716.389062            0.168          0.0            2375      YES            
90     136    226    -1729.674279            0.204          0.0            2392      YES            
90     138    228    -1742.332994            0.224          0.0            2409      YES            
90     192    282    -1922.72048             0.032          0.0            2424      YES            
90     194    284    -1923.734522            0.068          0.0            2441      YES            
92     130    222    -1697.707734            -0.001         0.0            2456      YES            
92     132    224    -1709.83974             -0.004         0.0            2473      YES            
92     134    226    -1724.035068            0.2            0.0            2494      YES            
92     136    228    -1738.639066            0.229          0.0            2511      YES            
92     138    230    -1752.437229            0.244          0.0            2528      YES            
92     192    284    -1951.173256            -0.002         0.0            2541      YES            
92     194    286    -1952.407499            -0.038         0.0            2558      YES            
92     196    288    -1953.825619            0.084          0.0            2577      YES            
94     130    224    -1700.700481            0.001          0.0            2594      YES            
94     132    226    -1714.053038            -0.06          0.0            2608      YES            
94     134    228    -1730.15492             0.235          0.0            2630      YES            
94     136    230    -1745.709541            0.249          0.0            2647      YES            
94     188    282    -1972.34707             -0.001         0.0            2660      YES            
94     190    284    -1974.084146            -0.0           0.0            2678      YES            
94     192    286    -1976.198197            -0.048         0.0            2694      YES            
94     194    288    -1978.573327            0.081          0.0            2713      YES            
94     196    290    -1980.926078            0.099          0.0            2730      YES            
94     198    292    -1983.045943            0.119          0.0            2747      YES            
96     128    224    -1687.727154            -0.001         0.0            2762      YES            
96     130    226    -1701.733704            -0.023         0.0            2778      YES            
96     132    228    -1717.55313             0.267          0.0            2802      YES            
96     134    230    -1734.545341            0.266          0.0            2817      YES            
96     186    282    -1991.655291            -0.0           0.0            2831      YES            
96     188    284    -1993.932136            -0.0           0.0            2848      YES            
96     190    286    -1996.786553            -0.053         0.0            2864      YES            
96     192    288    -1999.831062            0.085          0.0            2883      YES            
96     194    290    -2003.232944            0.106          0.0            2900      YES            
96     196    292    -2006.416563            0.126          0.0            2917      YES            
96     198    294    -2009.676894            0.183          0.0            2934      YES            
98     126    224    -1670.751783            -0.0           0.0            2950      YES            
98     128    226    -1686.537701            0.0            0.0            2967      YES            
98     130    228    -1702.044844            -0.074         0.0            2982      YES            
98     132    230    -1719.626546            0.302          0.0            3006      YES            
98     134    232    -1737.240027            0.288          0.0            3021      YES            
98     186    284    -2011.360594            -0.0           0.0            3035      YES            
98     188    286    -2014.238666            -0.0           0.0            3052      YES            
98     190    288    -2018.284997            -0.067         0.0            3068      YES            
98     192    290    -2022.307828            0.104          0.0            3087      YES            
98     194    292    -2026.643925            0.127          0.0            3104      YES            
98     196    294    -2030.808315            0.156          0.0            3121      YES            
98     198    296    -2034.849008            0.184          0.0            3138      YES            
98     232    330    -2063.122571            -0.176         0.0            3150      YES            
98     234    332    -2063.477635            -0.173         0.0            3167      YES            
98     236    334    -2063.668953            -0.17          0.0            3184      YES            
98     238    336    -2063.672539            -0.165         0.0            3202      YES            
98     262    360    -2051.206438            0.027          0.0            3226      YES            
100    126    226    -1667.414657            -0.0           0.0            3239      YES            
100    128    228    -1684.053529            0.0            0.0            3256      YES            
100    130    230    -1701.256734            -0.302         0.0            3265      YES            
100    132    232    -1719.809412            0.328          0.0            3295      YES            
100    134    234    -1738.128531            0.303          0.0            3310      YES            
100    184    284    -2025.426988            -0.0           0.0            3324      YES            
100    186    286    -2029.845324            -0.0           0.0            3341      YES            
100    188    288    -2033.62946             -0.045         0.0            3357      YES            
100    190    290    -2038.304264            -0.074         0.0            3374      YES            
100    192    292    -2043.396592            0.119          0.0            3393      YES            
100    194    294    -2048.576111            0.145          0.0            3410      YES            
100    196    296    -2053.61762             0.171          0.0            3427      YES            
100    198    298    -2058.387679            0.189          0.0            3444      YES            
100    234    334    -2095.582844            -0.18          0.0            3456      YES            
100    236    336    -2096.223622            -0.177         0.0            3473      YES            
100    238    338    -2096.63297             -0.172         0.0            3490      YES            
100    240    340    -2096.78214             -0.165         0.0            3507      YES            
100    242    342    -2096.697743            -0.156         0.0            3524      YES            
100    250    350    -2095.08777             -0.099         0.0            3542      YES            
100    260    360    -2091.121219            -0.0           0.0            3560      YES            
100    262    362    -2087.458996            -0.002         0.0            3577      YES            
100    264    364    -2084.558332            0.068          0.0            3600      YES            
102    128    230    -1680.351194            -0.003         0.0            3612      YES            
102    130    232    -1699.293771            -0.301         0.0            3622      YES            
102    132    234    -1717.609887            -0.311         0.0            3639      YES            
102    134    236    -1737.581408            0.339          0.0            3668      YES            
102    182    284    -2034.468549            -0.0           0.0            3681      YES            
102    184    286    -2042.087094            -0.0           0.0            3698      YES            
102    186    288    -2047.118857            -0.0           0.0            3715      YES            
102    188    290    -2051.687196            -0.051         0.0            3731      YES            
102    190    292    -2056.971705            -0.078         0.0            3748      YES            
102    192    294    -2062.919767            0.131          0.0            3767      YES            
102    194    296    -2068.840261            0.163          0.0            3784      YES            
102    196    298    -2074.651634            0.185          0.0            3801      YES            
102    214    316    -2113.093435            0.265          0.0            3820      YES            
102    226    328    -2124.462245            0.252          0.0            3835      YES            
102    228    330    -2125.30925             0.248          0.0            3852      YES            
102    230    332    -2125.941364            0.242          0.0            3869      YES            
102    232    334    -2126.320155            0.235          0.0            3888      YES            
102    234    336    -2126.484077            0.223          0.0            3905      YES            
102    240    342    -2128.658734            -0.169         0.0            3915      YES            
102    242    344    -2128.956446            -0.16          0.0            3932      YES            
102    260    362    -2126.06324             0.001          0.0            3951      YES            
102    262    364    -2122.726627            0.002          0.0            3968      YES            
102    264    366    -2120.219929            0.071          0.0            3990      YES            
104    134    238    -1733.589879            -0.319         0.0            3996      YES            
104    182    286    -2049.479366            -0.0           0.0            4021      YES            
104    184    288    -2057.586103            -0.0           0.0            4038      YES            
104    186    290    -2063.254712            -0.0           0.0            4055      YES            
104    188    292    -2068.438799            -0.051         0.0            4071      YES            
104    190    294    -2074.344716            -0.083         0.0            4088      YES            
104    192    296    -2080.897202            0.143          0.0            4107      YES            
104    194    298    -2087.479202            0.185          0.0            4124      YES            
104    196    300    -2093.935615            0.2            0.0            4141      YES            
104    212    316    -2134.449174            0.257          0.0            4160      YES            
104    214    318    -2138.121319            0.262          0.0            4177      YES            
104    216    320    -2141.559739            0.265          0.0            4194      YES            
104    236    340    -2157.098145            0.193          0.0            4211      YES            
104    238    342    -2158.207363            -0.178         0.0            4221      YES            
104    240    344    -2159.137246            -0.171         0.0            4238      YES            
104    260    364    -2160.000468            0.001          0.0            4257      YES            
104    262    366    -2157.016421            0.005          0.0            4274      YES            
104    264    368    -2154.78444             0.07           0.0            4296      YES            
106    184    290    -2071.918944            -0.0           0.0            4310      YES            
106    186    292    -2078.211392            -0.0           0.0            4327      YES            
106    188    294    -2083.972809            -0.128         0.0            4341      YES            
106    190    296    -2090.534107            -0.131         0.0            4358      YES            
106    192    298    -2097.447939            0.152          0.0            4379      YES            
106    194    300    -2104.737492            0.23           0.0            4396      YES            
106    212    318    -2157.28228             0.25           0.0            4415      YES            
106    214    320    -2161.423257            0.253          0.0            4432      YES            
106    216    322    -2165.314744            0.256          0.0            4449      YES            
106    234    340    -2185.520614            0.216          0.0            4464      YES            
106    236    342    -2186.426043            0.192          0.0            4481      YES            
106    238    344    -2187.321792            0.171          0.0            4498      YES            
106    240    346    -2188.280524            -0.171         0.0            4510      YES            
106    242    348    -2189.415593            -0.16          0.0            4527      YES            
106    260    366    -2192.910867            0.001          0.0            4546      YES            
106    262    368    -2190.310843            0.006          0.0            4563      YES            
106    264    370    -2188.25468             0.065          0.0            4585      YES            
108    186    294    -2092.033537            0.0            0.0            4599      YES            
108    188    296    -2098.276017            -0.132         0.0            4613      YES            
108    190    298    -2105.489787            -0.133         0.0            4631      YES            
108    192    300    -2112.64921             0.145          0.0            4651      YES            
108    194    302    -2118.76857             -0.214         0.0            4662      YES            
108    196    304    -2125.206953            -0.325         0.0            4677      YES            
108    198    306    -2131.759857            -0.322         0.0            4695      YES            
108    212    320    -2178.220444            0.248          0.0            4721      YES            
108    214    322    -2182.96381             0.248          0.0            4738      YES            
108    216    324    -2187.441979            0.249          0.0            4760      YES            
108    242    350    -2218.116855            0.145          0.0            4774      YES            
108    262    370    -2222.599114            0.004          0.0            4784      YES            
108    264    372    -2220.834345            -0.049         0.0            4801      YES            
108    266    374    -2219.558813            0.086          0.0            4823      YES            
108    268    376    -2218.710685            0.109          0.0            4840      YES            
108    270    378    -2217.956714            0.128          0.0            4857      YES            
108    272    380    -2217.158983            0.144          0.0            4874      YES            
110    188    298    -2111.403217            -0.0           0.0            4888      YES            
110    190    300    -2119.062867            -0.129         0.0            4902      YES            
110    192    302    -2126.499483            0.119          0.0            4923      YES            
110    194    304    -2134.604419            0.155          0.0            4940      YES            
110    196    306    -2140.424754            -0.232         0.0            4951      YES            
110    198    308    -2147.555232            -0.336         0.0            4966      YES            
110    200    310    -2154.395987            -0.328         0.0            4984      YES            
110    214    324    -2202.931646            0.25           0.0            5015      YES            
110    262    372    -2253.880898            0.003          0.0            5022      YES            
110    264    374    -2252.407036            -0.043         0.0            5039      YES            
110    266    376    -2251.346166            -0.062         0.0            5056      YES            
110    268    378    -2250.66503             0.1            0.0            5078      YES            
110    270    380    -2250.203498            0.118          0.0            5095      YES            
110    276    386    -2248.529071            0.307          0.0            5110      YES            
112    158    270    -1943.220668            0.245          0.0            5129      YES            
112    188    300    -2123.530486            0.0            0.0            5143      YES            
112    190    302    -2131.444972            -0.067         0.0            5159      YES            
112    192    304    -2139.390806            -0.127         0.0            5174      YES            
112    194    306    -2147.637303            0.124          0.0            5195      YES            
112    196    308    -2155.924337            0.144          0.0            5212      YES            
112    198    310    -2161.835033            -0.249         0.0            5223      YES            
112    200    312    -2169.087445            -0.262         0.0            5240      YES            
112    214    326    -2221.482767            0.258          0.0            5270      YES            
112    264    376    -2282.906338            -0.036         0.0            5277      YES            
112    266    378    -2282.241967            -0.058         0.0            5294      YES            
112    268    380    -2281.569612            0.088          0.0            5316      YES            
112    270    382    -2281.369111            0.106          0.0            5333      YES            
114    190    304    -2142.627898            -0.06          0.0            5346      YES            
114    192    306    -2151.043548            -0.118         0.0            5361      YES            
114    194    308    -2159.494078            0.102          0.0            5382      YES            
114    196    310    -2168.203975            0.118          0.0            5399      YES            
114    198    312    -2176.6372              0.132          0.0            5416      YES            
114    240    354    -2294.5628              0.158          0.0            5436      YES            
114    242    356    -2297.077716            0.144          0.0            5453      YES            
114    244    358    -2299.407151            0.133          0.0            5470      YES            
114    264    378    -2312.135802            -0.034         0.0            5482      YES            
114    266    380    -2312.012972            -0.054         0.0            5498      YES            
114    268    382    -2311.564967            -0.064         0.0            5515      YES            
114    270    384    -2311.507838            0.092          0.0            5537      YES            
114    272    386    -2311.49218             0.106          0.0            5554      YES            
114    278    392    -2312.321584            0.315          0.0            5569      YES            
116    162    278    -1974.973699            0.218          0.0            5589      YES            
116    164    280    -1991.412621            0.209          0.0            5605      YES            
116    168    284    -2021.043691            0.186          0.0            5623      YES            
116    170    286    -2035.031545            0.166          0.0            5640      YES            
116    190    306    -2152.265078            -0.059         0.0            5652      YES            
116    192    308    -2161.369995            -0.108         0.0            5667      YES            
116    194    310    -2170.191778            -0.113         0.0            5684      YES            
116    196    312    -2179.234675            0.1            0.0            5705      YES            
116    198    314    -2188.136056            0.111          0.0            5722      YES            
116    214    330    -2254.026237            0.264          0.0            5746      YES            
116    236    352    -2310.795202            0.182          0.0            5759      YES            
116    240    356    -2316.98156             0.155          0.0            5776      YES            
116    242    358    -2319.999057            0.139          0.0            5793      YES            
116    264    380    -2340.060969            -0.031         0.0            5805      YES            
116    266    382    -2340.416697            -0.052         0.0            5821      YES            
116    268    384    -2340.422913            -0.062         0.0            5838      YES            
116    270    386    -2340.520097            0.08           0.0            5860      YES            
116    272    388    -2340.800669            0.093          0.0            5877      YES            
116    280    396    -2342.589951            0.316          0.0            5892      YES            
116    282    398    -2342.364332            0.309          0.0            5909      YES            
116    292    408    -2340.451142            0.253          0.0            5929      YES            
116    298    414    -2337.25118             0.255          0.0            5946      YES            
116    300    416    -2335.760581            0.255          0.0            5963      YES            
118    162    280    -1972.156731            0.226          0.0            5979      YES            
118    164    282    -1989.172563            0.213          0.0            5996      YES            
118    166    284    -2005.017034            0.198          0.0            6014      YES            
118    188    306    -2150.242325            -0.0           0.0            6026      YES            
118    190    308    -2160.159497            -0.061         0.0            6043      YES            
118    192    310    -2170.085487            -0.111         0.0            6059      YES            
118    194    312    -2179.52351             -0.115         0.0            6076      YES            
118    196    314    -2188.616878            0.087          0.0            6096      YES            
118    198    316    -2198.090936            0.097          0.0            6113      YES            
118    200    318    -2207.29637             0.103          0.0            6130      YES            
118    204    322    -2227.765872            0.316          0.0            6153      YES            
118    210    328    -2252.687463            0.277          0.0            6171      YES            
118    212    330    -2260.51209             0.268          0.0            6188      YES            
118    238    356    -2333.755376            0.172          0.0            6201      YES            
118    264    382    -2366.413059            -0.03          0.0            6213      YES            
118    266    384    -2367.258725            -0.051         0.0            6229      YES            
118    268    386    -2367.730281            -0.061         0.0            6246      YES            
118    270    388    -2368.077903            -0.068         0.0            6263      YES            
118    272    390    -2368.654989            0.085          0.0            6285      YES            
118    274    392    -2369.201139            0.095          0.0            6302      YES            
118    280    398    -2371.946862            0.323          0.0            6320      YES            
118    282    400    -2372.066018            0.317          0.0            6337      YES            
118    284    402    -2372.032811            0.307          0.0            6351      YES            
118    288    406    -2371.803048            0.253          0.0            6371      YES            
118    290    408    -2371.754269            0.25           0.0            6388      YES            
118    292    410    -2371.541122            0.25           0.0            6405      YES            
118    296    414    -2370.494712            0.25           0.0            6422      YES            
118    298    416    -2369.599905            0.25           0.0            6439      YES            
118    300    418    -2368.496865            0.25           0.0            6456      YES            
120    188    308    -2155.990047            -0.189         0.0            6464      YES            
120    190    310    -2166.842417            -0.194         0.0            6481      YES            
120    192    312    -2177.287801            -0.199         0.0            6498      YES            
120    194    314    -2187.388686            -0.202         0.0            6515      YES            
120    196    316    -2197.178931            -0.206         0.0            6532      YES            
120    198    318    -2206.680874            -0.21          0.0            6548      YES            
120    200    320    -2215.916853            -0.213         0.0            6565      YES            
120    208    328    -2255.805876            0.296          0.0            6596      YES            
120    210    330    -2264.368599            0.281          0.0            6613      YES            
120    262    382    -2390.807089            -0.001         0.0            6625      YES            
120    264    384    -2391.270464            -0.006         0.0            6641      YES            
120    266    386    -2392.490596            -0.051         0.0            6654      YES            
120    268    388    -2393.32732             -0.068         0.0            6669      YES            
120    270    390    -2394.244784            -0.073         0.0            6688      YES            
120    272    392    -2394.954888            0.086          0.0            6710      YES            
120    274    394    -2396.003182            0.098          0.0            6727      YES            
120    282    402    -2400.507302            0.318          0.0            6745      YES            
120    284    404    -2400.860428            0.311          0.0            6762      YES            
120    286    406    -2401.029658            0.303          0.0            6779      YES            
120    288    408    -2401.033376            0.263          0.0            6796      YES            
120    290    410    -2401.30878             0.248          0.0            6813      YES            
120    298    418    -2400.751921            0.244          0.0            6830      YES            
