Z      N      A       Binding_Energy_(MeV)    Quad_Def_Beta2_P     Quad_Def_Beta2_N     Quad_Def_Beta2_total   Quad_Moment_Q2_P_(fm^2)    Quad_Moment_Q2_N_(fm^2)    Quad_Moment_Q2_total_(fm^2)     Octupole_Moment_Q3_P_(fm^3)     Octupole_Moment_Q3_N_(fm^3)     Octupole_Moment_Q3_total_(fm^3)      Pairing_gap_P_(MeV)     Pairing_gap_N_(MeV)   RMS_radius_P_(fm)    RMS_radius_N_(fm)    RMS_radius_total_(fm)    Charge_Radius_(fm)     File_ID        Converged            
56     52     108         -838.581007             0.183549             0.161418               0.173261               2.779562                   2.123172                       4.902734                    0.002946                        0.002302                           0.005248                          0.57632                0.659629              4.629813             4.477756               4.557234               4.704185             1              YES
56     54     110         -867.641521             0.210621             0.199316               0.205222               3.217064                   2.782487                       5.999551                    0.002933                          0.0025                           0.005433                         0.622471                0.616742              4.649752             4.526829               4.589819               4.723372             2              YES
56     56     112         -895.147744              0.22714             0.222697               0.224965               3.496871                   3.288633                       6.785504                    0.002921                        0.002747                           0.005668                         0.693882                0.596955              4.668138             4.571947               4.620293               4.741035             3              YES
56     58     114         -920.585335             0.245383             0.248687               0.247039               3.808151                   3.881073                       7.689224                    0.003029                        0.002884                           0.005913                         0.746933                 0.59053              4.686905             4.618282               4.652118               4.759079             4              YES
56     60     116         -945.153175             0.312301             0.327378               0.320034               4.938613                    5.45161                      10.390223                    0.003007                        0.003218                           0.006225                         0.688769                 0.65338              4.731153             4.690371               4.710103                4.80223             5              YES
56     62     118         -968.953982             0.358962             0.359228               0.359101               5.769096                   6.322389                      12.091485                    0.003115                        0.003402                           0.006516                         0.655277                0.666932              4.769586              4.74356               4.755929               4.839671             6              YES
56     64     120         -991.311668             0.338538             0.342481                0.34064                5.44253                   6.287254                      11.729784                    0.003121                        0.003564                           0.006685                         0.703883                 0.65498              4.770324             4.768339               4.769265                4.83997             7              YES
56     66     122        -1013.039942             0.309596             0.318502               0.314433               4.973711                   6.082135                      11.055847                     0.00312                        0.003725                           0.006845                         0.718727                0.628514              4.768627             4.789002                4.77966               4.837868             8              YES
56     68     124        -1033.913017             0.289766             0.298898               0.294812                4.66151                   5.936777                      10.598287                    0.003142                        0.003877                           0.007019                         0.700324                0.613805              4.771888             4.811762               4.793795               4.840655             9              YES
56     70     126        -1053.432831             0.266632             0.270889               0.269022               4.290299                   5.579892                       9.870191                    0.003164                        0.004013                           0.007177                         0.691346                0.595704              4.772416             4.829622               4.804281               4.840747            10              YES
56     72     128        -1071.739599             0.239259             0.234342               0.236457               3.850393                   4.996416                       8.846809                    0.003214                        0.004115                           0.007329                         0.728758                 0.57379              4.772758             4.844881                4.81346               4.840656            11              YES
56     74     130        -1089.345233             0.209435             0.193233               0.200073               3.374287                   4.261705                       7.635991                    0.003312                        0.004181                           0.007493                         0.750003                0.573637               4.77548             4.860492               4.824055               4.842912            12              YES
56     76     132        -1106.819761             0.179451             0.153528               0.164268               2.895929                   3.502596                       6.398525                     0.00345                        0.004217                           0.007667                          0.72002                0.605446              4.779381             4.877972               4.836391                4.84633            13              YES
56     78     134        -1124.037887             0.149343             0.118492               0.131037                2.41457                   2.795817                       5.210387                    0.003627                        0.004222                           0.007849                         0.639418                0.662521              4.783852             4.896739               4.849882               4.850313            14              YES
56     80     136        -1140.583605             0.098913             0.072238               0.082885               1.601262                   1.760516                       3.361778                    0.003945                        0.004081                           0.008026                         0.537832                0.776576              4.786923             4.914021               4.862089               4.852914            15              YES
56     82     138        -1156.651281             0.001293             0.000809               0.000998               0.020992                   0.020373                       0.041365                    0.003313                        0.004917                            0.00823                         0.528468                0.883619              4.793467             4.935008               4.878066               4.858943            16              YES
56     84     140        -1166.577988             0.116588             0.091904               0.101388               1.910212                   2.413524                       4.323736                    0.004451                        0.004074                           0.008526                         0.410218                 0.71524              4.815759             4.978095               4.913804               4.880511            17              YES
56     86     142        -1176.651827             0.162428             0.141504                0.14939               2.690169                   3.874561                       6.564731                    0.003502                        0.005173                           0.008676                         0.493217                0.603728              4.841845             5.023694               4.952777                4.90583            18              YES
56     88     144        -1186.259003             0.191489             0.175266               0.181268               3.205153                   4.995999                       8.201153                    0.003547                         0.00555                           0.009097                         0.573219                0.545694              4.867478             5.067176               4.990465                4.93071            19              YES
56     90     146        -1194.762798             0.213902             0.201151               0.205783               3.616509                    5.96032                       9.576829                    0.003596                        0.005919                           0.009515                         0.635963                0.506533              4.892019             5.108551                 5.0266                4.95452            20              YES
56     92     148        -1202.644524             0.242038             0.236593               0.238535               4.138629                   7.294138                      11.432767                    0.003617                        0.006263                           0.009881                          0.67181                 0.47343              4.919691             5.153913               5.066562               4.981427            21              YES
56     94     150         -1210.56423               0.2697             0.268584               0.268975               4.666956                   8.609717                      13.276672                    0.003762                        0.006504                           0.010266                         0.647951                0.481588              4.949114             5.199182               5.107256               5.010074            22              YES
56     96     152        -1218.016277             0.279802             0.280125               0.280014               4.881461                   9.298431                      14.179891                    0.003725                        0.006874                             0.0106                         0.650828                0.492067               4.96936             5.235262               5.138899               5.029663            23              YES
56     98     154        -1225.096499             0.287355             0.287928               0.287734               5.051817                   9.885647                      14.937464                    0.003777                        0.007155                           0.010932                         0.644793                0.499154              4.988446             5.269783                5.16925                5.04811            24              YES
56     100    156        -1231.739828             0.295435             0.293985               0.294468               5.234858                  10.431782                      15.666641                    0.003841                        0.007427                           0.011269                         0.622603                0.500574              5.008097             5.303484               5.199379               5.067121            25              YES
56     102    158        -1237.599927             0.298854             0.294133                0.29568               5.332066                  10.768036                      16.100102                    0.003909                        0.007687                           0.011595                         0.606052                0.493465              5.025381             5.333857               5.226607               5.083797            26              YES
56     104    160         -1242.45323             0.294708             0.287657               0.289929               5.286418                  10.848963                      16.135381                    0.003969                        0.007935                           0.011904                         0.618256                0.486829              5.038904             5.361483               5.250835               5.096757            27              YES
56     106    162         -1246.49316             0.283138             0.272974               0.276196               5.099519                  10.591368                      15.690887                    0.004024                        0.008175                           0.012199                         0.644508                0.484339              5.049131             5.386509               5.272327               5.106463            28              YES
56     108    164        -1250.267514             0.268295              0.25422                0.25861               4.850241                  10.138242                      14.988484                    0.004081                        0.008412                           0.012493                         0.665987                0.487238              5.058551             5.410158               5.292724               5.115372            29              YES
56     110    166        -1253.974633             0.253975             0.236136               0.241612               4.609188                   9.674733                      14.283921                    0.004146                        0.008646                           0.012792                         0.656263                0.484811              5.068362             5.433587               5.313186                5.12467            30              YES
56     112    168         -1257.52158             0.239704             0.217758                0.22439               4.366111                   9.158362                      13.524473                    0.004223                        0.008864                           0.013087                         0.627369                0.476744              5.077627             5.455792               5.332718               5.133429            31              YES
56     114    170        -1260.356515             0.223656             0.197822               0.205509               4.087038                   8.534919                      12.621957                     0.00432                         0.00906                            0.01338                         0.615927                0.468211              5.085867             5.477149               5.351417               5.141177            32              YES
56     116    172        -1262.331907             0.201347             0.170487               0.179527               3.689766                   7.541005                      11.230772                    0.004473                        0.009198                           0.013671                         0.616885                0.459631              5.093044             5.497744               5.369331               5.147873            33              YES
56     118    174        -1264.443861             0.170685             0.136637               0.146463               3.137211                   6.190389                         9.3276                    0.004673                        0.009291                           0.013964                         0.642783                0.472686               5.10065             5.516701               5.386308               5.154996            34              YES
56     120    176        -1267.092053             0.137801              0.10349               0.113246               2.541362                   4.804045                       7.345407                    0.004927                        0.009343                            0.01427                          0.63466                0.506274              5.109254             5.537425               5.404869               5.163109            35              YES
56     122    178        -1270.049788             0.098754             0.068658               0.077092               1.827561                   3.263534                       5.091095                    0.005102                        0.009477                           0.014579                         0.607269                 0.56327              5.118105             5.557306               5.422967               5.171467            36              YES
56     124    180        -1273.646005            -0.001249            -0.000831              -0.000947                -0.0232                  -0.040409                      -0.063609                    0.003594                        0.011292                           0.014886                          0.58291                0.631695               5.12802              5.57372               5.438973                5.18088            37              YES
56     126    182        -1276.810205            -0.000202            -0.000122              -0.000144              -0.003775                  -0.006098                      -0.009873                    0.003581                        0.011713                           0.015294                         0.493804                 0.61792              5.140999             5.597306               5.460966               5.193327            38              YES
56     128    184        -1274.056923            -0.005708             -0.00513              -0.005285              -0.107025                  -0.263085                       -0.37011                    0.003507                        0.012154                           0.015661                         0.377448                0.620758              5.151549             5.635377               5.492639               5.203373            39              YES
56     130    186        -1271.375372             0.082312             0.080969               0.081321               1.550194                   4.296746                       5.846941                    0.005115                        0.011115                            0.01623                         0.389753                0.581725              5.163134             5.688321               5.535445               5.214445            40              YES
56     132    188        -1268.797491             0.117804              0.11481               0.115579               2.231161                    6.29353                       8.524691                    0.004795                        0.011968                           0.016764                            0.445                0.533782              5.177687             5.737394                5.57655               5.228458            41              YES
56     134    190        -1266.142625             0.146635             0.142909               0.143849               2.797147                   8.078884                      10.876032                    0.004316                        0.012977                           0.017293                         0.502327                0.487669              5.196252             5.782812               5.616302               5.246448            42              YES
56     136    192        -1263.258588             0.164125              0.15976               0.160843               3.152742                   9.297705                      12.450447                    0.004623                        0.012847                            0.01747                          0.56057                0.459293              5.214435              5.82411               5.653085               5.264065            43              YES
56     138    194        -1260.162203             0.180943             0.175477               0.176813               3.502258                  10.500669                      14.002927                    0.004632                         0.01344                           0.018072                         0.615636                0.435893              5.234242             5.862789               5.688488               5.283293            44              YES
