Z      N      A       Binding_Energy_(MeV)    Quad_Def_Beta2_P     Quad_Def_Beta2_N     Quad_Def_Beta2_total   Quad_Moment_Q2_P_(fm^2)    Quad_Moment_Q2_N_(fm^2)    Quad_Moment_Q2_total_(fm^2)     Octupole_Moment_Q3_P_(fm^3)     Octupole_Moment_Q3_N_(fm^3)     Octupole_Moment_Q3_total_(fm^3)      Pairing_gap_P_(MeV)     Pairing_gap_N_(MeV)   RMS_radius_P_(fm)    RMS_radius_N_(fm)    RMS_radius_total_(fm)    Charge_Radius_(fm)     File_ID        Converged            
4      4      8           1057.607243             0.282328              0.28233               0.282329             106.412724                 106.413023                     212.825748                    0.253701                        0.253701                           0.507402                             -0.0                    -0.0              6.118762             6.118751               86.42405               6.174556             1               NO
6      4      10           957.512066            -0.498197            -0.498209              -0.498203            -113.758657                -113.756799                    -227.515456                   -0.448931                       -0.299279                           -0.74821                             -0.0                    -0.0              6.883434             6.883291              60.165469               6.933077             2               NO
12     2      14            -0.092664            -0.009215            -0.000216               -0.00886              -0.025475                   -2.5e-05                        -0.0255                    0.000806                           2e-06                           0.000809                         1.362839                0.798493              4.273332             2.122546               4.036855               4.363945             3              YES
14     2      16            13.299369            -0.093197             0.032863               -0.08918              -0.333661                   0.003873                      -0.329787                    0.001055                           1e-06                           0.001056                         1.285361                0.870486              4.502276             2.161277               4.280253               4.588671           187              YES
14     16     30          -257.990791               -6e-06              1.2e-05                  4e-06                 -1e-05                    2.4e-05                        1.4e-05                     0.00159                        0.002123                           0.003713                         0.719903                1.139418               3.05278             3.119517               3.088553               3.160503             4              YES
14     24     38          -302.988412              0.13106             0.146083               0.141262               0.234169                    0.55228                       0.786449                    0.001866                        0.004091                           0.005957                         0.962824                0.955177              3.180604             3.533619               3.407818               3.274021             5              YES
46     58     104         -892.996949             0.114004             0.111315               0.112475               1.286643                   1.654159                       2.940802                    0.019065                        0.025554                           0.044619                         0.700503                0.703717              4.409972              4.50654               4.464085               4.483689             6              YES
50     62     112          -953.62968             0.062274             0.074394               0.069072               0.803887                   1.226919                       2.030806                    0.021575                        0.030173                           0.051748                         0.843321                0.515414              4.523817             4.591859               4.561609               4.595972             7              YES
52     60     112         -941.110902             0.113934             0.119486               0.116919               1.548125                   1.888085                        3.43621                    0.023422                        0.028326                           0.051748                         0.738093                0.496281              4.551133             4.569009               4.560718               4.623943             8              YES
52     62     114         -961.222305             0.115643             0.120407               0.118254               1.582502                   1.998678                        3.58118                    0.023761                        0.029851                           0.053612                           0.7839                0.492034              4.567254             4.606755               4.588779                4.63933             9              YES
52     64     116         -980.664079            -0.121329            -0.132416              -0.127519              -1.675437                  -2.311839                      -3.987276                    0.023629                        0.031881                            0.05551                         0.778331                0.507431              4.588025             4.650116               4.622385                 4.6593            10              YES
52     68     120        -1017.124849            -0.105284            -0.112712              -0.109573              -1.471855                  -2.152275                      -3.624129                    0.024428                        0.034976                           0.059404                         0.800808                0.499594              4.616305             4.717951               4.674176               4.686198            11              YES
56     64     120         -993.077202             0.295964              0.30266               0.299546               4.665806                   5.488373                      10.154179                    0.027744                        0.031659                           0.059404                         0.565703                0.665228              4.723834             4.739136               4.732001               4.794155            12              YES
56     88     144        -1189.705016             0.170419              0.15506               0.160683               2.819259                   4.441322                       7.260581                    0.032596                        0.052947                           0.085542                         0.486051                0.610181              4.839038             5.079374               4.987286               4.902637            13              YES
56     90     146         -1198.94465             0.190664             0.176106               0.181338               3.185114                    5.24379                       8.428903                     0.03307                        0.054865                           0.087935                         0.544113                0.569388              4.862719             5.121058                5.02354               4.925591            14              YES
56     94     150         -1215.86737             0.239256             0.227075               0.231297               4.081835                   7.302269                      11.384104                    0.033678                        0.059141                           0.092819                         0.610416                0.503537              4.914138             5.207456               5.099925               4.975527            15              YES
56     102    158        -1244.532148             0.267797             0.254894               0.259059                4.70877                   9.400381                      14.109151                    0.034888                        0.068095                           0.102983                         0.634227                0.476458               4.98887             5.353505               5.227178               5.047708            16              YES
58     92     150        -1229.085646             0.274305             0.248699               0.258045                4.92051                   7.761469                      12.681979                    0.035733                        0.057086                            0.09282                          0.54053                0.527759              4.951296             5.185448               5.096185                 5.0133            17              YES
58     94     152        -1239.116839             0.293227               0.2688                0.27756                5.31216                    8.70949                       14.02165                    0.036003                        0.059309                           0.095312                         0.543569                 0.49764               4.97582              5.22712               5.132681               5.037125            18              YES
58     96     154        -1248.462197             0.300182             0.276349               0.284746                5.47769                   9.270099                      14.747788                    0.036286                        0.061551                           0.097837                         0.549424                0.486802              4.993869             5.262872               5.163204               5.054558            19              YES
58     98     156        -1257.213697             0.303504             0.280095               0.288199               5.574559                   9.716505                      15.291064                    0.036592                        0.063802                           0.100394                         0.554587                0.483812              5.010192             5.297048               5.192248               5.070291            20              YES
58     100    158        -1265.274539             0.305312             0.281893               0.289861               5.643903                   10.10489                      15.748793                     0.03694                        0.066043                           0.102983                         0.562227                 0.48017              5.026301             5.330506               5.220895               5.085816            21              YES
58     112    170        -1301.256252             0.262519             0.223135               0.235238               4.987102                   9.555027                      14.542129                    0.040339                        0.078881                            0.11922                         0.628593                0.492741              5.095362             5.505133               5.368845               5.151749            22              YES
58     114    172        -1305.904413             0.241136             0.198322               0.211257               4.590135                     8.7206                      13.310735                     0.04137                        0.080672                           0.122042                         0.628554                0.505384              5.100504             5.529426               5.388606               5.156447            23              YES
60     90     150        -1236.553221             0.274139             0.238343               0.252047                5.12641                   7.185221                      12.311631                    0.037793                        0.055027                            0.09282                         0.511801                0.583518               4.97039             5.152788               5.080615               5.033153            24              YES
60     92     152        -1248.847755              0.30746              0.27283               0.285862               5.824431                   8.565801                      14.390232                    0.037988                        0.057322                            0.09531                         0.514942                 0.51404               5.00267             5.201022               5.123643               5.064651            25              YES
60     94     154        -1260.260799             0.319467             0.286487               0.298685               6.102676                   9.324124                        15.4268                      0.0382                        0.059635                           0.097835                         0.517175                0.487419              5.023615             5.238808               5.156034                5.08496            26              YES
60     96     156        -1270.861748             0.325223             0.292861               0.304626               6.255989                   9.862292                      16.118282                    0.038506                        0.061888                           0.100393                         0.519779                0.475411               5.04112              5.27312               5.185117               5.101875            27              YES
60     98     158         -1280.79994             0.328067             0.295918               0.307407               6.351093                  10.300402                      16.651495                     0.03885                        0.064133                           0.102983                         0.521602                0.470005              5.057227             5.306079               5.212977               5.117413            28              YES
60     100    160        -1290.033237             0.330018             0.297621               0.309006               6.429848                  10.701318                      17.131166                    0.039243                        0.066365                           0.105608                          0.52664                0.466689              5.073421             5.338653               5.240764                5.13304            29              YES
60     106    166        -1313.169344             0.337294             0.301462                0.31344               6.703341                  11.931106                      18.634448                    0.040512                        0.073164                           0.113677                         0.556367                0.460065              5.124016             5.440219               5.328095               5.181933            30              YES
60     116    176         -1341.41814             0.258263             0.210901               0.225476               5.195032                   9.543887                      14.738919                    0.044377                        0.083407                           0.127785                         0.595094                0.532796              5.155048             5.560821               5.425899               5.210764            31              YES
62     90     152        -1252.376669             0.293683             0.254857               0.270135               5.774303                   7.723454                      13.497757                    0.039976                        0.055335                           0.095311                         0.518563                0.573229              5.013716             5.166317               5.104623               5.076497            32              YES
62     96     158        -1290.470104             0.334434             0.300165               0.312983               6.747575                   10.13549                      16.883066                    0.040605                         0.06238                           0.102985                         0.509339                0.470961              5.078875             5.280215               5.202138               5.139767            33              YES
62     98     160        -1301.614303             0.337047             0.303004               0.315528               6.843289                  10.571688                      17.414977                     0.04097                        0.064637                           0.105608                         0.507758                0.462572              5.094908             5.312263                5.22911               5.155247            34              YES
62     100    162        -1312.029033             0.338709             0.304355               0.316787               6.920008                  10.964678                      17.884686                    0.041387                        0.066878                           0.108265                         0.503088                 0.45935                5.1108             5.343835               5.255869               5.170592            35              YES
62     114    176        -1365.378009              0.30803             0.263891               0.278153               6.509736                  11.682761                      18.192497                    0.045142                        0.082643                           0.127785                         0.581072                0.495146              5.197975             5.548209                5.42741               5.254281            36              YES
62     118    180        -1376.318887             0.240411             0.189825               0.205645                5.07098                   8.799558                      13.870538                    0.048218                         0.08544                           0.133658                         0.577178                0.561151              5.192996             5.580296               5.450001               5.248642            37              YES
62     122    184        -1387.834672             0.072614              0.05219               0.058375               1.526267                   2.525074                       4.051341                    0.052116                         0.08755                           0.139666                         0.549907                0.721447              5.183857             5.606735               5.467898               5.238885            38              YES
62     134    196        -1406.609683             0.169822             0.146532               0.152954               3.691175                    8.36426                      12.055434                    0.046396                        0.112081                           0.158477                         0.473132                0.611539              5.271503             5.810864               5.645824               5.323516            39              YES
64     90     154        -1265.863595             0.289261             0.252458               0.267309               5.942486                   7.666883                      13.609369                    0.041933                        0.055901                           0.097834                         0.518808                0.594459              5.044217             5.171762               5.119142               5.107138            40              YES
64     92     156        -1280.557829             0.315133             0.280971               0.294525               6.545448                   8.872534                      15.417982                    0.042049                        0.058344                           0.100393                         0.521338                0.538123              5.071983             5.216082               5.157452               5.134211            41              YES
64     94     158        -1294.441739             0.325499              0.29304               0.305706               6.813108                   9.584792                        16.3979                     0.04227                        0.060713                           0.102984                         0.517508                 0.51114               5.09158             5.251808               5.187502               5.153219            42              YES
64     98     162        -1319.867313             0.333056             0.301842                0.31363               7.061458                  10.545629                      17.607088                    0.042942                        0.065322                           0.108264                         0.505007                0.481285              5.124409             5.315919               5.241097               5.184958            43              YES
66     86     152          -1244.2221             0.183156             0.156291               0.167743               3.814132                   4.380646                       8.194778                    0.043676                        0.051635                           0.095311                         0.405033                0.817817              5.001041             5.082733               5.047424               5.065682            44              YES
66     90     156        -1277.250127             0.274094             0.240994               0.254669               5.864243                   7.324672                      13.188915                    0.043804                        0.056589                           0.100393                         0.514372                0.618233              5.069077             5.173857               5.129788               5.132175            45              YES
66     92     158        -1292.972791             0.300869             0.270494               0.282835               6.506609                   8.547482                      15.054092                    0.043961                        0.059022                           0.102984                         0.526287                0.562158              5.096379              5.21785               5.167456               5.158802            46              YES
66     94     160        -1308.013213             0.314126             0.285797                0.29712               6.848877                   9.358902                      16.207779                    0.044176                        0.061432                           0.105608                         0.527592                0.529944              5.117182             5.254901               5.198534               5.179015            47              YES
68     86     154        -1251.612188             0.173816              0.15055               0.160688               3.774053                   4.233183                       8.007236                    0.045507                        0.052329                           0.097835                         0.401702                0.810268              5.030948             5.090827               5.064474               5.095646            48              YES
68     90     158        -1286.680423             0.255952             0.227845               0.239718               5.694389                   6.931307                      12.625696                    0.045547                        0.057436                           0.102983                         0.509648                 0.62958              5.092542             5.176208               5.140367               5.155804            49              YES
68     96     164        -1334.975603             0.309274              0.28573               0.295208               7.067245                   9.689624                      16.756869                    0.046407                        0.064547                           0.110954                         0.532362                0.506938              5.161121             5.291572               5.237877               5.222572            50              YES
70     86     156         -1257.25266              0.15966             0.140893               0.149242               3.609037                   3.973874                       7.582911                    0.047238                        0.053156                           0.100394                         0.404599                0.792588              5.059337             5.098688               5.081068               5.124085            51              YES
70     94     164         -1328.93987             0.279551             0.260286               0.268338               6.581432                   8.532925                      15.114357                    0.047881                        0.063073                           0.110954                         0.548899                0.537869              5.163277              5.25781                5.21767               5.225468            52              YES
72     86     158        -1261.176089             0.142368             0.128211               0.134635               3.346772                   3.627546                       6.974318                    0.048972                        0.054012                           0.102983                         0.415859                0.766755              5.087286             5.106692               5.097858               5.152068            53              YES
72     88     160        -1280.914488              0.18497             0.170366               0.176894               4.394729                   5.007962                       9.402692                     0.04879                        0.056817                           0.105608                         0.466225                0.676143              5.114398             5.145679               5.131626               5.178529            54              YES
72     132    204        -1556.518435             0.118775             0.101517               0.107122               3.127682                   5.556787                       8.684469                    0.059529                        0.112148                           0.171678                         0.458491                0.599268              5.384284             5.733252               5.612565               5.438719            55              YES
74     86     160        -1263.380883             0.120075             0.110534               0.114946               2.932255                   3.136943                       6.069198                     0.05065                        0.054958                           0.105608                         0.438398                0.732748              5.114515             5.114484               5.114499               5.179318            56              YES
74     88     162        -1283.954171             0.161175             0.153179               0.156822               3.973749                    4.51323                       8.486979                    0.050301                        0.057964                           0.108264                         0.478154                0.646303              5.139024             5.151669               5.145897               5.203221            57              YES
74     94     168        -1341.971501             0.219214             0.215814               0.217294               5.532553                   7.071247                        12.6038                    0.050957                        0.065475                           0.116433                         0.578178                 0.53005              5.199452             5.256409               5.231397               5.262017            58              YES
76     88     164         -1285.28895             0.133049             0.131083               0.131995                3.40036                   3.870556                       7.270915                    0.051674                         0.05928                           0.110954                          0.50812                0.608567              5.162917             5.157236               5.159869               5.227167            59              YES
76     92     168        -1326.225938             0.171681             0.173462                0.17266               4.452554                    5.49387                       9.946425                    0.051978                        0.064454                           0.116432                         0.580595                0.526677              5.200939             5.223812               5.213477               5.264146            60              YES
76     94     170        -1345.797453             0.186035               0.1899               0.188186               4.857689                   6.223227                      11.080916                    0.052306                        0.066915                           0.119221                          0.60335                0.505389              5.218625              5.25686               5.239801                5.28133            61              YES
76     134    210        -1611.404215             0.115402             0.105533               0.108858               3.285798                   5.912884                       9.198682                    0.062974                         0.11895                           0.181924                         0.544708                0.471206              5.449433             5.757024                5.64764               5.503964            62              YES
78     90     168        -1306.625036             0.120754             0.127097               0.124146               3.217889                   3.893812                       7.111701                    0.052856                        0.063576                           0.116432                         0.588156                0.511216              5.203951             5.194502               5.198891               5.267745            63              YES
78     92     170        -1327.596159             0.136747              0.14514               0.141294               3.667902                   4.600836                       8.268738                    0.053104                        0.066117                           0.119221                          0.62054                0.481233              5.220921             5.226069               5.223708               5.284229            64              YES
78     94     172        -1347.955267             0.149361              0.15962               0.154987               4.030858                   5.231658                       9.262515                    0.053454                        0.068589                           0.122043                         0.645107                0.461776              5.236948             5.257227                5.24804               5.299783            65              YES
78     96     174        -1367.789022             0.161304             0.173734               0.168204                4.37955                   5.885126                      10.264676                    0.053816                        0.071082                           0.124897                         0.659954                0.451106              5.252781             5.288655               5.272604                5.31515            66              YES
84     136    220        -1694.886197             0.087752             0.090944               0.089786               2.872622                   5.232425                       8.105047                    0.079703                        0.119961                           0.199664                         0.617792                0.321669              5.557962              5.79083               5.703039               5.612929           188              YES
84     138    222        -1703.473844              0.10642             0.112563               0.110362               3.502334                   6.633318                      10.135651                    0.079077                        0.124236                           0.203312                         0.639645                0.297592              5.572792             5.817993               5.726449               5.627368            67              YES
86     132    218        -1687.096339             0.098749             0.092297               0.094741                3.31269                   5.078455                       8.391145                    0.077111                        0.118947                           0.196058                         0.457199                0.446695              5.560568             5.748177               5.674907                5.61638            68               NO
86     134    220        -1697.537441             0.122215             0.117787               0.119444               4.130066                   6.652598                      10.782663                    0.075562                        0.124131                           0.199693                          0.49024                0.393056              5.581001             5.780162               5.703136                5.63637           189               NO
86     136    222        -1707.664154             0.140198             0.138137                 0.1389               4.768503                   8.001504                      12.770006                    0.074583                        0.128742                           0.203326                         0.519573                 0.36495              5.599072             5.810401               5.729459               5.654025           190               NO
86     138    224        -1717.550051             0.156381             0.157097               0.156835               5.350714                   9.327022                      14.677736                    0.075249                         0.13174                           0.206989                         0.535346                0.353791              5.615774             5.839727               5.754776               5.670327           191               NO
86     140    226        -1727.231583             0.170974              0.17415               0.173002               5.888391                  10.599673                      16.488064                    0.087165                        0.123539                           0.210703                         0.542907                0.353365              5.634166             5.870365               5.781621               5.688306            69              YES
86     192    278        -1870.361979             0.085694             0.082878               0.083646               3.254903                   8.397901                      11.652804                    0.091589                        0.227231                           0.318819                         0.479532                 0.34196              5.916834             6.467844               6.302536               5.962527            70              YES
86     194    280        -1870.589682             0.102456             0.101302               0.101614               3.911898                  10.468442                       14.38034                      0.0943                        0.229122                           0.323421                         0.512084                0.305852              5.932267             6.497937               6.329577               5.977616            71              YES
86     196    282        -1870.706131             0.114784             0.114949               0.114905               4.404579                  12.107208                      16.511787                    0.096221                         0.23184                           0.328061                         0.544884                0.284075              5.947139             6.526595               6.355483                5.99215            72              YES
86     198    284        -1870.655573             0.125699             0.126932               0.126606               4.847263                  13.619781                      18.467044                    0.097265                        0.235466                           0.332731                         0.573969                0.268441               5.96181              6.55407               6.380529               6.006486            73              YES
86     200    286        -1870.565353             0.136621             0.138721               0.138171               5.294586                  15.163107                      20.457693                    0.097261                        0.240173                           0.337434                         0.595745                0.257867              5.976586             6.581932               6.405922               6.020928            74              YES
86     202    288        -1870.329564             0.146335             0.149106               0.148388               5.698621                  16.596852                      22.295474                    0.096713                        0.245454                           0.342167                         0.612115                  0.2526              5.991097             6.608987               6.430698               6.035109            75              YES
88     130    218        -1683.895706             0.092737              0.07961               0.084736               3.196193                   4.282357                        7.47855                    0.082774                        0.113308                           0.196081                         0.381681                0.582119              5.571763             5.727056               5.664881               5.628058            76               NO
88     132    220        -1695.953324             0.130144             0.116652               0.121862                4.52967                   6.454588                      10.984257                    0.081755                        0.117926                           0.199681                         0.409065                0.484823              5.599179             5.764306               5.698829               5.654967            77               NO
88     134    222        -1707.708814             0.153454             0.141455               0.146035                5.38182                     8.0353                       13.41712                    0.079879                        0.123454                           0.203333                         0.439759                0.432657              5.620548             5.796746                5.72755               5.675894            78               NO
88     136    224        -1719.174646             0.174045             0.164208                0.16792               6.147158                   9.570964                      15.718123                    0.078154                        0.128859                           0.207013                          0.45854                0.398604                5.6404             5.828483               5.755326               5.695321           192               NO
88     138    226         -1730.38118             0.190904              0.18332               0.186149               6.782359                  10.948813                      17.731172                    0.079209                        0.131413                           0.210622                         0.466664                0.383137              5.657004             5.857121               5.780023               5.711534           193               NO
88     140    228        -1741.257703              0.20395             0.198367               0.200426               7.290248                  12.138887                      19.429135                    0.089783                        0.124666                           0.214449                         0.471279                0.381151              5.674311             5.886211               5.805341               5.728446            79              YES
88     190    278        -1898.622867             0.083702             0.071878               0.075217               3.269365                   7.134757                      10.404122                    0.098433                        0.220388                           0.318821                         0.434693                0.438416              5.931525             6.435178               6.280119               5.977819            80              YES
88     192    280        -1899.720215             0.109707             0.097308               0.100774               4.312336                   9.858754                       14.17109                    0.104854                        0.218568                           0.323422                         0.460152                0.382982              5.950366             6.467408               6.309476               5.996294            81              YES
88     194    282        -1900.727678             0.127538             0.115399               0.118759               5.045313                  11.925151                      16.970463                    0.111566                        0.216494                           0.328059                         0.489506                0.347367              5.969367             6.497939               6.337728               6.014931            82              YES
88     196    284        -1901.657889             0.142525             0.130811               0.134023               5.671053                  13.778991                      19.450044                    0.115222                        0.217509                           0.332731                         0.516758                 0.32162              5.986725             6.526846               6.364387               6.031939            83              YES
88     198    286        -1902.472319             0.157447             0.146072               0.149161               6.300307                  15.676387                      21.976694                    0.116475                        0.220957                           0.337432                         0.535141                0.300652              6.003673             6.554686               6.390206               6.048542            84              YES
88     200    288        -1903.196342             0.170389             0.159515                0.16244               6.850458                  17.426612                      24.277069                    0.112318                        0.229851                           0.342169                         0.546241                 0.28688              6.017868             6.580154               6.413576               6.062414            85              YES
88     202    290        -1903.778105             0.180754             0.170377               0.173142               7.302176                  18.948369                      26.250545                    0.107955                        0.238981                           0.346936                         0.554005                0.281095              6.032347             6.606165               6.437449                6.07657            86              YES
88     204    292        -1904.160687             0.188859             0.178894               0.181524               7.665637                  20.251337                      27.916974                    0.105833                        0.245906                           0.351739                         0.562537                0.279601              6.046561             6.632217               6.461309               6.090464            87              YES
90     130    220        -1690.000239             0.118324              0.09889                0.10662               4.225194                   5.346864                       9.572058                     0.08776                        0.111907                           0.199667                         0.352386                0.609105              5.608042             5.741781               5.687449               5.664312           194               NO
90     132    222        -1703.398107             0.154664             0.133658               0.141923               5.577415                   7.429786                      13.007201                    0.087664                         0.11567                           0.203334                         0.384402                0.514009              5.635668             5.777625                 5.7205               5.691439           195               NO
90     134    224        -1716.572447             0.182151              0.16162               0.169608               6.623548                   9.227009                      15.850557                    0.086352                         0.12065                           0.207002                         0.406484                0.447256               5.65918             5.811332               5.750683               5.714495            88               NO
90     136    226        -1729.507743             0.204459             0.185691               0.192911               7.483347                  10.871265                      18.354612                    0.085615                        0.125105                            0.21072                         0.413063                0.398731              5.677645             5.841446               5.776772               5.732557            89               NO
90     138    228        -1742.025164             0.220312             0.203554               0.209928               8.116596                  12.217951                      20.334546                    0.088205                        0.126241                           0.214447                         0.417812                 0.37811              5.696289             5.871707               5.803097               5.750799            90              YES
90     190    280        -1925.797095             0.098892             0.081107               0.086247               3.990836                   8.052327                      12.043163                    0.106213                        0.217209                           0.323422                         0.425885                0.478395              5.961779             6.435756               6.287304               6.008303            91              YES
90     192    282        -1927.683708               0.1283             0.107788               0.113661               5.219785                  10.929165                      16.148949                    0.112812                        0.215246                           0.328059                         0.448064                0.422715               5.98601             6.469977               6.319547               6.032134            92              YES
90     194    284        -1929.507569             0.149407              0.12755               0.133752               6.122612                  13.192602                      19.315214                    0.117282                        0.215447                           0.332729                         0.471993                0.380094              6.007679             6.500845               6.348708               6.053425            93              YES
90     196    286        -1931.283825             0.169142             0.145882               0.152424               6.975801                  15.376789                      22.352589                    0.117749                        0.219686                           0.337435                         0.488928                0.343855              6.026923             6.529026               6.375287               6.072311            94              YES
90     198    288        -1933.074801             0.187162             0.162472               0.169353               7.754739                  17.423875                      25.178615                    0.112067                        0.230104                           0.342171                         0.493199                0.314939              6.040863             6.552324               6.396887               6.085935            95              YES
90     200    290        -1934.724551              0.20039             0.175608               0.182451               8.347142                  19.174292                      27.521433                    0.108735                        0.238204                           0.346939                         0.496598                0.297709              6.056963             6.578355               6.421076               6.101704            96              YES
92     128    220        -1680.437854              1.1e-05                1e-05                1.1e-05               0.000407                   0.000546                       0.000953                    0.086419                        0.113246                           0.199665                         0.350335                0.825917              5.601603             5.709816               5.664815               5.658483            97              YES
92     130    222        -1694.732001             0.136758             0.111768               0.121886               5.050307                   6.066977                      11.117284                    0.092327                        0.110996                           0.203323                         0.342592                0.630625              5.640701              5.75308               5.706777               5.696968            98               NO
92     132    224        -1709.413686             0.175328             0.147419               0.158601               6.539327                   8.224467                      14.763793                    0.092911                        0.114101                           0.207012                         0.379122                0.526699               5.66881             5.788088               5.739399               5.724581            99               NO
92     134    226         -1723.98019              0.20523             0.177189               0.188302               7.717602                  10.149489                      17.867092                    0.090326                        0.120372                           0.210697                         0.397446                0.445305              5.692089             5.820976               5.768856               5.747415           100               NO
92     188    280        -1949.308069              3.5e-05               -3e-06                  8e-06               0.001444                  -0.000295                       0.001149                    0.101837                        0.221587                           0.323424                         0.448012                0.604653               5.96367             6.396922               6.257878               6.010833           101              YES
92     190    282        -1951.574656             0.110963             0.088578               0.095195               4.626646                   8.801529                      13.428176                    0.108734                        0.219325                           0.328059                         0.419278                0.511359              5.993693             6.438484               6.296829               6.040412           102              YES
92     192    284        -1954.221129             0.144431             0.116892               0.124962               6.073707                  11.857733                      17.931439                    0.109812                        0.222919                           0.332731                         0.439251                0.451506              6.019314             6.471477                6.32854               6.065629           103              YES
92     194    286        -1956.893574             0.169785             0.138484               0.147579               7.189293                  14.317887                       21.50718                     0.10883                        0.228601                           0.337431                         0.459231                0.398798              6.040099              6.49955               6.355379               6.086048           104              YES
92     196    288        -1959.629699             0.192501             0.157902               0.167868                  8.195                  16.614179                      24.809179                    0.108329                        0.233839                           0.342168                         0.469631                0.350429               6.05633             6.523226               6.377795                6.10195           105              YES
92     198    290        -1962.335685             0.209412             0.173929                0.18406                8.96989                  18.642769                      27.612659                    0.109067                        0.237869                           0.346936                         0.470673                0.319554              6.074966             6.550609               6.403543                6.12024           106              YES
94     128    222        -1682.575342                5e-06              1.3e-05                  1e-05               0.000195                   0.000709                       0.000904                    0.089536                        0.113775                           0.203311                         0.357094                0.855868              5.628725             5.719556               5.681274               5.685635           107              YES
94     130    224        -1698.067059             0.151211             0.121463               0.133714               5.765519                   6.613834                      12.379353                     0.09359                        0.113416                           0.207006                         0.347317                0.642015              5.670328             5.762071                5.72375               5.726609           108               NO
94     132    226        -1713.970437             0.192881             0.159596               0.173165               7.429391                   8.932031                      16.361422                    0.091446                        0.119267                           0.210713                         0.397166                0.525022              5.699189             5.797244               5.756663               5.754973           109               NO
94     134    228        -1729.675971             0.222133             0.189569               0.202701                8.63346                  10.903122                      19.536582                    0.088671                        0.125778                           0.214449                         0.416657                0.445291              5.724884             5.832893               5.788607               5.780207           110              YES
94     188    282        -1973.086111             0.001203             0.000877               0.000976                 0.0511                    0.08505                       0.136149                    0.107725                        0.220334                           0.328058                         0.453316                0.624372              5.986042             6.395451               6.261956               6.033449           111              YES
94     190    284        -1976.017741             0.119872             0.093974               0.101796               5.156166                   9.341259                      14.497424                    0.106509                        0.226217                           0.332726                         0.417765                0.535931               6.02261             6.439716               6.304716               6.069527           112              YES
94     192    286        -1979.447277             0.158091             0.123936               0.134167               6.851298                  12.558421                      19.409719                    0.102981                         0.23445                           0.337431                         0.438784                0.466679              6.045247             6.467908               6.332105               6.091787           113              YES
94     194    288        -1982.949079             0.185444             0.146386               0.157989               8.087045                  15.105152                      23.192197                      0.1059                        0.236268                           0.342168                         0.460603                 0.40301              6.064147             6.493179               6.356332               6.110341           114              YES
94     196    290           -1986.505             0.206277             0.165424               0.177456               9.055916                  17.395752                      26.451668                    0.109955                        0.236987                           0.346942                         0.470835                0.355959              6.084456             6.521386               6.383037               6.130295           115              YES
94     242    336        -1999.588772             0.159292             0.117044               0.127116               7.522708                  17.658842                       25.18155                    0.128526                        0.337201                           0.465727                         0.573515                0.394949              6.310616             7.029811               6.836234               6.350353           116              YES
96     128    224        -1683.414622               -2e-06              1.6e-05                  9e-06                 -7e-05                   0.000872                       0.000802                    0.092526                        0.114465                           0.206991                         0.363457                0.872288              5.655681             5.729469               5.697963               5.712611           117              YES
96     130    226        -1699.985872             0.161955             0.129322               0.142982               6.375809                   7.070885                      13.446693                    0.085102                        0.125602                           0.210704                         0.361398                0.648893              5.701379              5.77396               5.743241               5.757648           118              YES
96     188    284        -1995.552372             0.001228             0.000896               0.000999               0.053675                   0.086916                       0.140591                    0.113055                        0.219676                            0.33273                         0.458477                0.639376              6.007822             6.394118               6.266204               6.055457           119              YES
96     190    286        -1999.134157             0.125715             0.097088               0.105914               5.565704                      9.643                      15.208704                    0.104301                        0.233131                           0.337432                         0.418789                0.550723              6.046106             6.437131               6.308581               6.093244           120              YES
96     192    288        -2003.299133             0.167287             0.128568               0.140411                7.45826                  13.007454                      20.465714                    0.105472                        0.236696                           0.342168                         0.448192                0.471728              6.067326             6.462854               6.333756               6.114102           121              YES
96     194    290        -2007.557108             0.195442             0.152282               0.165375               8.777739                  15.706121                       24.48386                     0.11041                        0.236527                           0.346937                          0.47325                0.406272              6.089647             6.491628               6.361372               6.136056           122              YES
98     128    226        -1682.937436               -1e-05              1.9e-05                  7e-06              -0.000388                    0.00103                       0.000642                    0.095415                        0.115288                           0.210703                         0.370146                0.873848              5.682535             5.739547               5.714895               5.739475           123              YES
98     186    284        -2013.422768                3e-05                1e-06                1.1e-05               0.001343                   0.000133                       0.001477                    0.115955                        0.216775                            0.33273                         0.361981                0.652889              6.018812             6.371681               6.252167               6.066939           124              YES
98     188    286        -2016.707557             0.001312             0.000967               0.001076               0.058983                   0.093702                       0.152685                     0.11774                        0.219695                           0.337435                         0.466674                0.646405                6.0294             6.393007               6.270789               6.077248           125              YES
98     190    288        -2020.904737             0.127629             0.097567                0.10702               5.805412                   9.675617                      15.481029                    0.107124                        0.235046                           0.342169                         0.423409                0.556347              6.065595             6.432142               6.309805               6.112966           126              YES
98     192    290         -2025.71679             0.170484             0.130597               0.143042               7.817726                  13.205005                      21.022732                    0.111435                        0.235502                           0.346937                         0.458677                0.477544              6.090187             6.460961               6.338092               6.137175           127              YES
98     262    360         -2064.58077             0.039469             0.034485               0.035628               2.016817                   5.924643                        7.94146                    0.150917                        0.383722                           0.534639                         0.355909                0.459466              6.428946             7.209551               7.005674               6.467067           128              YES
100    128    228        -1681.193425             -1.9e-05              2.2e-05                  4e-06              -0.000769                   0.001188                       0.000419                    0.098174                        0.116274                           0.214449                         0.374627                0.868882              5.709328             5.749711               5.732034               5.766265           129              YES
100    186    286        -2032.703323                8e-06                7e-06                  7e-06               0.000363                   0.000625                       0.000988                    0.119931                        0.217502                           0.337433                         0.365409                0.655451              6.040188             6.371169               6.257432               6.088508           130              YES
100    188    288        -2036.559975             0.001272             0.000951               0.001055               0.058734                   0.092199                       0.150933                    0.121633                        0.220534                           0.342167                          0.47177                 0.64875              6.050975             6.392186               6.275813               6.099019           131              YES
100    190    290        -2041.324652             0.125022             0.095662                0.10507               5.841177                   9.478082                      15.319258                    0.112037                        0.234899                           0.346935                         0.431398                0.558184              6.085569             6.429241               6.312847               6.133153           132              YES
100    262    362         -2101.39382             0.042863             0.033515                0.03571                2.24985                   5.733641                       7.983491                    0.155939                        0.384656                           0.540595                         0.365324                 0.47976              6.450311             7.194318               6.996704               6.488785           133              YES
100    264    364        -2098.842502             0.072725             0.062317               0.064737               3.832021                  10.842394                      14.674416                    0.155432                        0.391154                           0.546586                         0.376568                0.447417              6.462734              7.22772               7.025862               6.500955           134              YES
102    128    230        -1678.139427             -2.8e-05              2.5e-05                  1e-06              -0.001182                   0.001323                       0.000141                    0.100849                         0.11738                           0.218229                         0.381031                0.850221              5.736154             5.760015               5.749445               5.793079           135              YES
102    186    288        -2050.700568             -1.8e-05              1.2e-05                  2e-06               -0.00086                   0.001139                       0.000278                    0.123196                        0.218972                           0.342168                         0.369192                0.649556              6.061689              6.37104               6.263226               6.110185           136              YES
102    188    290        -2055.134397               -2e-05              1.8e-05                  5e-06              -0.000958                   0.001721                       0.000763                    0.124784                        0.222152                           0.346936                         0.477028                0.643015              6.072698             6.391776               6.281396               6.120921           137              YES
102    190    292        -2060.422146             0.119086             0.091769               0.100683                5.71173                   9.086909                      14.798639                    0.116875                        0.234862                           0.351737                         0.440658                0.556132              6.105174             6.427306               6.316648               6.152958           138              YES
102    262    364         -2137.07749             -0.00271            -0.001773              -0.001998              -0.145948                  -0.301789                      -0.447738                    0.157108                        0.389474                           0.546582                         0.405051                0.504158              6.469579             7.176294               6.985473               6.508397           139              YES
104    186    290        -2067.428417             -4.4e-05              1.7e-05                 -3e-06              -0.002125                   0.001629                      -0.000496                    0.125806                        0.221134                           0.346939                         0.373324                0.634054              6.083353             6.371359               6.269596                6.13201           140              YES
104    188    292        -2072.446024             -4.7e-05              2.3e-05                   -0.0              -0.002281                   0.002277                         -5e-06                    0.127286                        0.224452                           0.351738                         0.482348                0.627916              6.094606             6.391846               6.287591               6.142992           141              YES
104    190    294        -2078.192111             0.110929             0.086322               0.094494               5.458517                   8.543166                      14.001683                    0.121106                        0.235465                           0.356571                         0.451498                 0.54917              6.124109             6.425652               6.320628               6.172083           142              YES
104    262    366        -2171.823607            -0.000312             -0.00015               -0.00019              -0.017223                   -0.02549                      -0.042713                    0.159632                        0.392972                           0.552604                         0.414373                0.499978              6.490451             7.164296               6.979441               6.529584           143              YES
106    188    294        -2088.503424            -0.000792             -0.00051              -0.000606              -0.039614                  -0.049396                       -0.08901                    0.129195                        0.227378                           0.356573                         0.487701                0.602403              6.116714             6.392434               6.294417               6.165248           144              YES
106    190    296        -2094.675748             0.100714             0.079235                0.08649                5.08147                   7.837795                      12.919265                    0.125014                        0.236426                           0.361441                         0.468505                0.537359              6.142458             6.424016               6.324629               6.190613           145              YES
108    190    298         -2109.81565             0.087337             0.069739               0.075782               4.516341                   6.894993                      11.411333                    0.128609                        0.237732                           0.366341                         0.489502                0.518029              6.160661             6.422412                 6.3288               6.208985           146              YES
108    192    300        -2116.948094             0.126128             0.103673                0.11132               6.568766                  10.454362                      17.023128                    0.130332                        0.240945                           0.371277                         0.492204                0.476129              6.182582             6.452242               6.356482               6.230563           147              YES
110    166    276        -1997.930497             0.224973             0.204182               0.212256              11.647575                  16.650507                      28.298082                    0.128461                        0.185788                            0.31425                         0.366448                0.280674              6.108026             6.240167                6.18784               6.159121           148              YES
110    190    300        -2123.790173             0.068469             0.055788               0.060214               3.627617                   5.513153                        9.14077                    0.132164                        0.239112                           0.371276                         0.521841                0.492677              6.178915             6.420946               6.333275               6.227396           149              YES
110    192    302        -2131.201733             0.113165             0.094882               0.101209               6.035947                   9.563324                      15.599271                    0.133585                        0.242659                           0.376244                         0.505265                0.454172              6.199621             6.450715               6.360405               6.247772           150              YES
110    194    304        -2138.834494             0.354778             0.330448               0.338811               19.78949                  35.188467                      54.977957                    0.137503                        0.243738                           0.381241                         0.548832                0.338202              6.339976             6.596187               6.504644               6.386903           151              YES
110    196    306        -2146.579725             0.348937             0.323614               0.332249              19.509195                  34.968568                      54.477763                    0.138506                        0.247773                           0.386279                         0.558524                0.335021              6.347381             6.610616               6.517213               6.394089           152              YES
110    230    340        -2241.961303             0.222737             0.193069               0.201893              12.896109                  26.404322                      39.300431                    0.151571                        0.325312                           0.476883                         0.434152                0.226966              6.459251             6.865336               6.736635               6.502397           153              YES
112    192    304        -2144.222676             0.097833             0.084174               0.088975               5.342873                   8.480484                      13.823357                    0.136368                        0.244874                           0.381242                         0.527029                0.422963              6.216987             6.449349               6.364729               6.265293           154              YES
112    194    306         -2152.31816             0.125945             0.109567               0.115276               6.917551                  11.248009                       18.16556                    0.137808                        0.248468                           0.386276                         0.527767                 0.39691              6.234796             6.476512               6.389102                 6.2828           155              YES
114    160    274        -1957.666823             0.223597             0.215513               0.218824              12.035089                  16.723355                      28.758444                    0.129581                        0.180129                           0.309709                         0.378562                0.343596              6.117643             6.200257               6.166019               6.169652           156              YES
114    164    278        -1989.180602             0.212591             0.201057               0.205697              11.511928                  16.171944                      27.683871                    0.132124                        0.186692                           0.318817                         0.339816                0.310131              6.136125             6.235122               6.194717               6.187649           157              YES
114    166    280        -2003.731449             0.204658             0.190972                0.19643              11.108181                  15.627149                       26.73533                    0.133655                         0.18977                           0.323425                         0.347111                0.302981              6.143276              6.25095               6.207337               6.194577           158              YES
114    192    306        -2155.872464             0.080453             0.071553                0.07473               4.498049                   7.207306                      11.705355                    0.139362                        0.246913                           0.386276                         0.552187                0.381829              6.234963             6.448619               6.369859               6.283409           159              YES
114    194    308        -2164.365994             0.108312             0.097639               0.101417               6.088299                  10.018508                      16.106807                    0.140646                        0.250693                           0.391339                         0.545333                0.361598              6.251751             6.474909                6.39322               6.299906           160              YES
116    168    284         -2019.38846             0.174239              0.16486               0.168614               9.672729                  13.715174                      23.387902                    0.137312                        0.195418                            0.33273                          0.37229                0.298022              6.159106             6.265169               6.222066               6.210349           161              YES
116    192    308          -2166.1072              0.06559             0.058924               0.061338               3.751116                   5.936298                       9.687415                    0.142893                        0.248448                            0.39134                         0.580396                0.336857              6.251398             6.449211               6.375431               6.299985           162              YES
116    194    310         -2174.99045             0.090992             0.084549               0.086863               5.231421                   8.673005                      13.904426                    0.143425                        0.253021                           0.396446                         0.574213                0.323617               6.26793             6.474026               6.397683               6.316231           163              YES
116    196    312        -2183.833784              0.10874              0.10319               0.105167               6.283659                  10.774842                      17.058501                    0.145205                        0.256367                           0.401573                          0.57247                 0.31061              6.283878             6.498364               6.419456                 6.3319           164              YES
116    220    336        -2276.156694             0.201945             0.193427               0.196185              12.278594                  24.554521                      36.833115                    0.155687                        0.310042                            0.46573                         0.490243                 0.31226              6.445748              6.76303               6.655202               6.490723           165              YES
116    222    338        -2282.272953             0.199293             0.189988               0.192979              12.155651                  24.466572                      36.622222                    0.156382                        0.314913                           0.471294                         0.486482                0.292762              6.455928             6.780964               6.671198               6.500678           166              YES
116    224    340        -2288.125891             0.196125             0.185905               0.189165              12.000307                  24.283925                      36.284232                    0.157121                        0.319765                           0.476886                         0.482127                0.274196              6.466147             6.798848               6.687199               6.510673           167              YES
118    194    312        -2183.887645            -0.080386            -0.069689              -0.073584              -4.736273                  -7.171577                     -11.907849                    0.160968                        0.240608                           0.401575                          0.60443                 0.27172              6.291169             6.484393                  6.412               6.339553           168              YES
118    196    314        -2193.141488             0.094281             0.089873               0.091465               5.565582                   9.383261                      14.948843                    0.148592                        0.258144                           0.406736                         0.601606                0.268375              6.297191             6.498007               6.423277               6.345374           169              YES
118    198    316        -2202.356253             0.108152             0.105227               0.106275               6.414449                  11.177101                       17.59155                    0.150366                        0.261571                           0.411937                         0.602208                0.266377              6.311997             6.520987               6.443739               6.359913           170              YES
118    200    318        -2211.448722             0.120707             0.119131               0.119692               7.192362                  12.872763                      20.065125                    0.151261                        0.265908                           0.417168                         0.600184                0.270914              6.326643              6.54414               6.464288               6.374295           171              YES
118    202    320        -2220.327352             0.133038             0.132777               0.132869               7.963894                  14.594793                      22.558688                    0.151795                        0.270635                            0.42243                         0.592401                0.282224              6.341297             6.567613               6.485078               6.388685           172              YES
118    220    338         -2291.18132             0.197549             0.191941               0.193784              12.278295                  24.373406                      36.651701                    0.159329                        0.311964                           0.471293                         0.487293                0.343353              6.461537             6.764065                6.66001               6.506689           173              YES
118    222    340          -2297.8118             0.192722             0.187375               0.189119              12.011084                  24.129521                      36.140605                    0.159815                        0.317069                           0.476885                         0.487246                0.322792              6.470383             6.780893               6.674765               6.515323           174              YES
118    270    388        -2381.780424             0.073024             0.064297                0.06668               4.836517                  11.333053                       16.16957                    0.176822                        0.444214                           0.621036                          0.60968                 0.20829              6.670191             7.193533               7.038491               6.710276           175              YES
118    272    390        -2381.968846             0.088154             0.081624               0.083395               5.863324                  14.589256                      20.452581                     0.17877                         0.44869                            0.62746                         0.611557                0.203777               6.68429             7.217193               7.060201               6.724144           176              YES
118    274    392        -2382.175481             0.100145             0.095352               0.096643               6.688258                  17.276773                      23.965031                    0.179314                        0.454601                           0.633915                         0.616856                  0.2056              6.697996              7.23994               7.081169               6.737622           177              YES
120    194    314        -2191.182192            -0.072121            -0.062493              -0.066044              -4.340794                  -6.437808                     -10.778602                    0.162288                        0.244452                            0.40674                         0.612949                0.245909              6.305333             6.487787               6.418671               6.353859           196              YES
120    196    316        -2200.842391            -0.084496            -0.074478              -0.078143              -5.092139                  -7.779541                      -12.87168                    0.146364                        0.265591                           0.411955                         0.642173                0.239024              6.309363             6.499505               6.427961               6.357706           197               NO
120    198    318         -2210.37917            -0.093758            -0.083456              -0.087196               -5.67478                  -8.863718                     -14.538498                     0.14555                        0.271655                           0.417205                           0.6643                0.231352              6.323033             6.520657               6.446793               6.371121           178               NO
120    200    320        -2219.857337             0.104468             0.102805               0.103404               6.351705                  11.104296                      17.456001                    0.157069                        0.265359                           0.422428                         0.634476                0.248725              6.337364             6.542886               6.466581               6.385193           198              YES
120    202    322        -2229.281954             0.119248               0.1195                0.11941               7.284719                  13.131622                      20.416341                    0.157053                        0.270673                           0.427726                         0.620599                0.274665              6.352362             6.566651               6.487619               6.399927           179              YES
120    218    338        -2297.471355             0.202794             0.196699               0.198747              12.862862                  24.651762                      37.514624                    0.163247                        0.308043                            0.47129                         0.477163                0.386073              6.472858             6.750558               6.653293               6.518357           180              YES
120    220    340         -2304.85072             0.198328             0.193108               0.194849              12.613972                  24.545905                      37.159877                     0.16364                        0.313245                           0.476886                         0.478187                0.371007              6.481684              6.76741               6.667964               6.526973           181              YES
120    222    342        -2311.931674             0.191602             0.187595               0.188921              12.216629                  24.175095                      36.391724                    0.163918                        0.318591                           0.482509                         0.480185                0.351659              6.489777             6.783323               6.681793               6.534862           182              YES
120    270    390        -2407.338594             0.050091             0.041531               0.043908                3.38334                   7.298222                      10.681562                    0.183237                         0.44422                           0.627456                         0.651112                0.201904              6.679536             7.182662                7.03169               6.719894           183              YES
120    272    392        -2407.704743             0.070838             0.063335               0.065404               4.804813                  11.283544                      16.088357                    0.186014                        0.447897                           0.633912                         0.656381                0.191419              6.693579             7.205458               7.052707               6.733709           184              YES
120    274    394        -2408.155104             0.087367               0.0823               0.083687               5.950728                  14.868417                      20.819145                    0.186675                        0.453724                           0.640399                         0.651408                0.194169              6.707582             7.229394               7.074544               6.747485           185              YES
120    276    396           -2408.679             0.103498             0.100738               0.101489               7.080313                  18.458002                      25.538315                    0.186691                        0.460221                           0.646912                         0.639548                0.214615              6.722253             7.254128               7.097164               6.761927           186              YES
