Z      N      A       Binding_Energy_(MeV)    Quad_Def_Beta2_P     Quad_Def_Beta2_N     Quad_Def_Beta2_total   Quad_Moment_Q2_P_(fm^2)    Quad_Moment_Q2_N_(fm^2)    Quad_Moment_Q2_total_(fm^2)     Octupole_Moment_Q3_P_(fm^3)     Octupole_Moment_Q3_N_(fm^3)     Octupole_Moment_Q3_total_(fm^3)      Pairing_gap_P_(MeV)     Pairing_gap_N_(MeV)   RMS_radius_P_(fm)    RMS_radius_N_(fm)    RMS_radius_total_(fm)    Charge_Radius_(fm)     File_ID        Converged            
56     52     108         -840.305589               0.0845             0.082661               0.083643               1.256437                   1.071276                       2.327713                    0.002655                        0.002157                           0.004812                         0.342707                0.827739              4.587691             4.444706               4.519411               4.662736             1              YES
56     54     110         -868.913991             0.170885             0.164387               0.167777               2.574641                   2.270827                       4.845468                     0.00267                        0.002322                           0.004992                         0.417127                0.759058              4.618038              4.50305               4.561951               4.692155             2              YES
56     56     112         -896.124941             0.198014              0.19429               0.196188               3.009717                   2.841447                       5.851165                    0.002688                        0.002487                           0.005175                         0.493842                0.723649               4.63837             4.549832               4.594314               4.711728             3              YES
56     58     114         -921.758626             0.227664              0.22771               0.227687               3.492286                   3.524071                       7.016357                    0.002699                        0.002662                           0.005361                         0.550493                0.688064              4.659713             4.598986               4.628916               4.732301             4              YES
56     60     116          -946.65092             0.278886             0.287353               0.283238               4.337232                    4.72614                       9.063372                    0.002701                         0.00285                           0.005551                         0.542379                0.670585              4.691844             4.661381               4.676112               4.763508             5              YES
56     62     118         -970.555981             0.301168             0.309741               0.305667                4.72893                   5.369472                      10.098401                    0.002733                        0.003011                           0.005744                         0.537949                0.673556              4.714415              4.70777               4.710925               4.785308             6              YES
56     64     120         -993.078028             0.295983             0.302674               0.299562               4.665804                   5.488275                      10.154079                    0.002775                        0.003166                            0.00594                         0.565454                0.665325              4.723684             4.738985               4.731851               4.794007             7              YES
56     66     122        -1014.589486             0.278462             0.282041               0.280412               4.396446                   5.327405                       9.723851                    0.002822                         0.00332                           0.006142                         0.595295                0.649009              4.727358             4.762935               4.746638               4.797196             8              YES
56     68     124        -1035.247597             0.260711             0.260422               0.260551               4.124101                   5.119173                       9.243274                    0.002871                        0.003472                           0.006343                         0.603404                0.641211              4.731906             4.786873               4.762128               4.801245             9              YES
56     70     126        -1054.949033              0.24421             0.239722               0.241682               3.872924                   4.901719                       8.774643                    0.002927                        0.003622                           0.006549                         0.600788                0.635407              4.737931             4.811897               4.779165               4.806752            10              YES
56     72     128        -1073.593941             0.224199             0.214669               0.218749               3.564775                   4.560151                       8.124926                    0.002997                        0.003762                           0.006759                         0.602171                0.637583              4.744061             4.835972               4.795978               4.812364            11              YES
56     74     130        -1091.449115             0.195977             0.179714               0.186541               3.122769                   3.957903                       7.080673                    0.003085                        0.003888                           0.006972                         0.607916                0.657272              4.749183             4.857024               4.810866               4.816983            12              YES
56     76     132        -1108.933516             0.159756             0.138419               0.147205               2.550321                   3.156882                       5.707203                     0.00319                        0.003997                           0.007188                         0.590389                0.701118              4.753573             4.877185                4.82513                4.82088            13              YES
56     78     134        -1125.958251             0.115727             0.096063               0.104002               1.849994                   2.268214                       4.118209                     0.00333                        0.004078                           0.007407                         0.532548                0.760865              4.756845             4.898474                4.83979               4.823677            14              YES
56     80     136        -1142.287532            -0.001647            -0.001313              -0.001445              -0.026329                   -0.03206                      -0.058389                    0.003174                        0.004456                            0.00763                         0.465144                0.852105              4.756655             4.918355               4.852425                4.82306            15              YES
56     82     138        -1157.800179            -0.000564            -0.000404              -0.000466              -0.009054                  -0.010227                      -0.019281                    0.003206                         0.00465                           0.007856                         0.425284                0.845962              4.768648             4.949041               4.876643                4.83446            16              YES
56     84     138        -1168.989394            -0.000564            -0.000404              -0.000466              -0.009054                  -0.010227                      -0.019281                    0.003206                         0.00465                           0.007856                         0.425284                0.845962              4.768648             4.949041               4.876643                4.83446            17              ***
56     86     142        -1179.714588             0.137405             0.120145               0.126584               2.248011                   3.303235                       5.551246                    0.003307                        0.005011                           0.008318                         0.417659                 0.67782              4.812256             5.033986                4.94773               4.876629            18              YES
56     88     144        -1189.700569             0.170417             0.155073               0.160691                 2.8189                   4.441346                       7.260246                    0.003256                        0.005297                           0.008554                         0.486604                0.610899              4.838761             5.079168               4.987054               4.902363            19              YES
56     90     146        -1198.936897             0.190664              0.17613               0.181354               3.184582                   5.243859                       8.428441                    0.003309                        0.005485                           0.008794                         0.544267                0.570158              4.862306             5.120734               5.023183               4.925183            20              YES
56     92     148        -1207.568478             0.211493             0.197513               0.202446                3.56765                   6.109462                       9.677112                    0.003352                        0.005684                           0.009036                           0.5931                0.534145              4.886459              5.16244               5.059785                4.94861            21              YES
56     94     150         -1215.86763             0.239262              0.22709               0.231309               4.081731                   7.302429                      11.384159                    0.003368                        0.005914                           0.009282                         0.610345                0.503542              4.914013             5.207338               5.099804               4.975403            22              YES
56     96     152        -1223.894965             0.257868             0.246868               0.250613               4.442259                     8.2378                      12.680059                    0.003388                        0.006143                           0.009532                         0.610698                0.488278              4.938038             5.249073               5.136673               4.998719            23              YES
56     98     154          -1231.4006             0.265087             0.254619                0.25812               4.600988                   8.795252                       13.39624                    0.003417                        0.006367                           0.009784                         0.614549                0.482559              4.956581             5.285797               5.168509               5.016624            24              YES
56     100    156        -1238.288517             0.268453             0.257562                0.26114               4.691409                    9.19846                      13.889868                    0.003448                         0.00659                           0.010038                         0.622319                0.479216              4.973571             5.320611               5.198699                  5.033            25              YES
56     102    158        -1244.534196             0.267798             0.254911               0.259072               4.708477                   9.400449                      14.108927                     0.00349                        0.006811                             0.0103                         0.633975                0.476516              4.988698             5.353342               5.227012               5.047538            26              YES
56     104    160        -1250.261404             0.262498             0.246133               0.251325               4.638664                   9.360458                      13.999121                    0.003538                        0.007023                           0.010561                         0.651956                 0.47135              5.001315             5.383838               5.253124               5.059598            27              YES
56     106    162        -1255.593656             0.253772             0.233188               0.239605               4.503741                   9.136171                      13.639913                    0.003595                        0.007232                           0.010826                         0.666084                 0.46683              5.012053             5.412788               5.277705               5.069805            28              YES
56     108    164        -1260.575698             0.243667             0.218819               0.226433               4.342219                   8.827092                      13.169311                    0.003655                         0.00744                           0.011095                         0.674566                0.464144              5.022368             5.441254               5.301942               5.079594            29              YES
56     110    166        -1265.248841             0.232868             0.203351                0.21224               4.167168                   8.444087                      12.611255                    0.003728                         0.00764                           0.011368                         0.681112                0.464043              5.032877             5.470187               5.326675               5.089578            30              YES
56     112    168        -1269.548427             0.220085             0.185575               0.195792               3.954115                   7.926708                      11.880823                    0.003814                        0.007829                           0.011643                          0.67918                 0.46712              5.042899             5.498233               5.350762               5.099082            31              YES
56     114    170        -1273.566571             0.203792             0.163911                0.17552               3.674785                   7.197414                      10.872199                    0.003919                        0.008002                           0.011922                          0.67534                0.475616              5.052118              5.52557               5.374218               5.107793            32              YES
56     116    172        -1277.375555             0.183778             0.139229               0.151984               3.325785                   6.280753                       9.606538                     0.00404                        0.008164                           0.012203                         0.663654                0.490944              5.061181             5.552097               5.397169               5.116352            33              YES
56     118    174        -1281.053584             0.159832             0.112981               0.126183               2.903689                   5.231435                       8.135124                    0.004185                        0.008305                            0.01249                         0.638801                0.516383              5.071008             5.577141               5.419408               5.125669            34              YES
56     120    176        -1284.591953             0.133931             0.088754               0.101295               2.443932                   4.214581                       6.658513                    0.004382                        0.008396                           0.012779                         0.595373                0.552805              5.082239             5.600651               5.441062               5.136377            35              YES
56     122    178        -1287.772045             0.103984             0.065489               0.076024               1.906289                   3.186186                       5.092475                    0.004669                        0.008402                           0.013071                         0.536871                0.595529              5.094026             5.622343               5.461643               5.147637            36              YES
56     124    180        -1290.533457             -0.00032            -0.000187              -0.000223              -0.005893                  -0.009299                      -0.015193                    0.003426                        0.009941                           0.013366                         0.489724                0.681181              5.103601             5.639863               5.478654               5.156711            37              YES
56     126    182        -1292.735846             -0.00172            -0.001009              -0.001198              -0.031827                  -0.051509                      -0.083336                    0.003398                        0.010267                           0.013665                          0.46793                0.671671              5.117607             5.668293               5.504722               5.170172            38              YES
56     128    184        -1293.164414             0.078248             0.057256               0.062735               1.455493                   3.015384                       4.470878                    0.004447                         0.00952                           0.013967                         0.406827                0.612518              5.131217             5.710872               5.540878               5.183244            39              YES
56     130    186        -1293.596382             0.119742             0.099759               0.104868               2.239304                    5.43086                       7.670164                    0.003918                        0.010354                           0.014272                         0.430408                0.543885              5.144988             5.761455               5.583018               5.196478            40              YES
56     132    188        -1293.665282             0.135533             0.120153               0.124009               2.546767                   6.747315                       9.294082                    0.003763                        0.010819                           0.014581                         0.445511                0.510367              5.157304             5.807048               5.621366               5.208274            41              YES
56     134    190        -1293.390915             0.145236             0.133054                0.13605               2.741585                   7.700738                      10.442323                    0.003706                        0.011188                           0.014895                         0.467345                0.488683              5.169089              5.85119               5.658701               5.219547            42              YES
56     136    192        -1292.758688             0.150924             0.140352               0.142904               2.861304                   8.365314                      11.226618                    0.003712                        0.011495                           0.015207                         0.487964                0.471781              5.180287             5.893955               5.695048               5.230241            43              YES
56     138    194        -1291.791787             0.152816             0.142234                0.14474                2.90852                   8.724272                      11.632792                    0.003726                          0.0118                           0.015526                         0.506971                0.464236              5.190422             5.935643               5.730486               5.239883            44              YES
