 Nrows 
   537 
    Z     N          Q20                 Q30           beta2       beta3
     2     2       4.01005e-05       6.60047e-05    0.000365        0.01 
    22    44      0.9531291325      0.0179697899    0.081125        0.01 
    24    24      1.4719067482      0.0095046823    0.213004        0.01 
    24    28      0.5996608454      0.0111548007    0.075941        0.01 
    26    46       2.094440251      0.0213855351    0.154202        0.01 
    30    44      2.3661748827      0.0225901216    0.166432        0.01 
    30    46      2.1311936188      0.0238277104    0.143387        0.01 
    32    44      2.9578714758      0.0238277104    0.199006        0.01 
    32    46      2.6124032444      0.0250983016    0.168316        0.01 
    34    44      3.2648832225      0.0250983016    0.210355        0.01 
    34    52      2.0746060492      0.0305106901    0.113592        0.01 
    34    62     -5.0941462846      0.0380187291     -0.2322        0.01 
    34    64     -5.2907342729       0.039619344   -0.233014        0.01 
    36    32     -1.9450959635      0.0190753693    -0.15752        0.01 
    36    44      4.5779303144      0.0264018952    0.282767        0.01 
    36    52       1.578623282      0.0319462932    0.083186        0.01 
    36    68      8.3242091854      0.0446192029    0.332045        0.01 
    38    34      5.5087410547      0.0213855351    0.405578        0.01 
    38    42     -3.1196213498      0.0264018952   -0.192691        0.01 
    38    44      5.5037001434      0.0277384911    0.326243        0.01 
    40    36      6.0816462983      0.0238277104    0.409174        0.01 
    40    42      6.4720347536      0.0277384911    0.383643        0.01 
    40    44      5.4382691219      0.0291080895    0.309674        0.01 
    40    58      0.0051768881       0.039619344    0.000228        0.01 
    40    64      9.8025337844      0.0446192029    0.391014        0.01 
    40    66      9.9562123661      0.0463518273    0.384734        0.01 
    40    94     -0.1021579949      0.0740738172   -0.002671        0.01 
    40    96     -0.1122780865      0.0763014771   -0.002864        0.01 
    40    98     -0.1182569729      0.0785621394   -0.002944        0.01 
    40   100     -0.1155727925       0.080855804   -0.002809        0.01 
    40   102     -0.1052779222      0.0831824711   -0.002499        0.01 
    42    36      5.8068529613      0.0250983016    0.374133        0.01 
    42    38      6.5357419933      0.0264018952    0.403696        0.01 
    42    42      5.9059433374      0.0291080895    0.336305        0.01 
    42    58      0.0072093402      0.0412529612    0.000307        0.01 
    42    64      9.3258201126      0.0463518273    0.360374        0.01 
    42    96     -0.1134367159      0.0785621394   -0.002824        0.01 
    42    98     -0.1299731049       0.080855804   -0.003159        0.01 
    46    36      2.2142472287      0.0277384911    0.131254        0.01 
    52    56      3.5862691603       0.048117454    0.134332        0.01 
    52    90              -0.0      0.0831824711        -0.0        0.01 
    54    54      4.3942022187       0.048117454    0.164595        0.01 
    54    56      5.2904646195      0.0499160831    0.192198        0.01 
    54    58      6.3316993248      0.0517477146     0.22322        0.01 
    54    86      5.0949127952       0.080855804    0.123832        0.01 
    54    88      6.5251247768      0.0831824711    0.154888        0.01 
    54    90      7.9580006712      0.0855421404    0.184548        0.01 
    54    92      9.4837843152      0.0879348122    0.214933        0.01 
    54    94     10.8024432506      0.0903604863    0.239329        0.01 
    54    96      11.560569146      0.0928191628    0.250459        0.01 
    56    52      3.9713208241       0.048117454    0.148755        0.01 
    56    54      5.3906596851      0.0499160831    0.195838        0.01 
    56    56      6.3331459544      0.0517477146    0.223271        0.01 
    56    58      8.7433468416      0.0536123484    0.299281        0.01 
    56    66     10.2416304037      0.0614009075    0.313097        0.01 
    56    84      4.2394930981       0.080855804    0.103041        0.01 
    56    86      5.9730370734      0.0831824711    0.141783        0.01 
    56    88      7.6798233822      0.0855421404    0.178097        0.01 
    56    90      9.5815198061      0.0879348122    0.217148        0.01 
    56    92      11.840895807      0.0903604863    0.262336        0.01 
    56    94      13.012823555      0.0928191628    0.281922        0.01 
    56    96     13.4763184191      0.0953108417    0.285589        0.01 
    56   132      7.4115303743      0.1458044662     0.11021        0.01 
    56   134      8.9581111056      0.1489231901    0.130879        0.01 
    56   136     10.4696932069      0.1520749163    0.150317        0.01 
    56   138     12.2204548787       0.155259645    0.172449        0.01 
    58    54      6.6255636963      0.0517477146     0.23358        0.01 
    58    56      8.7739636448      0.0536123484    0.300329        0.01 
    58    58     10.2508072375      0.0555099847    0.340856        0.01 
    58    84      4.4076441026      0.0831824711    0.104625        0.01 
    58    86      6.4153262775      0.0855421404    0.148773        0.01 
    58    88      9.1912838326      0.0879348122    0.208304        0.01 
    58    90     11.7607336068      0.0903604863     0.26056        0.01 
    58    92     13.4270412414      0.0928191628    0.290896        0.01 
    58   132      7.1588092715      0.1489231901    0.104591        0.01 
    58   134      8.8631984404      0.1520749163    0.127252        0.01 
    58   136     10.5597531055       0.155259645    0.149014        0.01 
    58   138     16.6367151602      0.1584773759     0.23079        0.01 
    60    84      4.1595934973      0.0855421404    0.096462        0.01 
    60    86      6.9324688221      0.0879348122    0.157112        0.01 
    60    88     10.8464512152      0.0903604863    0.240304        0.01 
    60    90     13.3782527308      0.0928191628    0.289839        0.01 
    60   130      3.4741692976      0.1489231901    0.050758        0.01 
    60   132      5.8957974851      0.1520749163    0.084648        0.01 
    60   134      7.8457972058       0.155259645    0.110716        0.01 
    60   136     16.0100720436      0.1584773759    0.222097        0.01 
    62    84       3.474706291      0.0879348122    0.078748        0.01 
    62    86      7.9360578204      0.0903604863    0.175824        0.01 
    62    88     11.3957406015      0.0928191628    0.246888        0.01 
    62    90     14.1087765872      0.0953108417    0.298992        0.01 
    62   130      0.1689030916      0.1520749163    0.002425        0.01 
    62   132      3.7931463116       0.155259645    0.053527        0.01 
    62   134      5.3775393831      0.1584773759    0.074599        0.01 
    62   136     16.7088769924      0.1617281093    0.227902        0.01 
    64    84     -2.6533868814      0.0903604863   -0.058786        0.01 
    64    86      8.6300736377      0.0928191628     0.18697        0.01 
    64    88     11.4677222553      0.0953108417    0.243023        0.01 
    64    90     14.0299556498      0.0978355229    0.290914        0.01 
    64   130      0.1327285864       0.155259645    0.001873        0.01 
    64   132      1.7609154553      0.1584773759    0.024428        0.01 
    64   134     -0.4498673519      0.1617281093   -0.006136        0.01 
    64   136     16.4949571491       0.165011845    0.221247        0.01 
    66   130      2.1412408992      0.1584773759    0.029704        0.01 
    66   132      3.5965193849      0.1617281093    0.049055        0.01 
    66   134     -7.8098064436       0.165011845   -0.104753        0.01 
    66   136     15.7265511186      0.1683285831    0.207471        0.01 
    68   130      4.1042331091      0.1617281093     0.05598        0.01 
    68   132      5.7325692559       0.165011845    0.076891        0.01 
    68   134     11.7259152951      0.1683285831    0.154693        0.01 
    68   190      9.0854486743      0.2745962113    0.079718        0.01 
    70   130      5.1476147309       0.165011845    0.069045        0.01 
    70   132      7.3389207465      0.1683285831    0.096818        0.01 
    70   134     11.3496803782      0.1716783235    0.147291        0.01 
    70   166     24.7003369857       0.229762493    0.251435        0.01 
    70   168     24.0127605002      0.2336732737    0.241022        0.01 
    72   132      7.7466109116      0.1716783235    0.100532        0.01 
    72   168     20.3178790165      0.2376170568    0.201111        0.01 
    72   170     19.2939860465      0.2415938423    0.188353        0.01 
    74   170     18.0458213983      0.2456036301    0.173768        0.01 
    76    90      9.1628006121        0.11367666    0.167658        0.01 
    76   136     10.7819325212       0.185407309    0.131234        0.01 
    78   134      4.7880081646       0.185407309    0.058278        0.01 
    78   136      6.6108026182      0.1889220613    0.079215        0.01 
    78   138     -7.7142380006       0.192469816   -0.091015        0.01 
    80   134               0.0      0.1889220613         0.0        0.01 
    80   136               0.0       0.192469816         0.0        0.01 
    80   138               0.0       0.196050573         0.0        0.01 
    80   140     -6.6561447525      0.1996643324   -0.076166        0.01 
    82   134               0.0       0.192469816         0.0        0.01 
    82   136               0.0       0.196050573         0.0        0.01 
    82   138               0.0      0.1996643324         0.0        0.01 
    82   140               0.0      0.2033110942         0.0        0.01 
    82   142       0.051240824      0.2069908584    0.000569        0.01 
    84   132               0.0       0.192469816         0.0        0.01 
    84   134               0.0       0.196050573         0.0        0.01 
    84   136     10.2925289567      0.1996643324    0.117777        0.01 
    84   154     22.9962466742      0.2336732737    0.230819        0.01 
    84   156     22.8457051964      0.2376170568    0.226132        0.01 
    84   158     22.2564133849      0.2415938423    0.217273        0.01 
    84   160     20.6801864794      0.2456036301    0.199135        0.01 
    84   162     17.6393839426      0.2496464203    0.167559        0.01 
    84   194               0.0      0.3188193857         0.0        0.01 
    84   196               0.0      0.3234232162         0.0        0.01 
    84   198     -4.4110455568       0.328060049   -0.033371        0.01 
    86   130      6.1305371047       0.192469816     0.07233        0.01 
    86   132      8.9273421526       0.196050573    0.103722        0.01 
    86   134     11.3793980622      0.1996643324    0.130214        0.01 
    86   136     13.5970205515      0.2033110942    0.153261        0.01 
    86   138     15.4194355956      0.2069908584    0.171224        0.01 
    86   140     16.8604177084      0.2107036249    0.184472        0.01 
    86   142     18.0878809634      0.2144493938    0.195017        0.01 
    86   152     22.2593912142      0.2336732737    0.223423        0.01 
    86   154     22.0810228753      0.2376170568    0.218563        0.01 
    86   156     21.6867709772      0.2415938423    0.211712        0.01 
    86   158     21.0352499167      0.2456036301    0.202554        0.01 
    86   160     20.0283367283      0.2496464203    0.190252        0.01 
    86   164     17.4659654008      0.2578310078    0.161511        0.01 
    86   192               0.0      0.3188193857         0.0        0.01 
    86   194     11.2406542448      0.3234232162    0.086054        0.01 
    86   196     16.3901715832       0.328060049    0.123997        0.01 
    88   128              -0.0       0.192469816        -0.0        0.01 
    88   130      8.2140808925       0.196050573    0.095435        0.01 
    88   132     11.2071524236      0.1996643324    0.128243        0.01 
    88   134     13.8724014494      0.2033110942    0.156365        0.01 
    88   138      18.120799556      0.2107036249    0.198262        0.01 
    88   140     19.4460232841      0.2144493938     0.20966        0.01 
    88   142     20.5596988736       0.218228165    0.218464        0.01 
    88   144       21.64097142      0.2220399386    0.226659        0.01 
    88   154     23.1508779602      0.2415938423    0.226005        0.01 
    88   156     22.6875047533      0.2456036301    0.218464        0.01 
    88   158     22.1035769461      0.2496464203    0.209965        0.01 
    88   160     21.2324021659      0.2537222129    0.198986        0.01 
    88   162     20.0985505605      0.2578310078    0.185855        0.01 
    88   172    -13.6551994389       0.278870018   -0.118282        0.01 
    88   190      0.0376890033      0.3188193857    0.000292        0.01 
    88   192      3.8607011511      0.3234232162    0.029556        0.01 
    88   194     15.7843814724       0.328060049    0.119414        0.01 
    88   196     19.5066293068      0.3327298843    0.145846        0.01 
    88   198     22.1299568842      0.3374327218    0.163536        0.01 
    88   200     24.3053909503      0.3421685618    0.177538        0.01 
    88   202     26.1113052056      0.3469374041    0.188542        0.01 
    88   204     27.5127815276      0.3517392488    0.196399        0.01 
    90   128              -0.0       0.196050573        -0.0        0.01 
    90   130      9.9242676067      0.1996643324    0.113563        0.01 
    90   132     13.5904554141      0.2033110942    0.153187        0.01 
    90   134     16.5356570611      0.2069908584    0.183619        0.01 
    90   136     18.8590232096      0.2107036249    0.206339        0.01 
    90   138     20.5836054437      0.2144493938    0.221925        0.01 
    90   140     21.9062281483       0.218228165    0.232772        0.01 
    90   156      24.417891406      0.2496464203    0.231949        0.01 
    90   158     23.7914600953      0.2537222129    0.222969        0.01 
    90   160     22.9960812361      0.2578310078    0.212649        0.01 
    90   162      21.903103502      0.2619728051     0.19987        0.01 
    90   190               0.0      0.3234232162         0.0        0.01 
    90   192      0.0117641981       0.328060049     8.9e-05        0.01 
    90   194     18.8416336202      0.3327298843    0.140874        0.01 
    90   196      22.717794013      0.3374327218     0.16788        0.01 
    90   198     25.2090841633      0.3421685618    0.184139        0.01 
    90   222     32.5113850834       0.401572826     0.20782        0.01 
    90   224     32.1047874468      0.4067376967    0.203047        0.01 
    92   128      0.1834315552      0.1996643324    0.002099        0.01 
    92   130     11.6211803527      0.2033110942     0.13099        0.01 
    92   132     15.9368868696      0.2069908584     0.17697        0.01 
    92   134     19.3514769729      0.2107036249    0.211727        0.01 
    92   136     21.2617954764      0.2144493938    0.229237        0.01 
    92   158      25.597629921      0.2578310078    0.236706        0.01 
    92   162     23.7784688092      0.2661476048    0.214143        0.01 
    92   164     22.4425232114      0.2703554068    0.199487        0.01 
    92   190       0.004758552       0.328060049     3.6e-05        0.01 
    92   192      0.0102986058      0.3327298843     7.7e-05        0.01 
    92   194     22.3632513617      0.3374327218     0.16526        0.01 
    92   196     25.4368898756      0.3421685618    0.185803        0.01 
    92   198     27.6664167783      0.3469374041    0.199771        0.01 
    92   226     33.7805109589      0.4171664453    0.209185        0.01 
    92   230     31.2084543651      0.4277272034    0.189273        0.01 
    94   128               0.0      0.2033110942         0.0        0.01 
    94   130      13.229498234      0.2069908584    0.146906        0.01 
    94   132      19.672924613      0.2107036249    0.215244        0.01 
    94   134     21.9831143883      0.2144493938    0.237014        0.01 
    94   136     22.9995067746       0.218228165    0.244389        0.01 
    94   138     24.1205377632      0.2220399386    0.252629        0.01 
    94   140     25.3409390497      0.2258847146    0.261641        0.01 
    94   142       26.38118001       0.229762493    0.268545        0.01 
    94   160     26.7314703059      0.2661476048    0.240737        0.01 
    94   188      0.0259076722       0.328060049    0.000196        0.01 
    94   190      -0.021132204      0.3327298843   -0.000158        0.01 
    94   192     16.5478046276      0.3374327218    0.122285        0.01 
    94   194     26.8116644924      0.3421685618    0.195845        0.01 
    94   196     28.2523707426      0.3469374041    0.204002        0.01 
    94   198     29.6397096786      0.3517392488    0.211582        0.01 
    94   230     32.6843720527       0.433057086    0.196189        0.01 
    94   232     30.5156344205       0.438419971    0.181302        0.01 
    94   234     28.8344231797      0.4438158583    0.169576        0.01 
    96   126               0.0      0.2033110942         0.0        0.01 
    96   128              -0.0      0.2069908584        -0.0        0.01 
    96   130     25.8439515593      0.2107036249    0.282762        0.01 
    96   132     24.8019808371      0.2144493938    0.267406        0.01 
    96   138     25.2525114816      0.2258847146    0.260728        0.01 
    96   160     28.5008243411      0.2703554068    0.253338        0.01 
    96   162     27.5907335691      0.2745962113    0.242088        0.01 
    96   182        0.07292564      0.3188193857    0.000565        0.01 
    96   184      0.0023512187      0.3234232162     1.8e-05        0.01 
    96   186      0.0314593162       0.328060049    0.000238        0.01 
    96   188      0.0783764023      0.3327298843    0.000586        0.01 
    96   190      0.0309886516      0.3374327218    0.000229        0.01 
    96   192     34.1047329437      0.3421685618    0.249117        0.01 
    96   194     33.4470167469      0.3469374041    0.241511        0.01 
    96   196     32.9259908809      0.3517392488    0.235041        0.01 
    96   234     30.8258247359       0.449244748     0.17946        0.01 
    96   256      0.0918127125      0.5111406911     0.00048        0.01 
    96   258      0.0936492529      0.5169656092    0.000485        0.01 
    96   260      0.1598285369      0.5228235297     0.00082        0.01 
    96   262      0.3006206944      0.5287144526    0.001528        0.01 
    98   126               0.0      0.2069908584         0.0        0.01 
    98   128     29.7080867119      0.2107036249     0.32504        0.01 
    98   130     28.9571005409      0.2144493938    0.312205        0.01 
    98   162     29.3077324153       0.278870018    0.253865        0.01 
    98   164     27.6762793194      0.2831768272    0.236691        0.01 
    98   166     25.1385041689      0.2875166387     0.21228        0.01 
    98   182      0.2035110432      0.3234232162    0.001558        0.01 
    98   184      0.0276260382       0.328060049    0.000209        0.01 
    98   186      0.0504230438      0.3327298843    0.000377        0.01 
    98   188      0.1744295716      0.3374327218    0.001289        0.01 
    98   190     45.2589986956      0.3421685618    0.330593        0.01 
    98   192     38.4595475391      0.3469374041    0.277705        0.01 
    98   194     37.4482522635      0.3517392488    0.267323        0.01 
    98   196     36.7553925313      0.3565740959    0.259409        0.01 
    98   256      0.2311302179      0.5169656092    0.001197        0.01 
    98   258      0.1762012163      0.5228235297    0.000904        0.01 
    98   260      0.2968826098      0.5287144526    0.001509        0.01 
    98   262      0.7003795162      0.5346383778    0.003527        0.01 
   100   126               0.0      0.2107036249         0.0        0.01 
   100   128     32.3000988107      0.2144493938    0.348248        0.01 
   100   162     30.0793078092      0.2831768272    0.257242        0.01 
   100   164     28.2076327375      0.2875166387    0.238197        0.01 
   100   166     26.0594304969      0.2918894526    0.217306        0.01 
   100   168     24.2623214007      0.2962952689     0.19981        0.01 
   100   182     -4.2396055014       0.328060049   -0.032074        0.01 
   100   184      0.0355770017      0.3327298843    0.000266        0.01 
   100   186       0.067796133      0.3374327218    0.000501        0.01 
   100   188     47.7224217643      0.3421685618    0.348587        0.01 
   100   190     48.0169261791      0.3469374041    0.346716        0.01 
   100   192     48.2218584883      0.3517392488     0.34423        0.01 
   100   194     46.8430800312      0.3565740959    0.330605        0.01 
   100   196     39.7673506798      0.3614419453    0.277513        0.01 
   100   256        0.38573253      0.5228235297    0.001979        0.01 
   100   258      0.2368765157      0.5287144526    0.001204        0.01 
   100   260      0.4174079226      0.5346383778    0.002102        0.01 
   100   262     -1.7981559625      0.5405953054   -0.008972        0.01 
   100   264     11.3674337018      0.5465852354      0.0562        0.01 
   102   128    -26.3763703081       0.218228165   -0.280271        0.01 
   102   134     34.3730924915       0.229762493    0.349898        0.01 
   102   136     32.4212417206      0.2336732737     0.32542        0.01 
   102   162     30.0970468793      0.2875166387    0.254152        0.01 
   102   164     28.5391452946      0.2918894526    0.237984        0.01 
   102   166      26.934564567      0.2962952689    0.221817        0.01 
   102   168     25.3579340227      0.3007340875    0.206261        0.01 
   102   182     -5.3055206954      0.3327298843   -0.039668        0.01 
   102   184      0.0423556679      0.3374327218    0.000313        0.01 
   102   186      0.0821414828      0.3421685618      0.0006        0.01 
   102   188    -26.2561664314      0.3469374041   -0.189588        0.01 
   102   190    -27.6111220111      0.3517392488   -0.197101        0.01 
   102   192     49.5652084127      0.3565740959    0.349817        0.01 
   102   256      0.5162491506      0.5287144526    0.002624        0.01 
   102   258      0.2748299548      0.5346383778    0.001384        0.01 
   102   260      0.4938315082      0.5405953054    0.002464        0.01 
   102   262     -2.7651990416      0.5465852354   -0.013671        0.01 
   102   264     11.9487574444      0.5526081677    0.058537        0.01 
   104   134     38.9644703828      0.2336732737    0.391096        0.01 
   104   136      37.557429281      0.2376170568    0.371752        0.01 
   104   164     29.0902574343      0.2962952689     0.23957        0.01 
   104   166     27.7492594534      0.3007340875    0.225712        0.01 
   104   168     26.2610974033      0.3052059085    0.210996        0.01 
   104   170     24.7399524087      0.3097107319    0.196362        0.01 
   104   172     52.9774343852      0.3142485576    0.415418        0.01 
   104   182     -5.6408818408      0.3374327218   -0.041685        0.01 
   104   184      0.0459992304      0.3421685618    0.000336        0.01 
   104   186      0.0901574169      0.3469374041    0.000651        0.01 
   104   188    -27.1042902881      0.3517392488   -0.193483        0.01 
   104   190    -28.3377928532      0.3565740959        -0.2        0.01 
   104   252     75.7444978716      0.5228235297    0.388607        0.01 
   104   256      0.4321025878      0.5346383778    0.002176        0.01 
   104   258      0.2797844097      0.5405953054    0.001396        0.01 
   104   260      0.5119390516      0.5465852354    0.002531        0.01 
   104   262      3.0802184915      0.5526081677     0.01509        0.01 
   104   264     68.8175197216      0.5586641024    0.334089        0.01 
   106   156     31.4990719046      0.2831768272    0.269384        0.01 
   106   162      30.316062622      0.2962952689    0.249665        0.01 
   106   166     28.2358200113      0.3052059085    0.226862        0.01 
   106   168     26.9294335351      0.3097107319     0.21374        0.01 
   106   170     25.6216541949      0.3142485576     0.20091        0.01 
   106   172     24.2178951545      0.3188193857    0.187631        0.01 
   106   182     -5.5545439682      0.3421685618   -0.040573        0.01 
   106   184      0.0445939911      0.3469374041    0.000322        0.01 
   106   186      0.0871335909      0.3517392488    0.000622        0.01 
   106   188    -27.6365741691      0.3565740959   -0.195051        0.01 
   106   190    -28.8452399986      0.3614419453   -0.201294        0.01 
   106   192     -30.124789602      0.3663427971   -0.207877        0.01 
   106   198      51.191641088      0.3812433667    0.341706        0.01 
   106   238     36.0102044156      0.4881710422    0.195616        0.01 
   106   250       74.66994333      0.5228235297    0.383094        0.01 
   106   254    -11.7102581372      0.5346383778   -0.058971        0.01 
   106   256       0.251324964      0.5405953054    0.001254        0.01 
   106   258      0.2467663544      0.5465852354     0.00122        0.01 
   106   260      0.4649925595      0.5526081677    0.002278        0.01 
   106   262      2.1212396041      0.5586641024    0.010298        0.01 
   106   264      11.101731622      0.5647530395    0.053411        0.01 
   108   154      31.234693168      0.2831768272    0.267123        0.01 
   108   156     31.2019189534      0.2875166387    0.263482        0.01 
   108   158     31.1319450644      0.2918894526    0.259605        0.01 
   108   164      29.198288808      0.3052059085    0.234595        0.01 
   108   166     28.2982057159      0.3097107319    0.224604        0.01 
   108   168     27.2897206767      0.3142485576     0.21399        0.01 
   108   170     26.2174774822      0.3188193857    0.203123        0.01 
   108   172     25.2650208401      0.3234232162    0.193419        0.01 
   108   180    -10.3826834237      0.3421685618    -0.07584        0.01 
   108   182     -4.9491020718      0.3469374041   -0.035736        0.01 
   108   184      0.0404848999      0.3517392488    0.000289        0.01 
   108   186      0.0763703517      0.3565740959    0.000539        0.01 
   108   188    -27.9318518214      0.3614419453    -0.19492        0.01 
   108   190    -29.1497919618      0.3663427971   -0.201149        0.01 
   108   192     -30.407556322      0.3712766512   -0.207502        0.01 
   108   194    -31.7487059931      0.3762435078   -0.214268        0.01 
   108   244     73.4109582922      0.5111406911    0.383795        0.01 
   108   246      74.121163098      0.5169656092    0.383866        0.01 
   108   248     75.0406675705      0.5228235297    0.384996        0.01 
   108   250     76.0798576688      0.5287144526      0.3867        0.01 
   108   252    -15.2979407909      0.5346383778   -0.077038        0.01 
   108   254    -10.9017714647      0.5405953054   -0.054395        0.01 
   108   256      0.2214829164      0.5465852354    0.001095        0.01 
   108   258      0.1865685687      0.5526081677    0.000914        0.01 
   108   260      0.3641825228      0.5586641024    0.001768        0.01 
   110   152     30.3949018871      0.2831768272    0.259941        0.01 
   110   154     30.4733902288      0.2875166387     0.25733        0.01 
   110   156     30.4970862705      0.2918894526    0.254311        0.01 
   110   158     30.4932245604      0.2962952689    0.251124        0.01 
   110   160     30.2377082758      0.3007340875    0.245953        0.01 
   110   164     28.6558957216      0.3097107319    0.227443        0.01 
   110   166     27.8152636409      0.3142485576    0.218111        0.01 
   110   168     26.9068506563      0.3188193857    0.208464        0.01 
   110   170     25.8272233626      0.3234232162    0.197723        0.01 
   110   186      0.0603289022      0.3614419453    0.000421        0.01 
   110   188     57.8100562738      0.3663427971     0.39892        0.01 
   110   190    -29.1174091145      0.3712766512   -0.198698        0.01 
   110   192    -30.3807739934      0.3762435078   -0.205036        0.01 
   110   250     77.4885440355      0.5346383778     0.39022        0.01 
   110   252     78.3821234612      0.5405953054    0.391092        0.01 
   110   254     -9.4703667856      0.5465852354   -0.046821        0.01 
   110   256     79.7864362251      0.5526081677    0.390874        0.01 
   112   152     29.0708066441      0.2875166387    0.245486        0.01 
   112   154     29.2867292992      0.2918894526    0.244218        0.01 
   112   156     29.5173160619      0.2962952689    0.243087        0.01 
   112   158      29.709676672      0.3007340875    0.241658        0.01 
   112   160      29.611753355      0.3052059085    0.237917        0.01 
   112   164     28.2494965439      0.3142485576    0.221516        0.01 
   112   188      0.1197240196      0.3712766512    0.000817        0.01 
   112   190    -28.5941054434      0.3762435078   -0.192978        0.01 
   112   250     80.5767074769      0.5405953054    0.402042        0.01 
   112   252     81.2425632245      0.5465852354    0.401659        0.01 
   112   254     82.0158693837      0.5526081677    0.401796        0.01 
   112   276     77.2497078664      0.6210385798    0.343363        0.01 
   114   156     27.8815439716      0.3007340875    0.226788        0.01 
   114   162     28.0726151823      0.3142485576    0.220129        0.01 
   114   164     27.3769306226      0.3188193857    0.212106        0.01 
   114   192    -52.3418408902       0.386276228   -0.345586        0.01 
   114   194    -29.8229408827      0.3913420916   -0.194779        0.01 
   114   272    -73.0855261899      0.6146526214   -0.327664        0.01 
   114   278     78.6843359614      0.6339095037    0.343812        0.01 
   114   282     78.8941890748      0.6469124371    0.338945        0.01 
   114   284     79.2521418634      0.6534634074    0.337636        0.01 
   114   286     57.2505479022        0.66004738    0.241874        0.01 
   114   288     55.6713208442       0.666664355    0.233255        0.01 
   114   290     55.2341415767      0.6733143323    0.229517        0.01 
   114   292     55.1102191344      0.6799973121    0.227125        0.01 
   114   294     55.1120692664      0.6867132941     0.22528        0.01 
   114   296     55.1659761396      0.6934622786     0.22367        0.01 
   116   160     26.4102874612      0.3142485576    0.207094        0.01 
   116   190     -5.0066029656       0.386276228   -0.033056        0.01 
   116   194    -21.7012463469      0.3964409576   -0.140214        0.01 
   116   264      0.5419504549      0.5956927604    0.002494        0.01 
   116   266      1.6293968759      0.6019797117    0.007433        0.01 
   116   268    -75.3323482411      0.6082996654   -0.340674        0.01 
   116   284     79.8836322393        0.66004738    0.337495        0.01 
   116   286     80.2690443551       0.666664355    0.336316        0.01 
   116   288     57.5273317765      0.6733143323    0.239046        0.01 
   116   290     56.1404799619      0.6799973121    0.231371        0.01 
   116   292     55.3557288056      0.6867132941    0.226276        0.01 
   116   294     55.1183746133      0.6934622786    0.223477        0.01 
   116   296     55.0383443821      0.7002442654     0.22135        0.01 
   116   298     55.0379269469      0.7070592546    0.219569        0.01 
   116   300      54.974135618      0.7139072462     0.21756        0.01 
   118   162     24.7495814457      0.3234232162    0.189473        0.01 
   118   188       0.289436661       0.386276228    0.001911        0.01 
   118   190     -6.8234222397      0.3913420916   -0.044565        0.01 
   118   192    -19.2428427854      0.3964409576    -0.12433        0.01 
   118   264      0.5513161769      0.6019797117    0.002515        0.01 
   118   266      1.7577415246      0.6082996654    0.007949        0.01 
   118   268      4.9287406374      0.6146526214    0.022097        0.01 
   118   270      9.3002112161      0.6210385798    0.041338        0.01 
   118   274    -79.9165107104      0.6339095037   -0.349196        0.01 
   118   284     80.1349109718       0.666664355    0.335754        0.01 
   118   286     80.4253015865      0.6733143323    0.334195        0.01 
   118   288     60.7722861174      0.6799973121     0.25046        0.01 
   118   290     58.1724917919      0.6867132941     0.23779        0.01 
   118   292     56.1577157115      0.6934622786    0.227691        0.01 
   118   294     55.2335334507      0.7002442654    0.222135        0.01 
   118   296     54.8770010006      0.7070592546    0.218927        0.01 
   118   298     54.7565738844      0.7139072462    0.216699        0.01 
   118   300      54.671832087      0.7207882401    0.214641        0.01 
   120   166    -53.2671916162      0.3374327218   -0.393634        0.01 
   120   188      0.1818966817      0.3913420916    0.001188        0.01 
   120   190     -4.2602629334      0.3964409576   -0.027526        0.01 
   120   192    -19.2646617492       0.401572826   -0.123144        0.01 
   120   194    -21.7183676396      0.4067376967   -0.137358        0.01 
   120   210    -67.5435285215       0.449244748   -0.393221        0.01 
   120   216      -70.80260911      0.4657294313        -0.4        0.01 
   120   218    -71.9043418553      0.4712903305   -0.402226        0.01 
   120   262      0.1545438985      0.6019797117    0.000705        0.01 
   120   264      0.2861388266      0.6082996654    0.001294        0.01 
   120   266      0.5286290135      0.6146526214     0.00237        0.01 
   120   268    -37.2849872755      0.6210385798   -0.165726        0.01 
   120   270     -37.899030365      0.6274575406   -0.167018        0.01 
   120   272    -38.8265495354      0.6339095037   -0.169653        0.01 
   120   296      56.358849091      0.7139072462     0.22304        0.01 
   120   298     55.5212996166      0.7207882401    0.217976        0.01 
    36    38      -3.859620895      0.0225901216   -0.271478        0.01 
    36    40     -3.3934829509      0.0238277104   -0.228314        0.01 
    36    62     -5.9694969668       0.039619344   -0.262908        0.01 
    38    58      0.0259095037      0.0380187291    0.001181        0.01 
    38    62     -5.8707512052      0.0412529612   -0.249998        0.01 
    40    38     -2.9959538812      0.0250983016   -0.193028        0.01 
    40    40      0.0009390062      0.0264018952     5.8e-05        0.01 
    66    66     -9.6237688354      0.0718791597   -0.258007        0.01 
    88   136     16.2944019336      0.2069908584     0.18094        0.01 
   102   130    -27.5695887674      0.2220399386   -0.288753        0.01 
   102   132     -28.660604874      0.2258847146   -0.295916        0.01 
   104   192    -29.7841354077      0.3614419453   -0.207846        0.01 
   106   194    -31.6503707776      0.3712766512   -0.215983        0.01 
   106   196    -37.3957225057      0.3762435078   -0.252379        0.01 
   108   196    -33.2263422415      0.3812433667   -0.221787        0.01 
   108   198     -35.141942355       0.386276228   -0.232024        0.01 
   108   262     -1.4901109135      0.5647530395   -0.007169        0.01 
   108   264      8.2606637481       0.570874979    0.039387        0.01 
   108   266    -62.8347872281      0.5770299208   -0.296932        0.01 
   108   268    -63.7732826679       0.583217865     -0.2987        0.01 
   110   194    -31.6910694109      0.3812433667   -0.211539        0.01 
   110   196    -33.0858969999       0.386276228   -0.218449        0.01 
   110   198    -53.5616827405      0.3913420916   -0.349821        0.01 
   110   200    -36.2023295053      0.3964409576   -0.233907        0.01 
   110   260      0.2413193989      0.5647530395    0.001161        0.01 
   110   262      0.7097287461       0.570874979    0.003384        0.01 
   110   264      4.4682167376      0.5770299208    0.021115        0.01 
   110   266    -63.9938310475       0.583217865   -0.299733        0.01 
   110   268    -65.1015163776      0.5894388115   -0.302237        0.01 
   110   270    -65.8765332989      0.5956927604   -0.303157        0.01 
   112   192    -29.8455360384      0.3812433667    -0.19922        0.01 
   112   194    -52.5184411763       0.386276228   -0.346752        0.01 
   112   196     26.8159805019      0.3913420916     0.17514        0.01 
   112   198    -35.0813135776      0.3964409576   -0.226664        0.01 
   112   200    -36.9441157943       0.401572826   -0.236155        0.01 
   112   202    -50.7789659445      0.4067376967   -0.321152        0.01 
   112   262      0.3409091719      0.5770299208    0.001611        0.01 
   112   264      0.9577735054       0.583217865    0.004486        0.01 
   112   266       8.172880342      0.5894388115    0.037943        0.01 
   112   268    -68.5163144239      0.5956927604   -0.315305        0.01 
   112   270    -69.0789305153      0.6019797117   -0.315125        0.01 
   112   272    -69.6369915033      0.6082996654   -0.314918        0.01 
   114   190     -0.2209726215      0.3812433667   -0.001475        0.01 
   114   196     19.9232219126      0.3964409576    0.128726        0.01 
   114   202    -39.5053634346      0.4119355699   -0.247222        0.01 
   114   204    -40.9482417208      0.4171664453   -0.253571        0.01 
   114   264      0.4493220988      0.5894388115    0.002086        0.01 
   114   266      1.2449214739      0.5956927604    0.005729        0.01 
   114   268    -72.0404738751      0.6019797117   -0.328635        0.01 
   114   270    -72.5350869143      0.6082996654   -0.328024        0.01 
   114   274     -73.713701778      0.6210385798   -0.327646        0.01 
   116   192     -53.443327408      0.3913420916   -0.349048        0.01 
   116   196    -22.6836605029       0.401572826   -0.144999        0.01 
   116   198     19.8967240981      0.4067376967    0.125837        0.01 
   116   202     -40.283079665      0.4171664453   -0.249452        0.01 
   116   270    -75.8758844002      0.6146526214   -0.340174        0.01 
   116   272    -76.2474232622      0.6210385798   -0.338908        0.01 
   116   274    -76.6179076728      0.6274575406   -0.337649        0.01 
   116   276    -77.0690519014      0.6339095037   -0.336754        0.01 
   118   194    -20.8052840199       0.401572826   -0.132992        0.01 
   118   196     -21.911268006      0.4067376967   -0.138578        0.01 
   118   198    -22.7849918537      0.4119355699   -0.142587        0.01 
   118   200    -23.4108299076      0.4171664453   -0.144971        0.01 
   118   272    -59.1971245286      0.6274575406   -0.260877        0.01 
   118   276    -80.1429978099      0.6403944693   -0.347228        0.01 
   120   196     -22.936799117      0.4119355699   -0.143537        0.01 
   120   198    -23.7141011727      0.4171664453   -0.146849        0.01 
   120   200    -24.2771606831      0.4224303232   -0.148773        0.01 
   120   202     28.3903889593      0.4277272034    0.172182        0.01 
   120   274    -62.2313743175      0.6403944693   -0.269624        0.01 
   120   276    -63.9744831305      0.6469124371   -0.274847        0.01 
   120   278    -65.7124088399      0.6534634074   -0.279953        0.01 
