Z      N      A      Energy_new-old(MeV)      beta2_new    beta2_old    beta3_new    fileID    

4      10     14     0.026195                 -3e-06       0.000000     0.0          548       1         
4      14     18     0.020504                 1e-06        0.000000     -0.0         728       2         
4      16     20     0.018187                 0.0          0.000000     0.0          788       3         
6      12     18     0.028923                 -9e-06       0.000000     0.0          1418      4         
6      16     22     0.024009                 -0.0         0.000000     0.0          1523      5         
6      18     24     0.020217                 0.0          0.000000     0.0          1613      6         
6      20     26     0.018378                 0.0          0.000000     0.0          1703      7         
8      8      16     0.037808                 0.0          0.000000     -0.0         2033      8         
8      12     20     0.03465                  2e-06        0.000000     0.0          2213      9         
10     32     42     0.021542                 -2e-06       -0.000001    -0.0         3908      10        
12     32     44     0.02897                  -4e-06       0.000000     -0.0         5378      11        
14     6      20     0.027172                 -1e-06       0.000000     0.0          5888      12        
14     36     50     0.032063                 0.0          0.000000     -0.0         6983      13        
16     6      22     0.023662                 -0.0         0.000000     0.0          7283      14        
16     8      24     0.031095                 0.0          0.000000     0.0          7418      15        
16     34     50     0.032499                 1e-06        0.000000     -0.0         8333      16        
16     36     52     0.031194                 2e-06        0.000000     0.0          8438      17        
18     10     28     0.031219                 -1e-06       0.000000     0.0          9098      18        
18     30     48     0.045921                 -0.0         0.000000     0.0          9833      19        
18     36     54     0.037262                 -0.0         0.000000     0.0          10088     20        
20     10     30     0.029141                 -1e-06       0.000000     -0.0         10973     21        
20     12     32     0.038403                 1e-06        0.000000     0.0          11033     22        
20     26     46     0.057713                 -0.0         0.000000     0.0          11618     23        
20     28     48     0.0587                   -0.0         0.000000     0.0          11633     24        
20     30     50     0.051267                 0.0          0.000000     1e-06        11738     25        
20     34     54     0.043532                 0.0          0.000000     0.0          11858     26        
20     54     74     0.035485                 2e-06        0.000000     -0.0         12623     27        
20     56     76     0.033357                 0.0          0.000000     0.0          12698     28        
22     20     42     0.057714                 8e-06        0.000000     -0.0         13343     29        
22     60     82     0.039113                 -0.0         0.000000     -0.0         14843     30        
22     62     84     0.039144                 -0.0         0.000000     1e-06        14918     31        
24     30     54     0.071246                 -1e-06       0.000001     0.0          15683     32        
24     60     84     0.046799                 0.0          0.000000     -1e-06       16853     33        
24     62     86     0.04642                  -1e-06       0.000000     0.0          16928     34        
24     64     88     0.045069                 -2e-06       0.000000     -0.0         16958     35        
26     60     86     0.054956                 0.0          0.000000     0.0          1748      36        
26     62     88     0.054105                 0.0          0.000000     0.0          1808      37        
28     56     84     0.067545                 0.0          0.000000     -0.0         3698      38        
28     58     86     0.063856                 0.0          0.000000     -1e-06       3773      39        
30     56     86     0.06176                  -2e-06       0.000000     0.0          6008      40        
30     60     90     0.0563                   -3e-06       0.000000     1e-06        6203      41        
32     32     64     0.059951                 0.0          0.000000     0.0          7508      42        
32     58     90     0.059339                 3e-06        0.000000     -1e-06       8528      43        
34     58     92     0.064639                 -2e-06       0.000000     0.0          10988     44        
36     58     94     0.070465                 1e-06        0.000000     -0.0         13523     45        
36     82     118    0.073104                 3e-06        0.000000     -0.0         14408     46        
38     46     84     0.089843                 -7e-06       0.000001     -2e-06       15683     47        
38     54     92     0.081325                 1e-06        0.000000     -0.0         15983     48        
38     74     112    0.065999                 -7e-06       0.000000     -0.0         16733     49        
38     76     114    0.066474                 9e-06        0.000001     -1e-06       16838     50        
38     78     116    0.06691                  0.0          0.000000     0.0          16883     51        
40     32     72     0.069054                 1e-06        0.000000     -5e-06       143       52        
40     44     84     0.083385                 1e-06        0.000000     -5e-06       563       53        
40     54     94     0.077612                 -1e-06       0.000000     1e-06        938       54        
42     54     96     0.084547                 3e-06        0.000000     -2e-06       3653      55        
42     82     124    0.072225                 2e-06        0.000000     0.0          4657      56        
44     80     124    0.080874                 -0.0         0.000000     -0.0         7523      57        
46     82     128    0.089695                 -1e-06       0.000000     -0.0         10688     58        
48     56     104    0.105216                 0.0          0.000000     -0.0         683       59        
48     78     126    0.097642                 -0.0         0.000000     -0.0         1508      60        
50     44     94     0.120685                 0.0          0.000000     -0.0         3758      61        
50     46     96     0.124576                 -2e-06       0.000000     0.0          3893      62        
50     48     98     0.128012                 0.0          0.000000     0.0          3908      63        
50     50     100    0.131224                 1e-06        0.000000     0.0          4013      64        
50     54     104    0.118176                 0.0          0.000000     0.0          4133      65        
50     122    172    0.071475                 -0.0         0.000000     -0.0         6683      66        
58     144    202    0.075091                 0.0          0.000000     5e-06        6713      67        
58     146    204    0.074127                 -3e-06       0.000000     -0.0         6818      68        
58     148    206    0.073355                 5e-06        0.000000     -4e-06       6878      69        
64     82     146    0.12075                  0.0          0.000000     -0.0         758       70        
66     124    190    0.095217                 -0.0         0.000000     -0.0         6008      71        
66     126    192    0.093805                 -0.0         0.000000     -0.0         6083      72        
66     128    194    0.089195                 -0.0         0.000000     -0.0         6158      73        
68     82     150    0.124721                 0.0          0.000000     0.0          9008      74        
68     126    194    0.098117                 -0.0         0.000000     -0.0         10658     75        
70     82     152    0.128168                 -0.0         0.000000     -1e-06       13538     76        
70     128    198    0.097681                 -7e-06       0.000001     2e-06        15278     77        
70     182    252    0.072321                 -0.0         0.000000     -0.0         17258     78        
70     184    254    0.072262                 -0.0         0.000000     -0.0         17333     79        
72     128    200    0.102274                 -6e-06       0.000002     -4e-06       2048      80        
72     182    254    0.076346                 -0.0         0.000000     -0.0         4058      81        
72     184    256    0.075994                 -0.0         0.000000     0.0          4133      82        
72     186    258    0.073007                 -2e-06       0.000000     1e-06        4238      83        
74     82     156    0.13455                  7e-06        0.000000     -0.0         4703      84        
74     126    200    0.111973                 -0.0         0.000000     0.0          6308      85        
74     128    202    0.106826                 6e-06        0.000001     -0.0         6443      86        
74     182    256    0.080421                 -0.0         0.000000     -0.0         8408      87        
74     184    258    0.079729                 -0.0         0.000000     1e-06        8528      88        
76     82     158    0.137221                 1e-06        0.000000     0.0          8918      89        
76     124    200    0.091573                 -4e-06       0.000001     -1e-06       10448     90        
76     184    260    0.083292                 -1e-06       0.000000     1e-06        12728     91        
76     186    262    0.079908                 -3e-06       0.000000     1e-06        12803     92        
78     84     162    0.135421                 5e-06        0.000000     -0.0         13028     93        
78     128    206    0.11495                  -1e-06       0.000000     -1e-06       14648     94        
78     184    262    0.086407                 -0.0         0.000000     -1e-06       16748     95        
80     122    202    0.127826                 1e-06        0.000002     -0.0         1418      96        
80     124    204    0.124065                 -0.0         0.000000     0.0          1433      97        
80     128    208    0.117502                 0.0          0.000000     -0.0         1583      98        
80     184    264    0.088503                 -0.0         0.000000     -0.0         3683      99        
80     190    270    0.079127                 -0.0         0.000000     0.0          3908      100       
82     114    196    0.138587                 0.0          0.000008     -0.0         4883      101       
82     116    198    0.138087                 0.0          0.000003     0.0          4958      102       
82     118    200    0.136243                 6e-06        0.000002     -0.0         5048      103       
82     120    202    0.133002                 -1e-06       0.000001     1e-06        5138      104       
82     122    204    0.129127                 -0.0         0.000001     1e-06        5228      105       
82     124    206    0.125385                 -0.0         0.000000     -0.0         5258      106       
82     126    208    0.122588                 0.0          0.000000     -0.0         5393      107       
82     128    210    0.119145                 1e-06        0.000000     -0.0         5423      108       
82     130    212    0.11532                  0.0          0.000000     -2e-06       5498      109       
82     180    262    0.093584                 -0.0         0.000000     0.0          7358      110       
82     184    266    0.090065                 -0.0         0.000000     -0.0         7508      111       
82     186    268    0.087225                 0.0          0.000000     0.0          7583      112       
82     188    270    0.084149                 -0.0         0.000000     0.0          7688      113       
84     126    210    0.129387                 0.0          0.000000     -0.0         9068      114       
84     182    266    0.098315                 0.0          0.000000     -0.0         11108     115       
84     184    268    0.096554                 -0.0         0.000000     -0.0         11213     116       
86     184    270    0.103204                 1e-06        0.000000     0.0          15338     117       
88     184    272    0.110008                 0.0          0.000000     0.0          3008      118       
88     186    274    0.107153                 -1e-06       0.000000     2e-06        3143      119       
88     188    276    0.103923                 0.0          -0.000001    0.0          3158      120       
90     124    214    0.157459                 -2e-06       0.000001     1e-06        5093      121       
90     182    272    0.119243                 -1e-06       0.000000     -0.0         7238      122       
92     124    216    0.164428                 2e-06        0.000001     1e-06        9398      123       
92     126    218    0.16073                  1e-06        0.000000     -0.0         9503      124       
92     128    220    0.159344                 -1e-06       0.000000     2e-06        9563      125       
92     178    270    0.132831                 0.0          -0.000003    -0.0         11408     126       
92     184    276    0.124033                 0.0          0.000000     0.0          11633     127       
92     220    312    0.105561                 2e-06        -0.000001    1e-06        12998     128       
92     222    314    0.105237                 2e-06        -0.000001    1e-06        13118     129       
94     124    218    0.160419                 -3e-06       0.000001     1e-06        323       130       
94     126    220    0.15673                  0.0          0.000000     -3e-06       413       131       
94     128    222    0.155444                 -2e-06       0.000000     6e-06        488       132       
94     184    278    0.121653                 0.0          0.000000     1e-06        2603      133       
96     126    222    0.152272                 -1e-06       0.000000     9e-06        5723      134       
96     182    278    0.123567                 -0.0         -0.000001    -0.0         7808      135       
96     184    280    0.120617                 -0.0         0.000000     4e-06        7928      136       
98     182    280    0.12466                  0.0          -0.000002    0.0          13118     137       
98     184    282    0.121457                 1e-06        -0.000001    -8e-06       13163     138       
100    182    282    0.127004                 -0.0         -0.000002    0.0          2108      139       
106    182    288    0.138058                 -1e-06       -0.000005    0.0          1583      140       
108    182    290    0.142656                 -0.0         -0.000003    -0.0         6158      141       
110    182    292    0.147702                 -0.0         -0.000002    -0.0         1283      142       
110    184    294    0.144889                 -1e-06       -0.000001    3e-06        1388      143       
112    182    294    0.153093                 -0.0         -0.000001    0.0          6158      144       
114    174    288    0.135688                 0.118937     0.118932     -0.0         10884     145       
114    180    294    0.159401                 5e-06        -0.000004    -0.0         11108     146       
114    182    296    0.156442                 -0.0         -0.000001    -0.0         11183     147       
114    184    298    0.154017                 0.0          0.000000     0.0          11258     148       
114    186    300    0.153879                 0.0          0.000000     -3e-06       11378     149       
116    182    298    0.154063                 -0.0         -0.000001    2e-06        923       150       
116    184    300    0.151916                 0.0          0.000000     0.0          983       151       
118    184    302    0.147768                 0.0          0.000000     0.0          6233      152  