Z      N      A      E_soft(MeV)         BE_b3=0 (MeV)       BE_b3=0.01 (MeV)    beta2          beta3 (0.01)   delta_beta2    CONV     
4      6      10     1382.031844         -71.624639          1310.407205         -0.395253      -12.786331     -0.683181      NO
6      4      10     1481.532367         -67.276437          1414.25593          0.14464        -14.278636     0.061961       NO
18     12     30     0.051861            -215.218461         -215.1666           0.000953       0.010001       -0.211394      YES
24     18     42     0.04482             -321.709321         -321.664501         0.000121       0.01           -0.102465      YES
54     72     126    0.033551            -1063.490702        -1063.457151        0.147542       0.01           -0.006144      YES
56     66     122    0.079314            -1014.267804        -1014.18849         0.243683       0.01           -0.014788      YES
64     90     154    0.080504            -1265.413885        -1265.333381        0.263453       0.01           -0.016786      YES
66     90     156    0.080327            -1276.608533        -1276.528206        0.258252       0.01           -0.013507      YES
68     154    222    0.322856            -1524.42672         -1524.103864        0.268413       0.01           -0.030019      YES
70     88     158    0.027505            -1274.618863        -1274.591358        0.170223       0.01           -0.011272      YES
70     148    218    0.24036             -1555.893063        -1555.652703        0.250348       0.01           -0.025902      YES
72     90     162    0.037117            -1298.508751        -1298.471634        0.184767       0.01           -0.00802       YES
74     88     162    0.043862            -1282.151847        -1282.107985        0.122585       0.01           -0.008512      YES
76     90     166    0.029231            -1304.363937        -1304.334706        0.129043       0.01           -0.004162      YES
78     140    218    0.066372            -1652.280933        -1652.214561        0.099286       0.01           -0.005402      YES
78     160    238    0.169483            -1698.746602        -1698.577119        -0.144322      0.01           0.004013       YES
84     162    246    0.167115            -1785.124031        -1784.956916        -0.095327      0.01           0.000568       YES
86     158    244    0.145919            -1796.8543          -1796.708381        0.164865       0.01           -0.007258      YES
86     200    286    0.119983            -1857.442647        -1857.322664        0.111986       0.01           -0.013021      YES
86     202    288    0.135301            -1856.543234        -1856.407933        0.122983       0.01           -0.014783      YES
88     112    200    0.051326            -1528.94297         -1528.891644        0.165025       0.01           -0.007496      YES
88     132    220    0.097605            -1694.646369        -1694.548764        0.102108       0.01           -0.009187      YES
88     134    222    0.076064            -1706.635175        -1706.559111        0.12928        0.01           -0.008385      YES
88     136    224    0.092589            -1718.205295        -1718.112706        0.148868       0.01           -0.006512      YES
88     138    226    0.136037            -1729.386798        -1729.250761        0.165439       0.01           -0.005083      YES
88     140    228    0.145895            -1740.178794        -1740.032899        0.179488       0.01           -0.005186      YES
88     154    242    0.145003            -1803.308388        -1803.163385        0.204165       0.01           -0.009166      YES
88     162    250    0.114058            -1830.611924        -1830.497866        0.171369       0.01           -0.007554      YES
88     170    258    0.129749            -1853.341996        -1853.212247        0.114251       0.01           -0.005703      YES
88     194    282    0.029985            -1890.169184        -1890.139199        0.085627       0.01           -0.010454      YES
88     196    284    0.104162            -1890.685145        -1890.580983        0.110925       0.01           -0.014403      YES
88     198    286    0.128982            -1890.954203        -1890.825221        0.127112       0.01           -0.015802      YES
88     200    288    0.113724            -1891.037112        -1890.923388        0.140248       0.01           -0.016107      YES
88     202    290    0.131693            -1890.940635        -1890.808942        0.151103       0.01           -0.016083      YES
90     132    222    0.099494            -1701.601285        -1701.501791        0.125121       0.010026       -0.00949       NO
90     134    224    0.122047            -1714.764867        -1714.64282         0.152893       0.01           -0.005625      NO
90     136    226    0.143189            -1727.608685        -1727.465496        0.176404       0.009976       -0.001177      NO
90     138    228    0.153894            -1740.096907        -1739.943013        0.195472       0.01           -0.000482      YES
90     156    246    0.144852            -1829.012489        -1828.867637        0.219748       0.01           -0.010649      YES
90     158    248    0.1393              -1836.637656        -1836.498356        0.211519       0.01           -0.013239      YES
90     194    284    0.017976            -1919.668616        -1919.65064         0.106829       0.01           -0.024141      YES
90     196    286    0.070659            -1920.93949         -1920.868831        0.13177        0.01           -0.017604      YES
90     198    288    0.140059            -1922.04109         -1921.901031        0.150412       0.01           -0.013938      YES
90     200    290    0.176478            -1923.004657        -1922.828179        0.165517       0.01           -0.009049      YES
90     202    292    0.200031            -1923.72882         -1923.528789        0.177108       0.01           -0.009314      YES
92     120    212    0.055758            -1606.371671        -1606.315913        -0.105395      0.01           -0.001375      YES
92     130    222    0.070864            -1692.388961        -1692.318097        0.089203       0.01           -0.014846      YES
92     132    224    0.110442            -1707.019154        -1706.908712        0.145737       0.009975       -0.003456      NO
92     134    226    0.115119            -1721.420221        -1721.305102        0.178255       0.010007       0.001924       NO
92     136    228    0.144295            -1735.600846        -1735.456551        0.204023       0.01           0.003418       YES
92     160    252    0.0748              -1862.007073        -1861.932273        0.223674       0.01           -0.014667      YES
92     162    254    0.059941            -1869.525255        -1869.465314        0.212618       0.01           -0.020198      YES
92     164    256    0.052979            -1876.709761        -1876.656782        0.200462       0.01           -0.01768       YES
92     166    258    0.031931            -1883.584042        -1883.552111        0.187038       0.01           -0.018408      YES
92     170    262    0.102169            -1896.551396        -1896.449227        0.152457       0.01           -0.006869      YES
92     192    284    0.009029            -1945.580915        -1945.571886        3e-06          0.01           -0.112683      YES
92     194    286    0.096282            -1947.605683        -1947.509401        0.12785        0.01           -0.014228      NO
92     196    288    0.15788             -1949.726472        -1949.568592        0.159037       0.009992       -0.004681      NO
92     198    290    0.180774            -1951.790027        -1951.609253        0.178521       0.01           -0.00242       YES
94     120    214    0.076719            -1605.21002         -1605.133301        -0.120278      0.01           -0.002586      YES
94     130    224    0.062354            -1695.263341        -1695.200987        0.106127       0.01           -0.00512       YES
94     132    226    0.08176             -1711.018003        -1710.936243        0.17495        0.01           0.006205       NO
94     144    238    0.206243            -1797.163888        -1796.957645        0.258772       0.01           -0.012487      YES
94     160    254    0.092585            -1878.738491        -1878.645906        0.249151       0.01           -0.016805      YES
94     162    256    0.067042            -1886.839369        -1886.772327        0.241752       0.01           -0.017796      YES
94     168    262    0.042682            -1908.98847         -1908.945788        0.201689       0.01           -0.019493      YES
94     170    264    0.055067            -1915.805985        -1915.750918        0.176861       0.01           -0.026142      YES
94     192    286    0.024019            -1971.212575        -1971.188556        0.002161       0.01           -0.108189      YES
94     194    288    0.145588            -1974.160117        -1974.014529        0.168831       0.01           0.020404       YES
96     130    226    0.045527            -1696.708844        -1696.663317        0.131286       0.01           0.011514       YES
96     158    254    0.123676            -1884.833769        -1884.710093        0.26838        0.01           -0.0146        YES
96     164    260    0.094116            -1911.223862        -1911.129746        0.267634       0.01           -0.019758      YES
96     166    262    0.099226            -1919.207322        -1919.108096        0.268066       0.01           -0.022022      YES
96     192    288    0.077435            -1995.390303        -1995.312868        0.07721        0.01           -0.020984      YES
96     220    316    0.257509            -2024.168625        -2023.911116        0.24747        0.01           -0.029176      YES
96     238    334    0.162894            -2014.199734        -2014.03684         0.257197       0.01           -0.041442      YES
98     160    258    0.141579            -1907.710566        -1907.568987        0.277154       0.01           -0.020836      YES
98     162    260    0.143578            -1917.220104        -1917.076526        0.279218       0.01           -0.037128      YES
98     188    286    0.013708            -2011.175789        -2011.162081        4.6e-05        0.01           -0.004424      YES
98     190    288    0.043448            -2014.750891        -2014.707443        -6.7e-05       0.01           -0.029256      YES
98     192    290    0.064827            -2018.899568        -2018.834741        0.262309       0.01           0.181049       YES
98     218    316    0.266187            -2055.542351        -2055.276164        0.250886       0.01           -0.035098      YES
98     236    334    0.310971            -2052.138001        -2051.82703         0.269248       0.01           -0.04413       YES
98     246    344    0.416421            -2043.548615        -2043.132194        0.283052       0.01           -0.028767      YES
100    158    258    0.151667            -1908.718607        -1908.56694         0.278612       0.01           -0.015842      YES
100    162    262    0.182116            -1929.69188         -1929.509764        0.282497       0.01           -0.035249      YES
100    188    288    0.006083            -2031.098627        -2031.092544        -0.000188      0.01           -0.018066      YES
100    190    290    0.18788             -2035.669443        -2035.481563        0.296536       0.01           0.264225       YES
100    216    316    0.221019            -2083.614631        -2083.393612        0.249085       0.01           -0.039337      YES
100    228    328    0.186117            -2088.142609        -2087.956492        0.258959       0.01           -0.044897      YES
100    230    330    0.186224            -2088.024347        -2087.838123        0.262495       0.01           -0.039464      YES
100    232    332    0.156149            -2087.677479        -2087.52133         0.265506       0.01           -0.039882      YES
100    234    334    0.238223            -2087.151556        -2086.913333        0.268165       0.01           -0.040084      YES
100    236    336    0.302912            -2086.446564        -2086.143652        0.271801       0.01           -0.039572      YES
100    238    338    0.330435            -2085.522275        -2085.19184         0.275559       0.01           -0.038282      YES
100    240    340    0.358589            -2084.437043        -2084.078454        0.279343       0.01           -0.035858      YES
100    242    342    0.354323            -2083.157362        -2082.803039        0.283038       0.01           -0.031521      YES
100    244    344    0.387932            -2081.723841        -2081.335909        0.286322       0.01           -0.047724      YES
100    260    360    0.174099            -2067.40897         -2067.234871        0.000719       0.01           -0.002187      YES
100    262    362    0.177046            -2064.144759        -2063.967713        0.001051       0.01           -0.005432      YES
100    264    364    0.187691            -2060.505037        -2060.317346        -0.000285      0.01           -0.032583      YES
102    154    256    0.219688            -1893.163091        -1892.943403        0.27675        0.01           -0.015332      YES
102    156    258    0.188954            -1905.825697        -1905.636743        0.275475       0.01           -0.02906       YES
102    174    276    0.130016            -1997.385587        -1997.255571        0.302895       0.01           -0.03928       YES
102    188    290    0.003141            -2049.613287        -2049.610146        0.000199       0.01           -0.007032      YES
102    230    332    0.14905             -2119.343664        -2119.194614        0.253434       0.01           -0.034435      YES
102    232    334    0.132825            -2119.500444        -2119.367619        0.256721       0.01           -0.034685      YES
102    234    336    0.13394             -2119.439859        -2119.305919        0.260497       0.01           -0.035304      YES
102    238    340    0.297323            -2118.738437        -2118.441114        0.269247       0.01           -0.034719      YES
102    242    344    0.291543            -2117.271186        -2116.979643        0.278664       0.01           -0.047321      YES
102    244    346    0.29888             -2116.287039        -2115.988159        0.283375       0.01           -0.04825       YES
102    260    362    0.191934            -2104.516178        -2104.324244        0.001716       0.01           -0.001849      YES
102    262    364    0.229578            -2101.674365        -2101.444787        0.001312       0.01           -0.00481       YES
102    264    366    0.121631            -2098.419304        -2098.297673        0.001446       0.01           -0.01027       YES
104    148    252    0.199804            -1854.68949         -1854.489686        0.274259       0.01           -0.01395       YES
104    154    258    0.230287            -1898.966822        -1898.736535        0.270533       0.01           -0.027024      YES
104    172    276    0.087674            -2001.090669        -2001.002995        0.273838       0.01           -0.03683       YES
104    176    280    0.104353            -2019.341805        -2019.237452        0.287731       0.01           -0.037141      YES
104    180    284    0.295694            -2036.750894        -2036.4552          0.363815       0.01           -0.02707       YES
104    192    296    0.117022            -2080.196969        -2080.079947        0.306591       0.01           -0.038554      YES
104    198    302    0.167057            -2097.95624         -2097.789183        0.274409       0.01           -0.043832      YES
104    230    334    0.14937             -2149.23098         -2149.08161         0.241208       0.01           -0.031035      YES
104    232    336    0.153175            -2149.869578        -2149.716403        0.242983       0.01           -0.031285      YES
104    234    338    0.159758            -2150.275468        -2150.11571         0.246627       0.01           -0.032633      YES
104    250    354    0.429579            -2147.128454        -2146.698875        0.334894       0.01           -0.063252      YES
104    262    366    0.139029            -2137.937034        -2137.798005        0.001833       0.01           -0.001118      YES
104    264    368    0.344892            -2135.103601        -2134.758709        0.292835       0.01           0.288453       YES
106    144    250    0.124448            -1821.666331        -1821.541883        0.26921        0.01           -0.014161      YES
106    150    256    0.205278            -1872.410197        -1872.204919        0.266944       0.01           -0.023884      YES
106    166    272    0.074664            -1980.462173        -1980.387509        0.244867       0.01           -0.012661      YES
106    176    282    0.071938            -2031.532202        -2031.460264        0.261824       0.01           -0.036754      YES
106    190    296    0.029448            -2088.665952        -2088.636504        -1.4e-05       0.01           -0.355359      YES
106    200    306    0.080084            -2122.663039        -2122.582955        0.268986       0.01           -0.045004      YES
106    202    308    0.06159             -2128.428772        -2128.367182        0.259908       0.01           -0.045269      YES
106    230    336    0.158279            -2177.494315        -2177.336036        0.2307         0.01           -0.028064      YES
106    236    342    0.134548            -2180.159863        -2180.025315        0.23275        0.01           -0.025296      YES
106    238    344    0.122432            -2180.550375        -2180.427943        0.236114       0.01           -0.024391      YES
106    242    348    0.101075            -2180.757679        -2180.656604        0.243774       0.01           -0.048785      YES
106    244    350    0.125766            -2180.586168        -2180.460402        0.249268       0.01           -0.116666      YES
106    264    370    0.139603            -2170.54596         -2170.406357        0.003399       0.01           -0.353712      YES
108    148    256    0.162291            -1855.699942        -1855.537651        0.263541       0.01           -0.020528      YES
108    194    302    0.182939            -2120.05338         -2119.870441        0.32799        0.01           -0.045064      YES
108    198    306    0.124246            -2133.678561        -2133.554315        0.304484       0.01           -0.044604      YES
108    200    308    0.130379            -2140.118342        -2139.987963        0.288333       0.01           -0.04474       YES
108    202    310    0.099735            -2146.344974        -2146.245239        0.271415       0.01           -0.045216      YES
108    244    352    0.116023            -2210.314059        -2210.198036        0.222599       0.01           -0.020337      YES
108    248    356    0.255275            -2210.903459        -2210.648184        0.339743       0.01           -0.050921      YES
108    252    360    0.359125            -2210.711246        -2210.352121        0.339171       0.01           -0.058317      YES
110    156    266    0.2309              -1921.500555        -1921.269655        0.247416       0.01           -0.021852      YES
110    164    274    0.161026            -1979.997814        -1979.836788        0.228597       0.01           -0.017559      YES
110    174    284    0.743554            -2040.22404         -2039.480486        0.448392       0.01           -0.051483      YES
110    190    300    0.12056             -2118.284789        -2118.164229        0.350827       0.01           -0.028325      YES
110    196    306    0.18542             -2142.097049        -2141.911629        0.335525       0.01           -0.029276      YES
110    204    314    0.023621            -2169.176922        -2169.153301        0.217629       0.01           -0.108045      YES
110    232    342    0.106337            -2230.615045        -2230.508708        0.205998       0.01           -0.012647      YES
112    162    274    0.185659            -1968.140356        -1967.954697        0.223418       0.01           -0.01586       YES
112    190    302    0.159291            -2130.014031        -2129.85474         0.370839       0.01           -0.032482      YES
112    198    310    0.014069            -2162.091269        -2162.0772          0.160186       0.01           -0.215607      YES
114    192    306    0.057321            -2149.467582        -2149.410261        0.066869       0.01           -0.029374      YES
114    198    312    0.065197            -2175.939045        -2175.873848        0.383231       0.01           -0.049081      YES
114    200    314    0.036565            -2183.856898        -2183.820333        0.383402       0.01           -0.043459      YES
114    208    322    0.085212            -2213.21533         -2213.130118        0.188383       0.01           -0.009333      YES
114    220    334    0.133029            -2250.328117        -2250.195088        0.19681        0.01           -0.01078       YES
114    244    358    0.014393            -2291.430215        -2291.415822        0.142605       0.01           -0.016636      YES
116    212    328    0.099737            -2241.511467        -2241.41173         0.185918       0.01           -0.010233      YES
116    214    330    0.090148            -2248.384333        -2248.294185        0.18873        0.01           -0.009157      YES
116    228    344    0.108068            -2288.519744        -2288.411676        0.176171       0.01           -0.014961      YES
116    240    356    0.061299            -2310.877494        -2310.816195        0.144029       0.01           -0.016632      YES
118    218    336    0.057374            -2276.273525        -2276.216151        0.186179       0.01           -0.010526      YES
118    236    354    0.076188            -2324.782147        -2324.705959        0.142433       0.01           -0.008739      YES
118    238    356    0.089261            -2328.67346         -2328.584199        0.134859       0.01           -0.016918      YES
118    240    358    0.09585             -2332.279522        -2332.183672        0.12679        0.01           -0.018848      YES
120    166    286    0.69226             -1996.160881        -1995.468621        0.451793       0.01           -0.04656       YES
120    168    288    0.792033            -2012.906566        -2012.114533        0.450268       0.01           -0.046173      YES
120    232    352    0.03284             -2332.881534        -2332.848694        0.143367       0.01           -0.010475      YES
120    280    400    0.269782            -2382.994975        -2382.725193        0.059537       0.01           -0.018147      YES
120    284    404    0.280004            -2381.636779        -2381.356775        0.088885       0.01           0.452362       YES
120    286    406    0.110091            -2381.062692        -2380.952601        0.171009       0.01           0.534515       YES
120    294    414    0.095659            -2377.636132        -2377.540473        0.190224       0.01           -0.025202      YES
120    298    418    0.106058            -2374.906853        -2374.800795        0.190508       0.01           -0.029319      YES
