Z      N      A      E_oct(MeV)          BE_gs(MeV)          BE_control(MeV)     beta3_gs       beta2_gs       beta2_control  Q20_control (b)
22     46     68     -0.002363           -511.482914         -511.480551         0.019564       0.124735       0.121463       1.657778       
24     28     52     -0.0015             -454.981332         -454.979832         0.092481       0.182093       0.113296       0.927425       
24     46     70     -5e-05              -553.467269         -553.467219         0.013967       0.176607       0.175742       2.500098       
26     20     46     -0.006964           -353.64896          -353.641996         0.025964       0.090486       0.000279       0.002155       
32     48     80     0.000583            -689.275726         -689.276309         0.021782       0.135421       0.131311       2.20475        
34     48     82     0.004827            -711.775401         -711.780228         0.017018       0.114126       0.110426       1.904675       
34     56     90     -0.000307           -754.811661         -754.811354         -0.021296      0.157983       0.155196       3.200598       
36     32     68     -6e-06              -547.025933         -547.025927         0.012886       -0.167738      -0.16883       -2.254646      
36     38     74     -0.000167           -628.127585         -628.127418         0.024288       -0.124335      -0.131064      -1.985864      
36     62     98     -0.000136           -806.417095         -806.416959         0.013032       -0.204498      -0.205234      -5.06397       
36     64     100    -0.000124           -813.24167          -813.241546         0.013938       -0.207711      -0.208521      -5.345226      
38     62     100    -0.016313           -835.845687         -835.829374         -0.056472      0.380668       9.837943       0.0            
40     70     110    -0.000794           -897.239087         -897.238293         0.011561       -0.175088      -0.175902      -5.196511      
46     58     104    -0.006478           -891.329499         -891.323021         -0.020458      0.157921       0.155268       3.973888       
52     66     118    -0.000747           -996.45675          -996.456003         0.025854       -0.147184      -0.152907      -4.876107      
54     64     118    0.005978            -985.16749          -985.173468         0.046939       0.276745       0.273688       8.972699       
54     66     120    0.007086            -1005.453618        -1005.460704        0.059409       0.27296        0.266692       8.970587       
54     74     128    -4e-05              -1077.852939        -1077.852899        0.016581       0.164365       0.162261       5.868716       
54     90     144    -0.00077            -1175.434682        -1175.433912        0.058706       0.196024       0.178587       8.031788       
56     54     110    0.001836            -865.82839          -865.830226         0.015954       0.200155       0.199299       5.739341       
56     88     144    -0.14006            -1188.228128        -1188.088068        0.081527       0.176734       0.174061       7.763254       
56     90     146    -0.168173           -1197.516723        -1197.34855         0.091489       0.200833       0.19963        9.214771       
56     92     148    -0.030289           -1206.087179        -1206.05689         0.057797       0.227822       0.227963       10.854682      
58     78     136    -0.000756           -1135.939199        -1135.938443        0.02547        0.13813        0.131449       5.242927       
58     86     144    -0.052689           -1194.680196        -1194.627507        0.03193        0.146863       0.145797       6.43917        
58     88     146    -0.223937           -1206.21625         -1205.992313        0.120754       0.192362       0.186528       8.540413       
58     90     148    -0.099561           -1216.908369        -1216.808808        0.144694       0.233556       0.229234       10.831072      
58     136    194    -0.054507           -1328.0964          -1328.041893        0.050306       0.153925       0.152015       11.770716      
58     138    196    -0.094557           -1327.227449        -1327.132892        0.068031       0.169178       0.166883       13.267693      
58     140    198    -0.089991           -1326.037019        -1325.947028        0.066038       0.18033        0.18032        14.706078      
60     78     138    -7.6e-05            -1145.515536        -1145.51546         0.02639        0.142226       0.135569       5.570218       
60     86     146    -0.051376           -1209.099584        -1209.048208        0.037025       0.146207       0.146837       6.64415        
60     88     148    -0.081281           -1221.875522        -1221.794241        0.116886       0.211282       0.201736       9.459826       
60     92     152    0.002602            -1247.281814        -1247.284416        0.117549       0.327579       0.308754       15.467502      
60     118    178    -0.000422           -1344.44842         -1344.447998        0.025255       0.158317       0.154373       10.100319      
60     120    180    -0.001124           -1349.377818        -1349.376694        0.02271        0.118417       0.112225       7.41466        
60     134    194    -0.162339           -1366.950441        -1366.788102        0.075719       0.129668       0.124741       9.506178       
60     136    196    -0.281843           -1367.015276        -1366.733433        0.103572       0.154773       0.15193        11.905035      
60     138    198    -0.299113           -1366.795869        -1366.496756        0.110693       0.174827       0.176809       14.231702      
62     90     152    0.000997            -1250.011869        -1250.012866        0.104199       0.308171       0.291365       14.520013      
62     132    194    -0.09516            -1402.482778        -1402.387618        0.047962       0.081624       0.075078       5.618302       
62     134    196    -0.38592            -1403.324671        -1402.938751        0.105206       0.120617       0.116287       8.982987       
62     136    198    -0.461568           -1403.946613        -1403.485045        0.130519       0.151887       0.158842       12.595642      
64     88     152    -0.005693           -1247.898451        -1247.892758        0.075297       0.245188       0.229499       11.275221      
64     132    196    -0.258375           -1436.352394        -1436.094019        0.085385       0.079932       0.056422       4.265369       
64     134    198    -0.531815           -1437.780202        -1437.248387        0.125459       0.113899       0.118279       9.240919       
64     136    200    -0.331471           -1439.023364        -1438.691893        0.131706       0.151848       0.175213       14.047542      
66     70     136    0.008851            -1070.091312        -1070.100163        0.011905       0.349721       0.349721       14.772076      
66     88     154    -0.001407           -1258.013055        -1258.011648        0.030325       0.22829        0.225323       11.26813       
66     90     156    0.003238            -1274.513743        -1274.516981        0.074202       0.284264       0.275317       14.242279      
66     92     158    0.008834            -1290.525192        -1290.534026        0.073947       0.31154        0.303648       16.145008      
66     94     160    0.007005            -1305.798001        -1305.805006        0.07382        0.324533       0.317403       17.309586      
66     132    198    -0.247093           -1468.101711        -1467.854618        0.067676       0.068896       0.062685       4.795378       
66     134    200    -0.296246           -1470.230782        -1469.934536        0.096113       0.111824       0.133003       10.48908       
68     68     136    0.007389            -1039.878932        -1039.886321        0.018022       0.344924       0.344689       14.634841      
68     132    200    -0.054189           -1497.958665        -1497.904476        0.046766       0.07631        0.081419       6.292322       
70     92     162    -0.000124           -1308.636149        -1308.636025        0.033449       0.259765       0.257189       14.043983      
70     94     164    -0.001921           -1325.963409        -1325.961488        0.040175       0.286066       0.283126       15.871897      
70     96     166    0.000205            -1342.811308        -1342.811513        0.029609       0.30664        0.306374       17.659759      
72     90     162    -0.000777           -1296.642384        -1296.641607        0.056115       0.215548       0.203986       11.029661      
74     90     164    -0.002857           -1300.52991         -1300.527053        0.04926        0.194495       0.183176       10.038669      
74     98     172    -2.9e-05            -1375.059659        -1375.05963         0.013223       0.288309       0.287996       17.539077      
76     88     164    -0.001704           -1281.525919        -1281.524215        0.036023       0.146931       0.134171       7.229322       
78     96     174    -0.000478           -1363.947183        -1363.946705        0.028883       0.176125       0.171513       10.380962      
78     98     176    -0.016766           -1383.859274        -1383.842508        0.015212       0.273827       0.273844       17.206215      
86     132    218    -0.368009           -1683.572166        -1683.204157        0.083617       0.106776       0.097675       8.485426       
86     134    220    -0.469683           -1694.172861        -1693.703178        0.106714       0.130958       0.123849       11.041776      
86     136    222    -0.341236           -1704.244778        -1703.903542        0.113281       0.149638       0.145015       13.214913      
86     138    224    -0.105728           -1713.975896        -1713.870168        0.089896       0.16768        0.164914       15.346177      
86     194    280    -0.006071           -1861.334775        -1861.328704        0.033843       0.100078       0.097607       13.528179      
86     196    282    -0.03387            -1861.176145        -1861.142275        0.069464       0.125923       0.12215        17.283678      
88     130    218    -0.629613           -1680.482676        -1679.853063        0.082059       0.095054       0.073877       6.361637       
88     132    220    -1.149374           -1693.16125         -1692.011876        0.123024       0.13132        0.119837       10.646826      
88     134    222    -1.337873           -1705.158207        -1703.820334        0.145277       0.154948       0.147138       13.38082       
88     136    224    -1.107023           -1716.500818        -1715.393795        0.158467       0.174284       0.171427       15.910374      
88     138    226    -0.620465           -1727.31894         -1726.698475        0.154364       0.192502       0.191275       18.10408       
88     140    228    -0.164423           -1737.790556        -1737.626133        0.073241       0.207265       0.207015       19.978966      
88     192    280    -0.602747           -1891.913119        -1891.310372        0.090586       0.102306       0.00163        0.220976       
88     194    282    -0.770533           -1892.853445        -1892.082912        0.124216       0.129697       0.115183       16.184064      
88     196    284    -0.80934            -1893.537461        -1892.728121        0.13924        0.14786        0.138564       19.834392      
88     198    286    -0.503527           -1893.973798        -1893.470271        0.136514       0.163502       0.159054       23.148094      
88     200    288    -0.140321           -1894.345878        -1894.205557        0.101618       0.178443       0.176051       26.041922      
90     130    220    -1.051395           -1686.83461         -1685.783215        0.109347       0.109255       0.09187        8.090547       
90     132    222    -1.564033           -1700.675241        -1699.111208        0.143786       0.144451       0.137126       12.418975      
90     134    224    -1.55363            -1713.899697        -1712.346067        0.166551       0.16953        0.170515       15.771196      
90     136    226    -0.999612           -1726.470888        -1725.471276        0.181206       0.190515       0.197773       18.656494      
90     138    228    -0.330314           -1738.472196        -1738.141882        0.149864       0.207169       0.216979       20.872549      
90     192    282    -1.106188           -1920.854531        -1919.748343        0.124171       0.114632       0.085038       11.829314      
90     194    284    -1.432029           -1922.548604        -1921.116575        0.150191       0.13993        0.126205       17.930782      
90     196    286    -1.320317           -1924.01761         -1922.697293        0.165435       0.158525       0.154291       22.320949      
90     198    288    -0.771921           -1925.18854         -1924.416619        0.169023       0.174631       0.176629       25.96312       
90     200    290    -0.125304           -1926.163503        -1926.038199        0.150009       0.191333       0.193063       28.818833      
92     130    222    -1.254952           -1691.410673        -1690.155721        0.123372       0.112743       0.100418       9.013995       
92     132    224    -1.503841           -1706.2284          -1704.724559        0.156278       0.151575       0.155177       14.317019      
92     134    226    -1.197769           -1720.604154        -1719.406385        0.179273       0.181207       0.192863       18.178288      
92     136    228    -0.507498           -1734.426501        -1733.919003        0.193222       0.206385       0.21956        21.100019      
92     190    282    -0.187281           -1945.772682        -1945.585401        0.096214       0.072802       0.000678       0.094707       
92     192    284    -1.556204           -1948.065168        -1946.508964        0.138971       0.115263       -0.001029      -0.145922      
92     194    286    -1.673712           -1950.376333        -1948.702621        0.163473       0.142489       0.138109       19.818356      
92     196    288    -1.234919           -1952.554085        -1951.319166        0.179551       0.163534       0.16975        24.808901      
92     198    290    -0.523119           -1954.478863        -1953.955744        0.184222       0.182457       0.190919       28.375935      
94     130    224    -1.294043           -1694.376369        -1693.082326        0.131507       0.10912        0.109135       9.973289       
94     132    226    -1.072765           -1709.990673        -1708.917908        0.163962       0.15562        0.175928       16.568707      
94     134    228    -0.629776           -1725.436965        -1724.807189        0.183959       0.194549       0.215476       20.750885      
94     136    230    -0.198727           -1740.534589        -1740.335862        0.124321       0.222001       0.235555       23.103659      
94     190    284    -1.018326           -1971.031841        -1970.013515        0.11551        0.074972       -0.000583      -0.081613      
94     192    286    -1.937948           -1973.742436        -1971.804488        0.147786       0.10986        0.100493       14.343682      
94     194    288    -1.616134           -1976.519035        -1974.902901        0.171573       0.139776       0.148624       21.550384      
94     196    290    -0.878409           -1979.272359        -1978.39395         0.187892       0.164699       0.181571       26.835155      
94     198    292    -0.099145           -1981.878139        -1981.778994        0.188002       0.189713       0.201127       30.228434      
94     232    326    -0.001761           -1991.932018        -1991.930257        0.065949       0.205901       0.192091       35.649805      
96     128    224    -0.16359            -1679.643319        -1679.479729        0.069942       0.032561       0.000844       0.077422       
96     130    226    -1.214347           -1695.86236         -1694.648013        0.136661       0.101044       0.119124       11.080534      
96     132    228    -0.512566           -1712.173118        -1711.660552        0.167076       0.157399       0.215485       20.75584       
96     188    284    -0.5478             -1991.068864        -1990.521064        0.084721       0.035214       0.0            0.0            
96     190    286    -1.942714           -1994.709861        -1992.767147        0.12786        0.072021       0.0            0.0            
96     192    288    -2.169692           -1997.9109          -1995.741208        0.155851       0.102932       0.110253       15.898336      
96     194    290    -1.474563           -2001.100768        -1999.626205        0.177862       0.135496       0.155667       22.840104      
96     196    292    -0.641412           -2004.395678        -2003.754266        0.193532       0.163912       0.190681       28.511297      
96     230    326    -0.000888           -2027.91736         -2027.916472        0.068729       0.225274       0.214117       39.585646      
96     232    328    -0.0014             -2027.178577        -2027.177177        0.068795       0.21372        0.19981        37.327719      
96     240    336    -0.002148           -2023.360052        -2023.357904        0.05591        0.167731       0.150345       29.241685      
98     128    226    -0.465318           -1679.128           -1678.662682        0.087065       0.035146       -0.0           -0.0           
98     130    228    -0.826387           -1695.93781         -1695.111423        0.140222       0.092193       0.297487       28.951011      
98     186    284    -0.210442           -2008.401696        -2008.191254        0.05737        0.010909       0.0            0.0            
98     188    286    -1.268833           -2012.439349        -2011.170516        0.105511       0.041261       0.0            0.0            
98     190    288    -2.626151           -2016.650846        -2014.024695        0.13657        0.068286       -0.001316      -0.185437      
98     192    290    -2.087874           -2020.459078        -2018.371204        0.16289        0.09802        0.117486       17.108042      
98     194    292    -1.348419           -2024.208429        -2022.86001         0.185314       0.133895       0.159628       23.700673      
98     196    294    -0.575683           -2028.119106        -2027.543423        0.197073       0.163572       0.198096       29.921209      
98     230    328    -0.007357           -2061.552226        -2061.544869        0.068197       0.231159       0.220642       41.087512      
98     234    332    -0.009001           -2060.614979        -2060.605978        0.069334       0.211001       0.195902       37.221693      
98     238    336    -0.006604           -2059.187039        -2059.180435        0.063158       0.187987       0.170948       33.138128      
100    126    226    -0.046052           -1659.334509        -1659.288457        0.032997       0.006614       0.000572       0.054251       
100    128    228    -0.586605           -1677.055624        -1676.469019        0.089999       0.029448       -0.0           -0.0           
100    168    268    -0.003892           -1954.861056        -1954.857164        0.062657       0.215434       0.2018         25.586964      
100    184    284    -0.01939            -2022.272048        -2022.252658        0.022634       0.000854       0.0            0.0            
100    186    286    -0.491882           -2027.38748         -2026.895598        0.076921       0.014855       -0.00022       -0.030754      
100    188    288    -1.532509           -2032.010661        -2030.478152        0.113665       0.038955       -0.000542      -0.076044      
100    190    290    -2.442018           -2036.812276        -2034.370258        0.143983       0.065749       0.079583       11.399251      
100    192    292    -1.856161           -2041.308345        -2039.452184        0.170046       0.096373       0.123386       18.140739      
100    194    294    -1.109102           -2045.712505        -2044.603403        0.189963       0.134876       0.161833       24.282272      
100    196    296    -0.420565           -2050.259815        -2049.83925         0.192867       0.165718       0.203763       31.071354      
100    230    330    -0.005045           -2093.871607        -2093.866562        0.060822       0.233796       0.224951       42.192124      
100    232    332    -0.006856           -2093.844208        -2093.837352        0.070991       0.228923       0.216409       41.004603      
100    234    334    -0.005014           -2093.594946        -2093.589932        0.072105       0.220024       0.205405       39.307804      
100    236    336    -0.004141           -2093.181866        -2093.177725        0.070915       0.210889       0.192839       37.26802       
100    262    362    -0.409932           -2084.67411         -2084.264178        0.066392       0.018146       -0.000641      -0.171113      
100    264    364    -1.04668            -2081.674646        -2080.627966        0.097333       0.053445       0.043262       9.417414       
102    128    230    -0.469705           -1673.416296        -1672.946591        0.082525       0.01905        -0.0           -0.0           
102    184    286    -0.055749           -2039.098337        -2039.042588        0.037497       0.001587       0.0            1e-06          
102    186    288    -0.494939           -2044.812632        -2044.317693        0.078008       0.00941        0.0            1e-06          
102    188    290    -1.37834            -2049.898895        -2048.520555        0.112655       0.031897       0.0            1e-06          
102    190    292    -2.018424           -2055.292393        -2053.273969        0.146197       0.063141       55.257214      0.0            
102    192    294    -1.086133           -2060.481558        -2059.395425        0.174996       0.095475       53.016662      0.0            
102    194    296    -0.31512            -2065.498678        -2065.183558        0.185594       0.138265       50.493595      0.0            
102    232    334    -0.000219           -2125.185032        -2125.184813        0.081365       0.239892       0.221953       42.345908      
102    234    336    -0.00566            -2125.274998        -2125.269338        0.079341       0.231721       0.213171       41.083819      
102    236    338    -0.005425           -2125.155391        -2125.149966        0.075995       0.220591       0.201519       39.222149      
102    260    362    -0.017094           -2123.483811        -2123.466717        0.037315       0.002846       0.000573       0.111691       
102    262    364    -0.485565           -2120.475404        -2119.989839        0.073688       0.018263       0.000675       0.125786       
102    264    366    -1.099535           -2117.659046        -2116.559511        0.098524       0.038338       0.040685       8.930317       
104    170    274    -0.02081            -1989.162995        -1989.142185        0.063462       0.212897       0.198238       26.040648      
104    184    288    -0.017905           -2054.56448         -2054.546575        0.024139       6.3e-05        0.0            0.0            
104    186    290    -0.325124           -2060.768656        -2060.443532        0.072081       0.005846       0.0            1e-06          
104    188    292    -1.017237           -2066.289741        -2065.272504        0.105877       0.023603       0.0            1e-06          
104    190    294    -0.546338           -2072.246777        -2071.700439        0.144741       0.060151       57.757468      0.0            
104    198    302    0.008858            -2096.536224        -2096.545082        0.108887       0.327034       49.704586      0.0            
104    234    338    -0.000183           -2155.555155        -2155.554972        0.081005       0.235059       0.216212       41.939066      
104    260    364    -0.036234           -2157.752354        -2157.71612         0.031648       0.005688       0.000781       0.162222       
104    262    366    -0.3265             -2154.933458        -2154.606958        0.073223       0.010669       0.001434       0.300136       
104    264    368    -1.025068           -2152.469307        -2151.444239        0.098397       0.034359       0.002852       0.610835       
106    164    270    0.002935            -1968.148438        -1968.151373        0.072341       0.255693       0.243168       31.2579        
106    186    292    -0.136174           -2075.417495        -2075.281321        0.054738       0.000412       0.0            1e-06          
106    188    294    -0.455959           -2081.367159        -2080.9112          0.092537       0.012363       60.8886        0.0            
106    198    304    0.002985            -2115.38753         -2115.390515        0.12615        0.353482       54.363423      0.0            
106    200    306    0.010451            -2121.292107        -2121.302558        0.119065       0.334987       51.723812      0.0            
106    262    368    -0.17874            -2188.289648        -2188.110908        0.064858       0.003953       0.001773       0.381737       
106    264    370    -0.79716            -2186.108493        -2185.311333        0.094972       0.029693       0.004215       0.924171       
108    158    266    0.025343            -1934.556015        -1934.581358        0.084439       0.275501       32.621638      0.0            
108    164    272    0.003106            -1975.034601        -1975.037707        0.072668       0.251921       0.238618       31.015844      
108    170    278    -0.001914           -2008.896703        -2008.894789        0.063352       0.218505       0.203322       27.328017      
108    188    296    0.057808            -2095.192872        -2095.25068         0.073106       0.004094       62.552251      0.0            
108    196    304    0.053062            -2125.871386        -2125.924448        0.090761       0.370709       59.254732      0.0            
108    200    308    0.01767             -2139.021281        -2139.038951        0.130657       0.35728        56.108249      0.0            
108    262    370    -0.058256           -2220.547848        -2220.489592        0.046421       0.006757       0.001748       0.382754       
108    264    372    -0.467155           -2218.539335        -2218.07218         0.091081       0.021591       0.004302       0.955278       
108    266    374    -1.045341           -2217.076829        -2216.031488        0.118482       0.052409       0.07048        16.107995      
108    268    376    -0.32865            -2215.301692        -2214.973042        0.138027       0.078929       90.209848      0.0            
110    166    276    0.031152            -1991.907456        -1991.938608        0.070556       0.237571       0.222234       29.536125      
110    168    278    -0.0011             -2004.099273        -2004.098173        0.070235       0.228046       0.211127       28.376309      
110    188    298    0.073485            -2107.986849        -2108.060334        0.067833       0.411165       64.925341      0.0            
110    192    302    0.066266            -2125.216954        -2125.28322         0.205067       0.420003       63.11673       0.0            
110    196    306    0.05889             -2141.117244        -2141.176134        0.085969       0.380855       61.956675      0.0            
110    198    308    0.011046            -2148.477518        -2148.488564        0.139878       0.382977       61.048439      0.0            
110    200    310    0.009097            -2155.390496        -2155.399593        0.136848       0.372745       59.774535      0.0            
110    202    312    0.012783            -2161.941635        -2161.954418        0.133027       0.359931       57.822542      0.0            
110    228    338    0.001595            -2229.051577        -2229.053172        0.038638       0.219889       0.215517       41.267846      
110    264    374    -0.201248           -2249.913439        -2249.712191        0.077453       0.01624        0.003762       0.846138       
110    266    376    -0.483204           -2248.777358        -2248.294154        0.11359        0.048138       91.80451       0.0            
112    160    272    0.005981            -1952.217017        -1952.222998        0.071508       0.248733       0.235377       30.521893      
112    162    274    0.024774            -1967.73383         -1967.758604        0.070677       0.244337       0.229793       30.132892      
112    164    276    0.026415            -1982.040732        -1982.067147        0.075207       0.239699       0.222317       29.49244       
112    168    280    -0.00309            -2008.63979         -2008.6367          0.070562       0.219783       0.200349       27.183079      
112    192    304    0.072226            -2137.712265        -2137.784491        0.057299       0.402266       65.752275      0.0            
112    194    306    0.063108            -2146.468974        -2146.532082        0.215001       0.42597        65.295016      0.0            
112    200    312    0.01267             -2170.102392        -2170.115062        0.141691       0.386948       63.029094      0.0            
112    202    314    0.024392            -2177.154596        -2177.178988        0.138584       0.376411       61.616163      0.0            
112    204    316    0.029669            -2183.860294        -2183.889963        0.134637       0.362307       59.447776      0.0            
112    236    348    -0.001029           -2263.330673        -2263.329644        0.01772        0.180363       0.178869       35.908563      
112    266    378    -0.321695           -2279.344215        -2279.02252         0.10628        0.045803       93.301555      0.0            
112    282    394    -0.016472           -2273.644722        -2273.62825         0.08383        0.230069       0.210379       54.016793      
112    284    396    -0.01066            -2272.798614        -2272.787954        0.086214       0.235193       0.21539        55.887021      
112    286    398    -0.009288           -2271.802009        -2271.792721        0.088406       0.239549       0.219547       57.547831      
114    154    268    0.032682            -1899.176111        -1899.208793        0.060399       0.253237       0.243979       30.960996      
114    164    278    -0.000506           -1983.453345        -1983.452839        0.020492       0.212045       0.210369       28.214787      
114    190    304    0.04165             -2139.038247        -2139.079897        0.229714       0.456441       70.154473      0.0            
114    192    306    0.070107            -2148.624492        -2148.694599        0.221118       0.444986       69.066836      0.0            
114    200    314    0.02169             -2182.977313        -2182.999003        0.144898       0.402699       66.874826      0.0            
114    202    316    0.027373            -2190.506206        -2190.533579        0.142713       0.392976       65.605279      0.0            
114    224    338    0.013998            -2261.895463        -2261.909461        0.019722       0.21185        0.210519       40.057567      
114    266    380    -0.516884           -2308.774135        -2308.257251        0.095213       0.044787       0.007158       1.664267       
114    282    396    -0.027734           -2305.384178        -2305.356444        0.08551        0.23161        0.211501       54.540842      
114    284    398    -0.022008           -2304.915322        -2304.893314        0.087813       0.236892       0.21658        56.420779      
114    286    400    -0.020533           -2304.310788        -2304.290255        0.089707       0.241076       0.220634       58.048399      
114    288    402    -0.013936           -2303.53512         -2303.521184        0.091009       0.244039       0.223576       59.402328      
114    290    404    -0.014643           -2302.552201        -2302.537558        0.092036       0.246012       0.225457       60.49365       
114    292    406    -0.009266           -2301.327729        -2301.318463        0.092588       0.247056       0.226468       61.363544      
114    294    408    -0.00566            -2299.879597        -2299.873937        0.092585       0.247356       0.226831       62.059294      
114    296    410    -0.004752           -2298.252151        -2298.247399        0.092577       0.247253       0.226694       62.614332      
116    192    308    -0.059765           -2156.190472        -2156.130707        0.074521       0.074383       -59.884425     0.0            
116    194    310    -0.042439           -2165.924413        -2165.881974        0.086612       -0.347733      -61.282489     0.0            
116    198    314    -0.004661           -2184.056111        -2184.05145         0.094861       -0.352701      -64.011776     0.0            
116    200    316    -0.002259           -2192.487144        -2192.484885        0.098798       -0.355259      -65.447218     0.0            
116    266    382    -0.371077           -2337.044876        -2336.673799        0.083065       0.043722       0.004575       1.06524        
116    268    384    -0.826708           -2336.720063        -2335.893355        0.104951       0.053053       0.035363       8.329446       
116    270    386    -0.682281           -2336.089007        -2335.406726        0.110825       0.061887       0.075226       18.009093      
116    284    400    -0.040755           -2335.736708        -2335.695953        0.087646       0.235283       0.214608       56.139373      
116    286    402    -0.0343             -2335.474349        -2335.440049        0.089479       0.239432       0.218642       57.764372      
116    288    404    -0.033665           -2335.057523        -2335.023858        0.090978       0.242512       0.221577       59.116892      
116    290    406    -0.025153           -2334.43756         -2334.412407        0.091729       0.244369       0.223506       60.220696      
116    292    408    -0.019922           -2333.598801        -2333.578879        0.092192       0.245438       0.224629       61.120769      
116    294    410    -0.003643           -2332.543742        -2332.540099        0.092417       0.245922       0.225159       61.86366       
118    192    310    -0.041648           -2164.715471        -2164.673823        0.084729       -0.34926       -61.404729     0.0            
118    194    312    -0.028903           -2175.11771         -2175.088807        0.090192       -0.351656      -62.814765     0.0            
118    196    314    -0.026291           -2185.077339        -2185.051048        0.094133       -0.354465      -64.262141     0.0            
118    198    316    -0.027272           -2194.583823        -2194.556551        0.098946       -0.35715       -65.764033     0.0            
118    200    318    -0.002433           -2203.688683        -2203.68625         0.103107       -0.36017       -67.266619     0.0            
118    202    320    0.000688            -2212.469575        -2212.470263        0.107385       -0.363195      -68.859348     0.0            
118    266    384    -0.439581           -2364.081211        -2363.64163         0.07824        0.042046       0.003585       0.83327        
118    268    386    -0.903047           -2364.158859        -2363.255812        0.098277       0.051342       0.013993       3.291857       
118    270    388    -1.031074           -2363.95663         -2362.925556        0.105914       0.057799       -0.346448      -88.860671     
118    272    390    -0.076336           -2363.543783        -2363.467447        0.097796       0.073877       -0.343958      -89.033905     
118    284    402    -0.044274           -2365.375607        -2365.331333        0.085214       0.228762       0.206298       54.17667       
118    286    404    -0.040506           -2365.42122         -2365.380714        0.087536       0.233701       0.211605       56.133129      
118    288    406    -0.040225           -2365.315433        -2365.275208        0.089346       0.237468       0.215609       57.765256      
118    290    408    -0.033961           -2365.04204         -2365.008079        0.090389       0.240049       0.218482       59.117245      
118    292    410    -0.019689           -2364.576204        -2364.556515        0.091131       0.241724       0.220621       60.300659      
118    294    412    -0.015612           -2363.918259        -2363.902647        0.091394       0.242586       0.221595       61.157353      
118    296    414    -0.002979           -2363.062316        -2363.059337        0.09131        0.242821       0.221972       61.847089      
120    166    286    1.205212            -1994.063245        -1995.268457        0.142002       -0.37536       74.437879      0.0            
120    168    288    0.083926            -2011.854122        -2011.938048        0.022142       0.492321       75.224579      0.0            
120    192    312    -0.285614           -2171.571873        -2171.286259        0.067581       0.048545       -63.273176     0.0            
120    194    314    -0.021634           -2182.420072        -2182.398438        0.096478       -0.356713      -64.696403     0.0            
120    196    316    -0.017469           -2193.102462        -2193.084993        0.100232       -0.359711      -66.196465     0.0            
120    198    318    0.008396            -2203.351627        -2203.360023        0.104171       -0.362855      -67.714638     0.0            
120    200    320    0.006935            -2213.211867        -2213.218802        0.108261       -0.366006      -69.318441     0.0            
120    204    324    -0.003366           -2231.947981        -2231.944615        0.115193       -0.371965      -72.53871      0.0            
120    266    386    -0.639612           -2389.700236        -2389.060624        0.08623        0.031975       0.002472       0.579822       
120    268    388    -1.13586            -2390.239051        -2389.103191        0.100074       0.048026       0.005966       1.414802       
120    270    390    -1.205633           -2390.480261        -2389.274628        0.108143       0.052317       -95.937704     0.0            
120    272    392    -0.237233           -2390.457684        -2390.220451        0.109237       0.057396       -96.506995     0.0            
120    284    404    -0.035917           -2393.843295        -2393.807378        0.081703       0.220113       0.197176       52.012487      
120    286    406    -0.032919           -2394.179324        -2394.146405        0.084421       0.225744       0.203042       54.095862      
120    288    408    -0.030142           -2394.376687        -2394.346545        0.086659       0.230636       0.208184       56.010572      
120    290    410    -0.036253           -2394.435995        -2394.399742        0.088264       0.234519       0.212376       57.698552      
120    292    412    -0.032392           -2394.337789        -2394.305397        0.089387       0.237255       0.215393       59.08994       
120    294    414    -0.018924           -2394.06366         -2394.044736        0.089942       0.238797       0.217679       60.3039        
120    296    416    -0.004552           -2393.603826        -2393.599274        0.09004        0.239449       0.218451       61.087813      
14     2      16     -0.166986           11.253816           11.420802           -0.0           -0.389116      -0.341791      -1.404701      
102    130    232    -1.12106            -1692.432658        -1691.311598        -0.000124      0.360008       -0.289922      -29.384038     
104    134    238    -2.547143           -1728.78855         -1726.241407        -0.000112      0.373883       -0.301468      -32.040664     
104    136    240    -2.856063           -1747.737625        -1744.881562        -3.1e-05       0.353171       -0.30637       -33.086211     
104    192    296    -1.367109           -2078.333506        -2076.966397        0.002124       0.360333       0.12979        19.429569      
106    190    296    -1.712427           -2088.388526        -2086.676099        0.000505       0.381248       0.082902       12.219599      
106    192    298    -2.180065           -2095.667896        -2093.487831        0.000487       0.371072       0.128048       19.317073      
108    190    298    -1.984604           -2103.334146        -2101.349542        0.001112       0.38811        0.075164       11.173708      
108    192    300    -2.586088           -2111.210587        -2108.624499        -6.8e-05       0.37964        0.121075       18.386143      
108    270    378    -0.957981           -2214.098794        -2213.140813        0.000566       0.360683       0.120933       28.474656      
108    272    380    -0.866776           -2212.871294        -2212.004518        -0.000204      0.356441       0.140875       33.632336      
110    190    300    -1.991081           -2116.732446        -2114.741365        -0.000704      0.397192       0.062929       9.440952       
110    268    378    -1.429763           -2247.93783         -2246.508067        -1.9e-05       0.367493       0.091451       21.307447      
110    270    380    -1.778492           -2247.241134        -2245.462642        -3.3e-05       0.362015       0.114038       26.941664      
110    272    382    -1.74177            -2246.338805        -2244.597035        -0.000445      0.358067       0.134172       32.142023      
110    274    384    -1.496811           -2245.334543        -2243.837732        0.001941       0.354345       0.152982       37.176261      
110    276    386    -0.960897           -2244.107789        -2243.146892        -0.000201      0.351583       0.17952        44.300217      
112    190    302    -1.750638           -2128.624882        -2126.874244        -0.000174      0.408214       0.043534       6.611654       
112    268    380    -1.605995           -2279.033191        -2277.427196        9.8e-05        0.370911       0.080883       18.924755      
112    270    382    -2.146965           -2278.758061        -2276.611096        0.000931       0.3649         0.10445        24.777143      
112    272    384    -2.378162           -2278.350047        -2275.971885        0.000205       0.359785       0.124718       29.997368      
112    274    386    -2.243158           -2277.698206        -2275.455048        0.000327       0.356108       0.144983       35.382078      
112    276    388    -1.752082           -2276.882715        -2275.130633        5.7e-05        0.352983       0.178921       44.310672      
112    278    390    -1.004953           -2275.817534        -2274.812581        -0.000256      0.350757       0.198023       49.712923      
112    280    392    -0.190455           -2274.502497        -2274.312042        0.000697       0.350716       0.20475        51.998536      
114    194    308    -3.172128           -2157.899059        -2154.726931        0.001552       0.407012       0.107445       16.956395      
114    196    310    -3.361621           -2166.724586        -2163.362965        -0.000216      0.401028       0.129523       20.758762      
114    198    312    -3.130997           -2175.052889        -2171.921892        5e-05          0.394622       0.149823       24.389017      
114    268    382    -1.310358           -2308.52553         -2307.215172        0.000197       0.380375       0.065199       15.327314      
114    270    384    -2.005639           -2308.608724        -2306.603085        0.000757       0.372354       0.091975       21.927424      
114    272    386    -2.422797           -2308.583208        -2306.160411        5.6e-05        0.365772       0.113151       27.349746      
114    276    390    -2.11545            -2307.996613        -2305.881163        0.000214       0.356555       0.175437       43.642087      
114    278    392    -1.424461           -2307.28542         -2305.860959        5.2e-05        0.354455       0.192788       48.599397      
114    280    394    -0.694902           -2306.371483        -2305.676581        9.3e-05        0.352763       0.202537       51.653259      
116    196    312    -3.324096           -2177.205219        -2173.881123        0.000643       0.426333       0.110213       17.801388      
116    272    388    -2.015104           -2337.43619         -2335.421086        -1.9e-05       0.376017       -0.331923      -85.028816     
116    276    392    -2.23126            -2337.663753        -2335.432493        -3.2e-05       0.362155       0.165973       41.482223      
116    278    394    -1.737316           -2337.42933         -2335.692014        -7e-05         0.358097       0.18458        46.737199      
116    280    396    -1.053922           -2336.871013        -2335.817091        0.000443       0.355768       0.197729       50.640479      
116    282    398    -0.280167           -2336.09652         -2335.816353        8.9e-05        0.354044       0.206913       53.558754      
118    278    396    -1.95536            -2366.310939        -2364.355579        0.000129       0.362331       0.175788       44.713901      
118    280    398    -1.372355           -2366.161264        -2364.788909        0.000548       0.358761       0.189676       48.777753      
118    282    400    -0.619508           -2365.760843        -2365.141335        -1e-05         0.355774       0.199258       51.787314      
120    278    398    -2.133442           -2393.949289        -2391.815847        -5e-05         0.367432       0.169947       43.425508      
120    280    400    -1.545999           -2394.194356        -2392.648357        -3.4e-05       0.363082       0.181905       46.989605      
120    282    402    -0.85941            -2394.169839        -2393.310429        -6.2e-05       0.359497       0.190412       49.713496      
