Z      N      A      E_soft(MeV)         BE_b3=0 (MeV)       BE_b3=0.01 (MeV)    beta2          beta3 (0.01)   delta_beta2    CONV     
14     2      16     1.510966            21.819099           23.330065           -0.084703      0.009999       0.287183       YES
26     36     62     0.052125            -537.136849         -537.084724         0.122781       0.01           -0.007316      YES
32     70     102    0.230944            -745.086            -744.855056         0.211011       0.01           -0.028695      YES
34     78     112    0.194522            -795.269897         -795.075375         0.16565        0.01           -0.022667      YES
36     32     68     0.022106            -547.325096         -547.30299          -0.179015      0.01           0.008496       YES
40     56     96     0.0052              -830.587774         -830.582574         5.5e-05        0.01           -0.000338      YES
40     58     98     0.0106              -841.653877         -841.643277         -6e-06         0.01           -0.005361      YES
40     60     100    0.010608            -851.10838          -851.097772         -0.000324      0.01           -0.002935      YES
42     58     100    0.006705            -860.742912         -860.736207         3e-05          0.01           0.0025         YES
42     74     116    0.091636            -941.36302          -941.271384         -0.162017      0.01           0.007039       YES
42     104    146    0.135871            -975.151976         -975.016105         -0.001444      0.01           0.021345       YES
52     58     110    0.03136             -920.063779         -920.032419         0.167496       0.01           -0.006059      YES
52     72     124    0.039618            -1049.847849        -1049.808231        0.162741       0.01           -0.007929      YES
54     54     108    0.054989            -873.321073         -873.266084         0.177346       0.01           -0.007491      YES
54     56     110    0.072192            -898.879526         -898.807334         0.19692        0.01           -0.010765      YES
54     58     112    0.051846            -922.74715          -922.695304         0.221349       0.01           -0.011635      YES
54     72     126    0.079626            -1064.190013        -1064.110387        0.210388       0.01           -0.008901      YES
54     74     128    0.04671             -1080.538674        -1080.491964        0.175575       0.01           -0.009052      YES
54     88     142    0.031787            -1167.926812        -1167.895025        0.143243       0.01           -0.015892      NO
54     90     144    0.050211            -1175.330823        -1175.280612        0.17457        0.010001       -0.00933       YES
56     54     110    0.061894            -869.467849         -869.405955         0.19816        0.01           -0.012144      YES
56     56     112    0.026706            -897.206387         -897.179681         0.218592       0.01           -0.016129      YES
56     58     114    0.042794            -923.129759         -923.086965         0.258984       0.010001       -0.020406      NO
56     86     142    0.027448            -1179.931782        -1179.904334        0.122114       0.01           -0.013722      NO
56     88     144    0.063161            -1189.122271        -1189.05911         0.160552       0.010001       -0.015555      NO
56     90     146    0.070609            -1198.038045        -1197.967436        0.195382       0.01           -0.013065      NO
58     54     112    0.069442            -863.384969         -863.315527         0.22034        0.01           -0.014012      YES
58     56     114    0.03128             -893.11064          -893.07936          0.25152        0.01           -0.016731      NO
58     86     144    0.032533            -1197.324625        -1197.292092        0.117597       0.01           -0.01601       NO
58     88     146    0.032763            -1207.670286        -1207.637523        0.162529       0.01           -0.015591      YES
58     90     148    0.12753             -1218.253586        -1218.126056        0.230457       0.01           0.016743       YES
60     62     122    0.372786            -976.366966         -975.99418          0.363902       0.01           -0.027472      YES
60     86     146    0.028824            -1212.575694        -1212.54687         0.098912       0.010001       -0.0197        NO
60     88     148    0.019963            -1223.904537        -1223.884574        0.172243       0.01           0.010414       YES
60     136    196    0.016642            -1365.714801        -1365.698159        -0.061567      0.01           -0.14086       YES
62     86     148    0.02097             -1225.855487        -1225.834517        0.073823       0.009998       -0.035731      NO
62     88     150    0.049009            -1238.387541        -1238.338532        0.200201       0.01           0.068168       YES
62     90     152    0.121694            -1252.688522        -1252.566828        0.263744       0.01           -0.033534      YES
62     132    194    -0.005346           -1402.108027        -1402.113373        0.054841       0.01           -0.020197      NO
62     134    196    0.016067            -1402.680902        -1402.664835        0.061792       0.01           -0.034163      NO
62     136    198    0.013849            -1402.976953        -1402.963104        -0.069273      0.01           -0.167166      YES
62     138    200    0.065944            -1403.539248        -1403.473304        -0.110333      0.01           -0.203542      YES
62     140    202    0.080284            -1403.812687        -1403.732403        -0.122658      0.01           -0.190569      YES
64     86     150    0.01495             -1236.938505        -1236.923555        -0.062996      0.01           -0.147162      NO
64     88     152    0.053394            -1251.015902        -1250.962508        0.206048       0.010001       0.084681       NO
64     130    194    -0.044235           -1434.283255        -1434.32749         0.023268       0.01           -0.025613      YES
64     132    196    -0.00549            -1435.816532        -1435.822022        0.044502       0.01           -0.042651      YES
64     134    198    -0.023371           -1437.035452        -1437.058823        0.051822       0.01           -0.042332      YES
64     136    200    0.069802            -1438.427687        -1438.357885        -0.111512      0.01           -0.205754      YES
64     138    202    0.096317            -1439.920385        -1439.824068        -0.127187      0.01           -0.206565      YES
64     140    204    0.142768            -1441.021119        -1440.878351        -0.138635      0.01           -0.206701      YES
66     72     138    0.018521            -1100.074058        -1100.055537        0.309925       0.010001       -0.022553      YES
66     84     150    0.004483            -1230.774025        -1230.769542        0.000226       0.01           -0.026194      YES
66     86     152    0.020086            -1246.09103         -1246.070944        -0.106573      0.01           -0.186537      YES
66     88     154    0.030826            -1261.682507        -1261.651681        0.199227       0.01           0.089079       YES
66     94     160    0.224354            -1309.51069         -1309.286336        0.299379       0.01           -0.03611       YES
66     130    196    -0.047933           -1465.24551         -1465.293443        0.031756       0.01           -0.020056      YES
66     132    198    -0.006161           -1467.495129        -1467.50129         0.051399       0.01           -0.021896      YES
66     134    200    0.050185            -1469.617729        -1469.567544        -0.10109       0.01           -0.191647      YES
66     136    202    0.084874            -1472.114214        -1472.02934         -0.12068       0.01           -0.199524      YES
66     138    204    0.109123            -1474.360326        -1474.251203        -0.133438      0.01           -0.205809      YES
68     86     154    0.0354              -1253.376741        -1253.341341        -0.117252      0.01           -0.201157      YES
68     130    198    -0.003613           -1494.519273        -1494.522886        0.041151       0.01           -0.011683      YES
68     132    200    0.032478            -1497.510966        -1497.478488        0.066871       0.010001       -0.004288      NO
68     134    202    0.060074            -1500.532656        -1500.472582        -0.10693       0.01           -0.181747      YES
68     136    204    0.079345            -1503.650222        -1503.570877        -0.122959      0.01           -0.190201      YES
68     138    206    0.183225            -1506.88099         -1506.697765        0.195373       0.01           0.12409        YES
70     90     160    0.046128            -1295.390485        -1295.344357        0.21632        0.01           -0.021961      YES
70     92     162    0.1043              -1313.080852        -1312.976552        0.247322       0.01           -0.025162      YES
70     94     164    0.091869            -1330.261733        -1330.169864        0.271707       0.01           -0.025783      YES
70     96     166    0.099505            -1346.827951        -1346.728446        0.292024       0.010002       -0.02405       YES
70     130    200    0.005111            -1522.244761        -1522.23965         0.051822       0.01           -0.00153       YES
70     132    202    0.053501            -1526.028271        -1525.97477         0.081445       0.01           0.012537       NO
70     134    204    0.053491            -1529.574188        -1529.520697        0.123331       0.01           0.058642       NO
70     136    206    0.099751            -1533.613233        -1533.513482        0.164391       0.010001       0.111777       YES
72     92     164    0.098377            -1319.823447        -1319.72507         0.229392       0.01           -0.020807      YES
72     94     166    0.077974            -1337.937529        -1337.859555        0.255795       0.01           -0.02339       YES
72     96     168    0.056747            -1355.480892        -1355.424145        0.280308       0.010001       -0.023929      YES
72     130    202    0.000699            -1548.382595        -1548.381896        0.054734       0.01           0.001221       YES
72     132    204    0.042984            -1552.952737        -1552.909753        0.086045       0.01           0.017845       NO
72     134    206    0.035997            -1557.319889        -1557.283892        0.120161       0.01           0.069487       NO
72     136    208    0.07606             -1561.964593        -1561.888533        0.1535         0.01           0.129412       YES
74     92     166    0.03985             -1324.607224        -1324.567374        0.207955       0.01           -0.021776      YES
74     94     168    0.058516            -1343.683109        -1343.624593        0.251703       0.01           -0.022099      YES
74     96     170    0.125315            -1362.380361        -1362.255046        0.282688       0.01           -0.022889      YES
74     98     172    0.127572            -1380.296163        -1380.168591        0.293352       0.009999       -0.021231      YES
74     130    204    -0.005835           -1572.928982        -1572.934817        0.048215       0.01           -0.000182      YES
74     132    206    0.026476            -1578.200936        -1578.17446         0.080225       0.01           0.013973       NO
74     134    208    0.040364            -1583.263522        -1583.223158        0.107658       0.01           0.073338       YES
74     136    210    0.046084            -1588.457401        -1588.411317        0.137403       0.009999       0.13107        YES
76     96     172    0.164889            -1367.223608        -1367.058719        0.27876        0.01           -0.020649      YES
76     98     174    0.13926             -1386.081183        -1385.941923        0.287095       0.010001       -0.019336      YES
76     132    208    -0.014468           -1601.823917        -1601.838385        0.064653       0.01           0.009287       YES
76     134    210    0.015426            -1607.497232        -1607.481806        0.089656       0.01           0.06098        NO
76     136    212    0.042348            -1613.170001        -1613.127653        0.114413       0.01           0.111506       YES
76     138    214    0.032545            -1618.87919         -1618.846645        0.13803        0.01           0.162838       YES
78     90     168    0.019128            -1307.583447        -1307.564319        0.131659       0.01           -0.016239      YES
78     96     174    0.080284            -1369.807983        -1369.727699        0.268732       0.01           -0.01988       YES
78     100    178    0.120149            -1408.975104        -1408.854955        0.287317       0.010001       -0.015957      YES
78     132    210    -0.019307           -1623.986071        -1624.005378        0.034078       0.01           -0.005653      YES
78     134    212    -0.023239           -1630.235191        -1630.25843         0.060774       0.01           0.030446       YES
78     136    214    0.041379            -1636.540126        -1636.498747        -0.081087      0.010001       -0.088858      YES
78     138    216    0.04323             -1642.649895        -1642.606665        -0.091178      0.01           -0.076072      YES
78     140    218    0.046723            -1648.582938        -1648.536215        0.202526       0.01           0.247478       YES
80     92     172    0.027418            -1328.227953        -1328.200535        0.100597       0.01           -0.011244      YES
80     96     176    0.038111            -1370.460164        -1370.422053        0.256871       0.01           -0.016727      YES
80     132    212    -0.004671           -1645.00302         -1645.007691        1.9e-05        0.010001       -0.02333       YES
80     134    214    -0.013658           -1651.84151         -1651.855168        1.4e-05        0.01           -0.027164      YES
80     136    216    -0.006447           -1658.505737        -1658.512184        -0.035325      0.01           -0.052159      YES
80     138    218    0.01603             -1665.30096         -1665.28493         -0.063824      0.01           -0.063916      YES
80     140    220    0.019502            -1671.842783        -1671.823281        -0.071911      0.01           -0.04377       YES
80     142    222    0.015433            -1678.129054        -1678.113621        -0.07622       0.01           -0.02453       YES
82     92     174    0.007019            -1326.71558         -1326.708561        0.001303       0.009999       -0.013577      YES
82     94     176    0.008411            -1348.679024        -1348.670613        0.003669       0.01           -0.019773      YES
82     96     178    0.008154            -1370.268647        -1370.260493        -0.003038      0.01           -0.015293      YES
82     132    214    -0.00614            -1663.504793        -1663.510933        2e-05          0.01           -0.015244      YES
82     134    216    -0.009246           -1671.119911        -1671.129157        0.000464       0.01           -0.023498      YES
82     136    218    -0.005089           -1678.5474          -1678.552489        0.000662       0.01           -0.018444      YES
82     138    220    0.003825            -1685.766622        -1685.762797        0.001159       0.01           -0.006405      YES
82     140    222    -0.008017           -1692.799792        -1692.807809        -0.025248      0.01           -0.011021      YES
82     142    224    -0.021122           -1699.728514        -1699.749636        -0.039571      0.01           -0.004336      YES
82     144    226    0.083634            -1706.757951        -1706.674317        0.216296       0.009999       0.260092       YES
84     132    216    -0.002801           -1675.474983        -1675.477784        0.002396       0.01           -0.034885      YES
84     134    218    -0.003871           -1684.313282        -1684.317153        -0.046811      0.01           -0.091206      YES
84     136    220    0.032364            -1693.142322        -1693.109958        0.084273       0.01           0.049993       YES
84     192    276    -0.00154            -1828.949808        -1828.951348        5e-06          0.01           -0.034384      YES
84     194    278    -0.050287           -1827.997346        -1828.047633        0.040072       0.01           -5.7e-05       YES
84     196    280    0.003032            -1827.322968        -1827.319936        -0.057511      0.01           -0.112334      YES
86     132    218    0.018717            -1686.704817        -1686.6861          0.072891       0.01           -0.008718      YES
86     134    220    0.031412            -1697.103903        -1697.072491        0.107909       0.01           -0.009095      YES
86     192    278    -0.0139             -1861.695372        -1861.709272        0.051996       0.01           -0.001395      YES
86     194    280    0.048607            -1861.666589        -1861.617982        0.076933       0.009999       0.006059       YES
88     132    220    0.001739            -1696.12069         -1696.118951        0.087807       0.010001       -0.028745      NO
88     134    222    0.022737            -1707.621951        -1707.599214        0.130672       0.01           -0.018788      NO
88     136    224    0.068248            -1719.290973        -1719.222725        0.162241       0.01           -0.009073      NO
88     138    226    0.078581            -1730.67562         -1730.597039        0.181633       0.01           -0.008511      YES
88     192    280    -0.026042           -1893.005537        -1893.031579        0.055306       0.01           -0.000319      YES
88     194    282    0.090934            -1893.634763        -1893.543829        0.077199       0.01           -0.000635      YES
90     130    220    0.020131            -1692.084356        -1692.064225        -0.001128      0.01           -0.090421      YES
90     132    222    0.021399            -1703.607919        -1703.58652         0.082421       0.010001       -0.045824      NO
90     134    224    0.054669            -1716.389062        -1716.334393        0.157307       0.009999       -0.00497       YES
90     136    226    0.153654            -1729.674279        -1729.520625        0.188701       0.01           0.003134       NO
90     138    228    0.14081             -1742.332994        -1742.192184        0.206408       0.01           4.6e-05        YES
90     192    282    0.00213             -1922.72048         -1922.71835         0.028673       0.01           -0.012241      YES
90     194    284    -0.047927           -1923.734522        -1923.782449        0.060469       0.010001       0.006036       YES
92     130    222    0.011497            -1697.707734        -1697.696237        -0.000627      0.01           -0.088392      YES
92     132    224    0.003438            -1709.83974         -1709.836302        -0.004088      0.009999       -0.132254      YES
92     134    226    0.080494            -1724.035068        -1723.954574        0.185533       0.009999       0.017759       YES
92     136    228    0.108769            -1738.639066        -1738.530297        0.210486       0.01           0.014428       NO
92     138    230    0.142991            -1752.437229        -1752.294238        0.223745       0.01           0.002546       YES
92     192    284    0.067626            -1951.173256        -1951.10563         -0.001677      0.01           -0.041491      YES
92     194    286    0.018284            -1952.407499        -1952.389215        -0.033824      0.01           -0.079332      YES
92     196    288    0.055475            -1953.825619        -1953.770144        0.073995       0.01           0.028681       YES
94     130    224    0.011865            -1700.700481        -1700.688616        0.001196       0.01           -0.081701      YES
94     132    226    -0.013877           -1714.053038        -1714.066915        -0.057942      0.01           -0.174766      YES
94     134    228    0.079913            -1730.15492         -1730.075007        0.215605       0.01           0.050282       YES
94     136    230    0.107244            -1745.709541        -1745.602297        0.227416       0.01           0.020659       YES
94     188    282    0.001483            -1972.34707         -1972.345587        -0.000496      0.01           -0.02393       YES
94     190    284    -0.014099           -1974.084146        -1974.098245        2.6e-05        0.01           -0.049542      YES
94     192    286    0.031643            -1976.198197        -1976.166554        -0.043283      0.01           -0.104492      YES
94     194    288    0.077139            -1978.573327        -1978.496188        0.072065       0.01           0.00377        YES
94     196    290    0.084155            -1980.926078        -1980.841923        0.087874       0.01           0.00492        YES
94     198    292    0.028338            -1983.045943        -1983.017605        0.104958       0.009999       -0.043373      YES
96     128    224    -0.000323           -1687.727154        -1687.727477        -0.000647      0.01           -0.036032      YES
96     130    226    -0.009052           -1701.733704        -1701.742756        -0.022585      0.01           -0.104705      YES
96     132    228    0.063358            -1717.55313         -1717.489772        0.243481       0.01           0.135375       NO
96     134    230    0.107488            -1734.545341        -1734.437853        0.24252        0.01           0.091127       YES
96     186    282    -0.005306           -1991.655291        -1991.660597        2e-05          0.01           -0.007716      YES
96     188    284    -0.019347           -1993.932136        -1993.951483        3.1e-05        0.01           -0.047131      YES
96     190    286    0.034675            -1996.786553        -1996.751878        -0.04898       0.01           -0.114401      YES
96     192    288    0.047442            -1999.831062        -1999.78362         0.076577       0.010008       0.000811       NO
96     194    290    0.094678            -2003.232944        -2003.138266        0.094534       0.01           0.008956       YES
96     196    292    0.058077            -2006.416563        -2006.358486        0.111648       0.009999       0.008698       YES
96     198    294    0.170539            -2009.676894        -2009.506355        0.159459       0.010001       0.018327       YES
98     126    224    -0.007949           -1670.751783        -1670.759732        1.4e-05        0.01           -0.00759       YES
98     128    226    -0.018411           -1686.537701        -1686.556112        2.1e-05        0.01           -0.043961      YES
98     130    228    0.008983            -1702.044844        -1702.035861        -0.071843      0.01           -0.155752      YES
98     132    230    0.079784            -1719.626546        -1719.546762        0.272991       0.01           0.163607       YES
98     134    232    0.107797            -1737.240027        -1737.13223         0.260899       0.01           0.115499       YES
98     186    284    -0.016425           -2011.360594        -2011.377019        2e-05          0.01           -0.025112      YES
98     188    286    -0.031116           -2014.238666        -2014.269782        3e-05          0.01           -0.052309      YES
98     190    288    0.030375            -2018.284997        -2018.254622        -0.061654      0.01           -0.132969      YES
98     192    290    0.120744            -2022.307828        -2022.187084        0.094315       0.010003       0.012019       NO
98     194    292    0.105573            -2026.643925        -2026.538352        0.113648       0.010001       0.019319       YES
98     196    294    0.129492            -2030.808315        -2030.678823        0.137746       0.01           0.020306       YES
98     198    296    0.151746            -2034.849008        -2034.697262        0.161022       0.01           0.009349       YES
98     232    330    0.167329            -2063.122571        -2062.955242        -0.147742      0.01           0.010113       YES
98     234    332    0.185804            -2063.477635        -2063.291831        -0.145299      0.01           0.009882       YES
98     236    334    0.202011            -2063.668953        -2063.466942        -0.142014      0.01           0.009984       YES
98     238    336    0.196567            -2063.672539        -2063.475972        -0.137413      0.01           0.010742       YES
98     262    360    0.175738            -2051.206438        -2051.0307          0.021605       0.01           -0.007669      YES
100    126    226    -0.013488           -1667.414657        -1667.428145        8e-06          0.01           -0.016142      YES
100    128    228    -0.02355            -1684.053529        -1684.077079        1.5e-05        0.01           -0.040737      YES
100    130    230    0.360692            -1701.256734        -1700.896042        -0.268383      0.01           -0.355385      YES
100    132    232    0.051301            -1719.809412        -1719.758111        0.2938         0.01           0.180133       YES
100    134    234    0.081817            -1738.128531        -1738.046714        0.273414       0.01           0.125199       YES
100    184    284    -0.009185           -2025.426988        -2025.436173        7e-06          0.01           -0.006964      YES
100    186    286    -0.02221            -2029.845324        -2029.867534        1.4e-05        0.01           -0.025135      YES
100    188    288    0.002633            -2033.62946         -2033.626827        -0.042343      0.01           -0.094394      YES
100    190    290    0.038119            -2038.304264        -2038.266145        -0.067821      0.01           -0.142742      NO
100    192    292    0.15402             -2043.396592        -2043.242572        0.107131       0.01           0.020246       YES
100    194    294    0.127484            -2048.576111        -2048.448627        0.12965        0.01           0.029045       YES
100    196    296    0.168707            -2053.61762         -2053.448913        0.151289       0.01           0.02303        YES
100    198    298    0.154101            -2058.387679        -2058.233578        0.165954       0.010001       0.001434       YES
100    234    334    0.202157            -2095.582844        -2095.380687        -0.152094      0.01           0.00666        YES
100    236    336    0.207473            -2096.223622        -2096.016149        -0.148764      0.01           0.006857       YES
100    238    338    0.199646            -2096.63297         -2096.433324        -0.144246      0.01           0.007472       YES
100    240    340    0.177276            -2096.78214         -2096.604864        -0.138187      0.01           0.008698       YES
100    242    342    0.145503            -2096.697743        -2096.55224         -0.130491      0.01           0.011008       YES
100    250    350    0.193933            -2095.08777         -2094.893837        -0.082584      0.010004       0.004664       NO
100    260    360    0.164993            -2091.121219        -2090.956226        -3.8e-05       0.01           -0.007865      YES
100    262    362    0.141091            -2087.458996        -2087.317905        -0.001508      0.01           -0.033459      YES
100    264    364    0.319923            -2084.558332        -2084.238409        0.05614        0.009899       0.000339       NO
102    128    230    -0.021687           -1680.351194        -1680.372881        -0.002982      0.01           -0.035823      YES
102    130    232    0.352539            -1699.293771        -1698.941232        -0.267984      0.01           -0.356926      YES
102    132    234    0.387614            -1717.609887        -1717.222273        -0.274903      0.01           -0.388469      YES
102    134    236    0.076529            -1737.581408        -1737.504879        0.302298       0.01           0.146365       YES
102    182    284    -0.007722           -2034.468549        -2034.476271        1e-06          0.01           -0.002085      YES
102    184    286    -0.010864           -2042.087094        -2042.097958        -1e-06         0.01           -0.004653      YES
102    186    288    -0.023748           -2047.118857        -2047.142605        6e-06          0.01           -0.019698      YES
102    188    290    -0.003542           -2051.687196        -2051.690738        -0.047622      0.01           -0.098493      YES
102    190    292    0.025031            -2056.971705        -2056.946674        -0.072164      0.01           -0.149056      NO
102    192    294    0.112264            -2062.919767        -2062.807503        0.118515       0.010001       0.029771       NO
102    194    296    0.120871            -2068.840261        -2068.71939         0.14525        0.01           0.046064       YES
102    196    298    0.14614             -2074.651634        -2074.505494        0.163934       0.01           0.037894       YES
102    214    316    0.440122            -2113.093435        -2112.653313        0.227695       0.010001       -0.028851      YES
102    226    328    0.447353            -2124.462245        -2124.014892        0.213887       0.01           -0.031832      YES
102    228    330    0.416214            -2125.30925         -2124.893036        0.209652       0.01           -0.031968      YES
102    230    332    0.343532            -2125.941364        -2125.597832        0.204427       0.010001       -0.032129      YES
102    232    334    0.229868            -2126.320155        -2126.090287        0.197922       0.01           -0.031379      YES
102    234    336    0.144116            -2126.484077        -2126.339961        0.187265       0.010001       -0.023468      YES
102    240    342    0.164496            -2128.658734        -2128.494238        -0.142556      0.01           0.006624       YES
102    242    344    0.121753            -2128.956446        -2128.834693        -0.13444       0.01           0.009058       YES
102    260    362    0.160735            -2126.06324         -2125.902505        0.000695       0.01           -0.008257      YES
102    262    364    0.138874            -2122.726627        -2122.587753        0.001391       0.01           -0.028967      YES
102    264    366    0.192474            -2120.219929        -2120.027455        0.058588       0.010001       0.002123       NO
104    134    238    0.365228            -1733.589879        -1733.224651        -0.28047       0.01           -0.653407      YES
104    182    286    -0.006362           -2049.479366        -2049.485728        -7e-06         0.01           0.000689       YES
104    184    288    -0.009118           -2057.586103        -2057.595221        -9e-06         0.01           0.000318       YES
104    186    290    -0.021616           -2063.254712        -2063.276328        -3e-06         0.01           -0.010153      YES
104    188    292    -0.01554            -2068.438799        -2068.454339        -0.048126      0.01           -0.095913      YES
104    190    294    0.015915            -2074.344716        -2074.328801        -0.076445      0.01           -0.15162       YES
104    192    296    0.086877            -2080.897202        -2080.810325        0.129524       0.01           0.046268       NO
104    194    298    0.188111            -2087.943665        -2087.755554        0.312767       0.01           0.221908       YES
104    196    300    0.273558            -2093.976405        -2093.702847        0.302248       0.01           0.186338       YES
104    212    316    0.249589            -2134.449174        -2134.199585        0.221978       0.01           -0.0283        YES
104    214    318    0.350113            -2138.121319        -2137.771206        0.225937       0.01           -0.029383      YES
104    216    320    0.466724            -2141.559739        -2141.093015        0.228568       0.01           -0.029991      YES
104    236    340    0.01703             -2157.098145        -2157.081115        0.163904       0.010001       -0.024209      YES
104    238    342    0.175632            -2158.207363        -2158.031731        -0.151856      0.01           0.003725       YES
104    240    344    0.130454            -2159.137246        -2159.006792        -0.145165      0.01           0.005172       YES
104    260    364    0.149324            -2160.000468        -2159.851144        0.001115       0.01           -0.005532      YES
104    262    366    0.119583            -2157.016421        -2156.896838        0.003978       0.01           -0.022853      YES
104    264    368    0.146373            -2154.78444         -2154.638067        0.058472       0.010001       0.004543       NO
106    184    290    -0.004436           -2071.918944        -2071.92338         -1.7e-05       0.009999       0.002813       YES
106    186    292    -0.016719           -2078.211392        -2078.228111        -1e-05         0.010001       -0.004515      YES
106    188    294    -0.011916           -2083.972809        -2083.984725        -0.117925      0.01           -0.159722      YES
106    190    296    0.004673            -2090.534107        -2090.529434        -0.120072      0.01           -0.18859       YES
106    192    298    0.077924            -2097.447939        -2097.370015        0.138387       0.010001       0.061535       NO
106    194    300    0.112761            -2104.737492        -2104.624731        0.2049         0.01           -0.157887      YES
106    212    318    0.198297            -2157.28228         -2157.083983        0.217961       0.009999       -0.027694      YES
106    214    320    0.235631            -2161.423257        -2161.187626        0.220096       0.01           -0.028873      YES
106    216    322    0.302551            -2165.314744        -2165.012193        0.222148       0.01           -0.029788      YES
106    234    340    0.115161            -2185.520614        -2185.405453        0.184544       0.010001       -0.023571      YES
106    236    342    0.077261            -2186.426043        -2186.348782        0.16428        0.01           -0.02461       YES
106    238    344    0.097766            -2187.321792        -2187.224026        0.146652       0.01           -0.223261      YES
106    240    346    0.109845            -2188.280524        -2188.170679        -0.145871      0.01           -0.51744       YES
106    242    348    0.072796            -2189.415593        -2189.342797        -0.136407      0.01           -0.510504      YES
106    260    366    0.186794            -2192.910867        -2192.724073        0.00118        0.01           -0.003379      YES
106    262    368    0.139443            -2190.310843        -2190.1714          0.004761       0.01           -0.018075      YES
106    264    370    0.13499             -2188.25468         -2188.11969         0.054663       0.01           0.00541        NO
108    186    294    -0.008914           -2092.033537        -2092.042451        -1.4e-05       0.010001       0.000862       YES
108    188    296    -0.01114            -2098.276017        -2098.287157        -0.121525      0.01           -0.520909      YES
108    190    298    0.034063            -2105.489787        -2105.455724        -0.122266      0.01           -0.514061      YES
108    192    300    0.102764            -2112.64921         -2112.546446        0.132863       0.01           -0.250571      NO
108    194    302    0.053193            -2118.76857         -2118.715377        -0.192145      0.01           -0.567264      YES
108    196    304    0.224948            -2125.206953        -2124.982005        -0.276071      0.01           -0.642899      NO
108    198    306    0.21127             -2131.759857        -2131.548587        -0.273335      0.01           -0.628018      YES
108    212    320    0.127716            -2178.220444        -2178.092728        0.217144       0.01           -0.028139      YES
108    214    322    0.168686            -2182.96381         -2182.795124        0.216871       0.01           -0.028884      YES
108    216    324    0.231054            -2187.441979        -2187.210925        0.217106       0.01           -0.029371      YES
108    242    350    0.140661            -2218.116855        -2217.976194        0.125104       0.009999       -0.278941      YES
108    244    352    0.87012             -2220.359107        -2219.488987        0.342852       0.01           -0.06188       YES
108    246    354    1.038843            -2221.570075        -2220.531232        0.343431       0.01           -0.061789      YES
108    248    356    1.226262            -2222.591328        -2221.365066        0.343989       0.01           -0.061622      YES
108    262    370    0.164723            -2222.599114        -2222.434391        0.003724       0.01           -0.016283      YES
108    264    372    0.154924            -2220.834345        -2220.679421        -0.041187      0.01           -0.085907      YES
108    266    374    0.15                -2219.558813        -2219.408813        0.072502       0.01           0.017357       NO
108    268    376    0.149206            -2218.710685        -2218.561479        0.090719       0.01           0.028418       YES
108    270    378    0.12921             -2217.956714        -2217.827504        0.105817       0.01           0.025731       YES
108    272    380    0.971275            -2217.541136        -2216.569861        0.30706        0.01           0.212676       YES
110    188    298    -0.011923           -2111.403217        -2111.41514         -4e-06         0.009999       -0.404855      YES
110    190    300    -0.006199           -2119.062867        -2119.069066        -0.119066      0.01           -0.516927      YES
110    192    302    0.042212            -2126.499483        -2126.457271        0.11022        0.009999       -0.280265      NO
110    194    304    0.078253            -2134.604419        -2134.526166        0.142764       0.01           -0.23935       YES
110    196    306    0.141027            -2140.616038        -2140.475011        -0.310762      0.01           -0.685506      YES
110    198    308    0.133584            -2147.555232        -2147.421648        -0.284407      0.01           -0.651287      YES
110    200    310    0.114624            -2154.395987        -2154.281363        -0.278369      0.01           -0.649536      YES
110    214    324    0.122586            -2202.931646        -2202.80906         0.218988       0.009999       -0.029481      YES
110    244    354    0.530181            -2247.724265        -2247.194084        0.348584       0.009999       -0.063783      YES
110    246    356    0.733831            -2249.430636        -2248.696805        0.347359       0.01           -0.063423      YES
110    248    358    0.980821            -2250.96062         -2249.979799        0.346931       0.01           -0.063166      YES
110    250    360    1.163246            -2252.209455        -2251.046209        0.34683        0.009998       -0.062822      YES
110    252    362    1.216451            -2253.104021        -2251.88757         0.346529       0.01           -0.04156       YES
110    262    372    0.191887            -2253.880898        -2253.689011        0.002371       0.01           -0.015798      YES
110    264    374    0.170986            -2252.407036        -2252.23605         -0.037028      0.01           -0.078877      YES
110    266    376    0.013684            -2251.346166        -2251.332482        -0.052994      0.01           -0.103535      YES
110    268    378    0.119261            -2250.66503         -2250.545769        0.084023       0.01           0.029744       NO
110    270    380    0.161316            -2250.203498        -2250.042182        0.098934       0.01           0.043862       YES
110    276    386    0.716944            -2248.870442        -2248.153498        0.299449       0.01           -0.040215      YES
112    158    270    0.048411            -1943.220668        -1943.172257        0.223738       0.009999       -0.022884      YES
112    188    300    0.002315            -2123.530486        -2123.528171        5e-06          0.01           -0.411949      YES
112    190    302    0.004088            -2131.444972        -2131.440884        -0.062917      0.01           -0.466575      YES
112    192    304    0.011521            -2139.390806        -2139.379285        -0.117497      0.01           -0.513878      YES
112    194    306    0.047353            -2147.637303        -2147.58995         0.115519       0.01           -0.279302      YES
112    196    308    0.068562            -2155.924337        -2155.855775        0.132672       0.01           -0.24849       YES
112    198    310    0.135104            -2161.835033        -2161.699929        -0.220844      0.01           -0.594867      YES
112    200    312    0.137877            -2169.087445        -2168.949568        -0.230955      0.01           -0.612919      YES
112    214    326    0.20863             -2221.482767        -2221.274137        0.226693       0.010001       -0.02972       YES
112    248    360    0.640393            -2277.622369        -2276.981976        0.354873       0.010001       -0.064694      YES
112    250    362    0.851054            -2279.339357        -2278.488303        0.353103       0.01           -0.044412      YES
112    264    376    0.188618            -2282.906338        -2282.71772         -0.030646      0.01           -0.071702      YES
112    266    378    0.000105            -2282.241967        -2282.241862        -0.049268      0.01           -0.097716      YES
112    268    380    0.137918            -2281.569612        -2281.431694        0.07477        0.01           0.024449       NO
112    270    382    0.15101             -2281.369111        -2281.218101        0.089464       0.01           0.042983       YES
114    190    304    -0.022504           -2142.627898        -2142.650402        -0.056534      0.01           -0.471377      YES
114    192    306    0.02627             -2151.043548        -2151.017278        -0.109831      0.01           -0.515754      YES
114    194    308    0.064487            -2159.494078        -2159.429591        0.095049       0.01           -0.303531      YES
114    196    310    0.041332            -2168.203975        -2168.162643        0.110229       0.01           -0.281415      YES
114    198    312    0.058719            -2176.6372          -2176.578481        0.122333       0.01           -0.261581      YES
114    240    354    0.107626            -2294.5628          -2294.455174        0.138408       0.01           -0.014018      YES
114    242    356    0.137508            -2297.077716        -2296.940208        0.126178       0.01           -0.012541      YES
114    244    358    0.151181            -2299.407151        -2299.25597         0.116527       0.010001       -0.010631      YES
114    264    378    0.035548            -2312.135802        -2312.100254        -0.029202      0.01           -0.071091      YES
114    266    380    0.206917            -2312.012972        -2311.806055        -0.046175      0.01           -0.094883      YES
114    268    382    0.034303            -2311.564967        -2311.530664        -0.054919      0.01           -0.104658      YES
114    270    384    0.118276            -2311.507838        -2311.389562        0.078576       0.009998       0.033932       NO
114    272    386    0.135992            -2311.49218         -2311.356188        0.089779       0.01           -0.260514      YES
114    278    392    0.549772            -2312.321584        -2311.771812        0.252488       0.01           -0.052008      YES
116    162    278    0.03799             -1974.973699        -1974.935709        0.200569       0.01           -0.024017      YES
116    164    280    0.051923            -1991.412621        -1991.360698        0.19217        0.01           -0.024058      YES
116    168    284    0.094319            -2021.043691        -2020.949372        0.172207       0.01           -0.025867      YES
116    170    286    0.094159            -2035.031545        -2034.937386        0.155242       0.010001       -0.026797      YES
116    190    306    -0.022538           -2152.265078        -2152.287616        -0.055728      0.01           -0.115868      YES
116    192    308    0.052117            -2161.369995        -2161.317878        -0.101227      0.01           -0.521366      NO
116    194    310    0.030969            -2170.191778        -2170.160809        -0.10515       0.01           -0.550782      YES
116    196    312    0.065284            -2179.234675        -2179.169391        0.093562       0.01           0.053016       YES
116    198    314    0.058491            -2188.136056        -2188.077565        0.103128       0.009999       0.100971       YES
116    214    330    0.201681            -2254.026237        -2253.824556        0.23277        0.01           -0.016408      YES
116    236    352    0.174821            -2310.795202        -2310.620381        0.160083       0.01           -0.014348      YES
116    240    356    0.094271            -2316.98156         -2316.887289        0.136392       0.01           -0.012629      YES
116    242    358    0.134609            -2319.999057        -2319.864448        0.122474       0.01           -0.011656      YES
116    264    380    0.039257            -2340.060969        -2340.021712        -0.027097      0.009999       -0.069999      YES
116    266    382    0.21008             -2340.416697        -2340.206617        -0.044922      0.01           -0.095016      YES
116    268    384    0.050798            -2340.422913        -2340.372115        -0.053239      0.01           -0.104463      YES
116    270    386    0.184672            -2340.520097        -2340.335425        0.06909        0.01           0.022393       NO
116    272    388    0.344794            -2342.18384         -2341.839046        0.312388       0.01           0.286982       YES
116    280    396    0.621892            -2342.589951        -2341.968059        0.254636       0.01           -0.050468      YES
116    282    398    0.574605            -2342.364332        -2341.789727        0.248495       0.01           -0.049921      YES
116    292    408    0.447886            -2340.451142        -2340.003256        0.203395       0.01           -0.024075      YES
116    298    414    0.658317            -2337.25118         -2336.592863        0.203256       0.01           -0.040532      YES
116    300    416    0.685765            -2335.760581        -2335.074816        0.202885       0.01           -0.040555      YES
118    162    280    0.075549            -1972.156731        -1972.081182        0.207132       0.01           -0.020711      YES
118    164    282    0.049207            -1989.172563        -1989.123356        0.195262       0.01           -0.02274       YES
118    166    284    0.0191              -2005.017034        -2004.997934        0.182087       0.010001       -0.024165      YES
118    188    306    0.012556            -2150.242325        -2150.229769        -0.000123      0.01           -0.038159      YES
118    190    308    -0.043815           -2160.159497        -2160.203312        -0.05759       0.009999       -0.116657      YES
118    192    310    -0.034778           -2170.085487        -2170.120265        -0.103643      0.01           -0.168903      YES
118    194    312    0.031963            -2179.52351         -2179.491547        -0.107263      0.009989       -0.171485      NO
118    196    314    0.039942            -2188.616878        -2188.576936        0.082514       0.01           0.031055       YES
118    198    316    0.064702            -2198.090936        -2198.026234        0.091205       0.01           0.462152       YES
118    200    318    0.059308            -2207.29637         -2207.237062        0.096708       0.01           -0.32824       YES
118    204    322    0.264349            -2227.765872        -2227.501523        0.276393       0.010001       -0.040926      YES
118    210    328    0.133396            -2252.687463        -2252.554067        0.24395        0.01           -0.015688      YES
118    212    330    0.111054            -2260.51209         -2260.401036        0.236363       0.01           -0.015839      YES
118    238    356    0.081897            -2333.755376        -2333.673479        0.151408       0.01           -0.012127      YES
118    264    382    0.028214            -2366.413059        -2366.384845        -0.026255      0.010001       -0.069191      YES
118    266    384    0.206242            -2367.258725        -2367.052483        -0.044685      0.01           -0.095105      YES
118    268    386    0.029038            -2367.730281        -2367.701243        -0.053356      0.01           -0.105696      YES
118    270    388    0.055256            -2368.077903        -2368.022647        -0.058716      0.01           -0.103367      YES
118    272    390    0.044863            -2369.743935        -2369.699072        0.302317       0.01           0.264227       YES
118    274    392    0.050407            -2370.537829        -2370.487422        0.292344       0.01           0.285462       YES
118    280    398    0.636343            -2371.946862        -2371.310519        0.260982       0.01           -0.046567      YES
118    282    400    0.559976            -2372.066018        -2371.506042        0.255858       0.01           -0.045912      YES
118    284    402    0.542548            -2372.032811        -2371.490263        0.247902       0.010001       -0.046801      YES
118    288    406    0.055257            -2371.803048        -2371.747791        0.205284       0.010001       -0.044251      YES
118    290    408    0.201383            -2371.754269        -2371.552886        0.203188       0.01           -0.04225       YES
118    292    410    0.331493            -2371.541122        -2371.209629        0.202479       0.01           -0.040264      YES
118    296    414    0.530862            -2370.494712        -2369.96385         0.201442       0.01           -0.040182      YES
118    298    416    0.587978            -2369.599905        -2369.011927        0.200898       0.01           -0.040169      YES
118    300    418    0.624119            -2368.496865        -2367.872746        0.200177       0.01           -0.040078      YES
120    166    286    1.867201            -2003.870907        -2002.003706        -0.361094      0.01           0.016338       YES
120    188    308    0.071773            -2155.990047        -2155.918274        -0.17406       0.01           -0.212126      YES
120    190    310    0.07798             -2166.842417        -2166.764437        -0.178514      0.01           -0.233202      YES
120    192    312    0.072263            -2177.287801        -2177.215538        -0.181813      0.01           -0.242979      YES
120    194    314    0.071252            -2187.388686        -2187.317434        -0.184667      0.01           -0.245853      YES
120    196    316    0.05906             -2197.178931        -2197.119871        -0.187135      0.01           -0.240946      YES
120    198    318    0.044364            -2206.680874        -2206.63651         -0.190186      0.01           0.187088       YES
120    200    320    0.03966             -2215.916853        -2215.877193        -0.192482      0.01           -0.628903      YES
120    208    328    0.236991            -2255.805876        -2255.568885        0.259822       0.01           -0.017993      YES
120    210    330    0.20595             -2264.368599        -2264.162649        0.248035       0.01           -0.017885      YES
120    262    382    0.162505            -2390.807089        -2390.644584        -0.000669      0.01           -0.027247      YES
120    264    384    0.13133             -2391.270464        -2391.139134        -0.004944      0.01           -0.046918      YES
120    266    386    0.197896            -2392.490596        -2392.2927          -0.045241      0.01           -0.094458      YES
120    268    388    -0.072507           -2393.32732         -2393.399827        -0.059019      0.01           -0.105397      YES
120    270    390    0.027021            -2394.881542        -2394.854521        0.30761        0.01           0.262955       YES
120    272    392    0.056246            -2396.21922         -2396.162974        0.294972       0.009999       0.252297       YES
120    274    394    0.055693            -2397.401156        -2397.345463        0.286873       0.01           0.271854       YES
120    282    402    0.44586             -2400.507302        -2400.061442        0.257684       0.009999       -0.042679      YES
120    284    404    0.467002            -2400.860428        -2400.393426        0.252241       0.009999       -0.041268      YES
120    286    406    0.401948            -2401.029658        -2400.62771         0.245049       0.010001       -0.039855      YES
120    288    408    0.251269            -2401.033376        -2400.782107        0.214806       0.01           -0.041961      YES
120    290    410    0.142532            -2401.30878         -2401.166248        0.203204       0.01           -0.021807      YES
120    298    418    0.542994            -2400.751921        -2400.208927        0.197714       0.01           -0.039438      YES
