Z      N      A      E_oct(MeV)          BE_gs(MeV)          BE_control(MeV)     beta3_gs       beta2_gs       Q20_control (b)
2      2      4      -0.003801           -30.083113          -30.079312          -0.334673      0.286422       0.00016        
22     44     66     -0.003239           -517.021094         -517.017855         -0.043351      0.114395       0.997462       
24     24     48     -0.000681           -411.279223         -411.278542         -0.021691      0.214529       1.539126       
24     28     52     -0.004679           -458.662169         -458.65749          -0.01237       0.079133       0.604608       
26     46     72     -8.7e-05            -599.32348          -599.323393         0.021049       0.157086       2.19023        
30     44     74     -0.000345           -642.736332         -642.735987         0.02589        0.170272       2.458461       
30     46     76     -0.00019            -657.061123         -657.060933         0.025825       0.148723       2.177423       
32     44     76     -6e-05              -662.299748         -662.299688         0.030919       0.202605       3.127114       
32     46     78     -0.000179           -678.753694         -678.753515         0.032748       0.1742         2.724172       
34     44     78     -3e-06              -678.649181         -678.649178         -0.016751      0.21047        3.488881       
34     52     86     -1.8e-05            -741.924951         -741.924933         -0.025063      0.121779       2.080285       
34     62     96     -4.5e-05            -782.896766         -782.896721         0.016662       -0.231274      -5.610549      
34     64     98     -0.002142           -788.989867         -788.987725         0.02175        -0.231419      -5.876469      
36     32     68     -0.00714            -547.312508         -547.305368         0.04307        -0.142513      -2.118588      
36     44     80     0.000209            -692.505726         -692.505935         0.049242       0.286627       4.917267       
36     52     88     0.00079             -763.532504         -763.533294         -0.02258       0.095724       1.546358       
36     68     104    -8.8e-05            -835.172992         -835.172904         0.045878       0.334253       9.36966        
38     34     72     0.016544            -576.485989         -576.502533         0.036669       0.406582       6.210344       
38     42     80     -2.771178           -683.143127         -680.371949         0.098663       0.395775       -3.33825       
38     44     82     0.001309            -704.341351         -704.34266          0.079958       0.33377        5.958401       
40     36     76     0.009068            -607.010762         -607.01983          0.043086       0.410252       6.840682       
40     42     82     0.007278            -689.960033         -689.967311         0.125647       0.39563        7.134477       
40     44     84     0.005542            -713.254483         -713.260025         0.073724       0.316915       5.87388        
40     58     98     -0.19199            -840.730926         -840.538936         0.089425       0.01059        0.005775       
40     64     104    -0.00158            -877.824385         -877.822805         0.14476        0.406246       10.800032      
40     66     106    -3.7e-05            -887.788928         -887.788891         0.107649       0.393643       11.020608      
40     94     134    -0.018266           -961.823865         -961.805599         0.037041       -0.001678      -0.113752      
40     96     136    -0.086883           -961.769861         -961.682978         0.075724       -9e-06         -0.126307      
40     98     138    -0.13959            -960.858281         -960.718691         0.094772       0.000289       -0.133111      
40     100    140    -0.188081           -959.516304         -959.328223         0.10625        -0.000472      -0.130644      
40     102    142    -0.240689           -957.997496         -957.756807         0.114094       -0.002419      -0.120128      
42     36     78     0.003555            -604.8096           -604.813155         0.062848       0.377022       6.541424       
42     38     80     0.004982            -637.085533         -637.090515         0.083153       0.407735       7.391587       
42     42     84     0.001742            -693.764861         -693.766603         0.083869       0.343913       6.424295       
42     58     100    -0.03579            -858.612105         -858.576315         0.051302       -4.3e-05       0.007471       
42     64     106    -0.001909           -899.824895         -899.822986         0.157003       0.382442       10.174798      
42     96     138    -0.019409           -1002.311583        -1002.292174        0.059914       -0.004406      -0.123664      
42     98     140    -0.080171           -1002.090059        -1002.009888        0.096929       -0.014199      -0.141997      
46     36     82     -0.001446           -595.296938         -595.295492         -0.037603      0.143095       2.360552       
52     56     108    -0.06025            -892.854449         -892.794199         0.026673       0.139752       3.622771       
52     90     142    -0.056409           -1158.543678        -1158.487269        0.063291       0.113213       -0.0           
54     54     108    -0.332307           -867.937114         -867.604807         0.178964       0.189354       4.551022       
54     56     110    -0.452287           -892.710339         -892.258052         0.180786       0.2049         5.522604       
54     58     112    -0.159994           -915.825159         -915.665165         0.068835       0.226553       6.644247       
54     86     140    -0.34374            -1163.680054        -1163.336314        0.113403       0.13555        5.199782       
54     88     142    -0.585917           -1172.639749        -1172.053832        0.097156       0.162087       6.738885       
54     90     144    -0.531086           -1180.860788        -1180.329702        0.119869       0.183814       8.310043       
54     92     146    -0.199164           -1188.624025        -1188.424861        0.136493       0.219843       9.991202       
54     94     148    -0.081167           -1196.439127        -1196.35796         0.09377        0.244448       11.475553      
54     96     150    -0.00011            -1203.985744        -1203.985634        0.027418       0.25195        12.362244      
56     52     108    -0.11565            -835.222079         -835.106429         0.059328       0.150188       4.071688       
56     54     110    -0.543172           -863.670178         -863.127006         0.092361       0.206294       5.669019       
56     56     112    -0.903836           -890.774535         -889.870699         0.209156       0.240342       6.729877       
56     58     114    -0.476563           -915.990964         -915.514401         0.16734        0.29274        9.321797       
56     66     122    8.6e-05             -1008.666022        -1008.666108        0.029724       0.314068       10.979853      
56     84     140    -0.025337           -1168.876081        -1168.850744        0.023146       0.104249       4.216252       
56     86     142    -0.780029           -1180.819811        -1180.039782        0.158265       0.161778       6.138357       
56     88     144    -1.245352           -1191.629421        -1190.384069        0.188724       0.190704       7.987321       
56     90     146    -1.198949           -1201.547277        -1200.348328        0.196335       0.215588       10.085787      
56     92     148    -0.33003            -1210.817603        -1210.487573        0.089935       0.253988       12.525985      
56     94     150    -0.088527           -1220.068943        -1219.980416        0.119661       0.280926       13.840684      
56     96     152    -0.058616           -1228.860878        -1228.802262        0.083462       0.288302       14.412654      
56     132    188    -0.035982           -1313.47112         -1313.435138        0.033603       0.112451       7.958031       
56     134    190    -0.33371            -1313.433555        -1313.099845        0.097018       0.140303       9.694307       
56     136    192    -0.500623           -1312.971328        -1312.470705        0.116022       0.158626       11.444401      
56     138    194    -0.453792           -1312.131392        -1311.6776          0.11838        0.176278       13.474148      
58     54     112    -0.202904           -857.030542         -856.827638         0.166965       0.242689       7.033804       
58     56     114    -0.545253           -886.296857         -885.751604         0.173719       0.295615       9.410659       
58     58     116    -0.046394           -914.658186         -914.611792         0.060008       0.340512       11.089047      
58     84     142    -0.119888           -1182.38278         -1182.262892        0.05596        0.108498       4.409667       
58     86     144    -0.908436           -1195.484408        -1194.575972        0.170085       0.165388       6.628895       
58     88     146    -1.071449           -1207.449397        -1206.377948        0.198153       0.198612       9.572815       
58     90     148    -0.10825            -1219.026284        -1218.918034        0.153947       0.261208       12.431982      
58     92     150    -0.000471           -1231.143763        -1231.143292        0.046243       0.294226       14.308852      
58     132    190    -0.420449           -1350.934818        -1350.514369        0.10015        0.117854       7.63658        
58     134    192    -0.709449           -1351.529357        -1350.819908        0.129206       0.141286       9.555312       
58     136    194    -0.899784           -1351.730244        -1350.83046         0.143937       0.160715       11.507487      
58     138    196    -0.472192           -1351.559391        -1351.087199        0.146266       0.179948       18.380068      
60     84     144    -0.14809            -1194.062709        -1193.914619        0.066247       0.099672       4.174847       
60     86     146    -0.887119           -1208.121132        -1207.234013        0.17081        0.159483       7.176272       
60     88     148    -0.374115           -1221.262916        -1220.888801        0.185622       0.216147       11.328264      
60     90     150    -0.000863           -1235.614511        -1235.613648        0.059007       0.295362       14.174829      
60     130    190    -0.238236           -1384.792895        -1384.554659        0.058617       0.071426       3.570708       
60     132    192    -0.729639           -1386.538277        -1385.808638        0.119529       0.106232       6.236471       
60     134    194    -1.05194            -1387.688126        -1386.636186        0.145519       0.128747       8.412408       
60     136    196    -1.356482           -1388.500769        -1387.144287        0.161205       0.151139       17.483365      
62     84     146    -0.182503           -1204.096583        -1203.91408         0.085091       0.088215       3.501404       
62     86     148    -0.594457           -1218.943649        -1218.349192        0.169405       0.145475       8.186798       
62     88     150    -0.042696           -1233.520408        -1233.477712        0.098656       0.253468       11.959842      
62     90     152    -0.000477           -1249.102807        -1249.10233         0.051665       0.302902       14.983612      
62     130    192    -0.610137           -1418.131819        -1417.521682        0.079744       0.06223        0.168457       
62     132    194    -1.122828           -1420.49504         -1419.372212        0.121241       0.08659        3.935175       
62     134    196    -1.491963           -1422.190624        -1420.698661        0.156828       0.10705        5.747427       
62     136    198    -0.947587           -1423.471369        -1422.523782        0.175118       0.129207       18.183654      
64     84     148    -0.070887           -1212.572934        -1212.502047        0.078218       0.069505       -2.665566      
64     86     150    -0.282503           -1228.254155        -1227.971652        0.160048       0.120831       8.886724       
64     88     152    -9e-05              -1244.345126        -1244.345036        0.052735       0.249552       12.037127      
64     90     154    -0.000662           -1260.840743        -1260.840081        0.050008       0.294871       14.853389      
64     130    194    -0.701135           -1449.324191        -1448.623056        0.094022       0.053381       0.134403       
64     132    196    -1.479284           -1452.484681        -1451.005397        0.131049       0.073232       1.817082       
64     134    198    -1.794802           -1454.92987         -1453.135068        0.156309       0.084509       -0.483294      
64     136    200    -1.076268           -1456.867638        -1455.79137         0.177099       0.09758        17.820124      
66     130    196    -0.636256           -1477.992701        -1477.356445        0.09715        0.054737       2.15399        
66     132    198    -1.536596           -1482.07034         -1480.533744        0.136811       0.072934       3.71498        
66     134    200    -1.960287           -1485.395607        -1483.43532         0.162514       0.080364       -8.249315      
66     136    202    -0.929835           -1488.135681        -1487.205846        0.182132       0.08765        16.884782      
68     130    198    -0.231943           -1504.873507        -1504.641564        0.080958       0.060171       4.130271       
68     132    200    -0.963353           -1509.557231        -1508.593878        0.126935       0.075902       5.932256       
68     134    202    -1.169948           -1513.492956        -1512.323008        0.155972       0.078367       12.365207      
68     190    258    -0.004736           -1542.824957        -1542.820221        0.032332       0.079549       10.001956      
70     130    200    -0.005294           -1530.53176         -1530.526466        0.041247       0.068503       5.167733       
70     132    202    -0.338283           -1535.642423        -1535.30414         0.100725       0.083141       7.58405        
70     134    204    -0.197106           -1540.054153        -1539.857047        0.148686       0.082102       11.899182      
70     166    236    -0.009044           -1592.302305        -1592.293261        0.08439        0.260637       27.417329      
70     168    238    -0.016114           -1592.574651        -1592.558537        0.081029       0.250577       26.693925      
72     132    204    -0.054284           -1560.562277        -1560.507993        0.051495       0.097009       7.945881       
72     168    240    -0.011525           -1629.911731        -1629.900206        0.065925       0.214969       22.342831      
72     170    242    -0.01046            -1631.011307        -1631.000847        0.060014       0.201587       21.232711      
74     170    244    -0.010014           -1667.335867        -1667.325853        0.054773       0.187201       19.597437      
76     90     166    -0.000207           -1294.053124        -1294.052917        0.021352       0.170169       9.361489       
76     136    212    -0.347198           -1618.888437        -1618.541239        0.136769       -0.006373      11.103904      
78     134    212    -0.143734           -1633.705249        -1633.561515        0.079568       0.022556       4.820214       
78     136    214    -0.830262           -1640.861807        -1640.031545        0.118193       0.000607       6.755556       
78     138    216    -0.741406           -1647.27074         -1646.529334        0.13307        -0.023281      -7.913697      
80     134    214    -0.091304           -1654.052736        -1653.961432        0.047804       0.008893       0.0            
80     136    216    -0.397087           -1661.607678        -1661.210591        0.082049       0.005906       0.0            
80     138    218    -0.453002           -1668.436351        -1667.983349        0.097675       -0.008474      0.0            
80     140    220    -0.047732           -1674.849269        -1674.801537        0.097557       -0.028042      -6.74941       
82     134    216    -0.116743           -1672.589163        -1672.47242         0.05058        0.006042       0.0            
82     136    218    -0.368039           -1680.833998        -1680.465959        0.073756       0.008281       0.0            
82     138    220    -0.349799           -1688.341778        -1687.991979        0.07729        0.004521       0.0            
82     140    222    -0.196684           -1695.365777        -1695.169093        0.070711       -0.002074      0.0            
82     142    224    -0.074834           -1702.22466         -1702.149826        0.060222       -0.011265      0.0531         
84     132    216    -0.939399           -1673.029373        -1672.089974        0.114048       0.061492       0.0            
84     134    218    -1.407343           -1682.668544        -1681.261201        0.132455       0.060176       0.0            
84     136    220    -0.794941           -1691.584498        -1690.789557        0.142311       0.058382       10.455469      
84     154    238    -0.002542           -1767.113091        -1767.110549        0.067191       0.242217       24.382324      
84     156    240    -0.005699           -1774.057438        -1774.051739        0.069738       0.238933       24.221838      
84     158    242    -0.008995           -1780.798222        -1780.789227        0.068698       0.230731       23.553941      
84     160    244    -0.017195           -1787.221163        -1787.203968        0.06311        0.212689       21.810455      
84     162    246    -0.015306           -1793.452912        -1793.437606        0.052258       0.182222       18.588059      
84     194    278    -0.158638           -1856.291357        -1856.132719        0.05762        0.013086       0.0            
84     196    280    -0.366787           -1856.012852        -1855.646065        0.075466       0.01163        0.0            
84     198    282    -0.372561           -1855.258799        -1854.886238        0.083419       -0.006898      -4.618516      
86     130    216    -1.476153           -1670.583583        -1669.10743         0.122174       0.087919       6.135756       
86     132    218    -2.137608           -1682.27172         -1680.134112        0.161248       0.107546       9.09149        
86     134    220    -1.886338           -1693.040879        -1691.154541        0.183738       0.132402       11.666543      
86     136    222    -1.141459           -1703.319059        -1702.1776          0.196991       0.152949       14.018999      
86     138    224    -0.366266           -1713.351448        -1712.985182        0.137505       0.17897        15.977766      
86     140    226    -0.179574           -1723.695592        -1723.516018        0.091947       0.190955       17.542802      
86     142    228    -0.017018           -1733.748154        -1733.731136        0.040303       0.196647       18.885101      
86     152    238    -0.002791           -1779.028924        -1779.026133        0.055642       0.231881       23.555353      
86     154    240    -0.003893           -1786.801378        -1786.797485        0.061085       0.229334       23.36677       
86     156    242    -0.013903           -1794.33432         -1794.320417        0.063107       0.224355       22.931957      
86     158    244    -0.016151           -1801.702354        -1801.686203        0.063151       0.216506       22.21032       
86     160    246    -0.016334           -1808.8895          -1808.873166        0.060237       0.204865       21.101243      
86     164    250    -0.018743           -1822.575622        -1822.556879        0.051809       0.176924       18.294318      
86     192    278    -0.270403           -1884.862865        -1884.592462        0.060337       0.040802       0.0            
86     194    280    -0.667665           -1885.826469        -1885.158804        0.133158       0.106328       11.91564       
86     196    282    -0.286854           -1886.389373        -1886.102519        0.14173        0.125014       17.531791      
88     128    216    -0.570401           -1662.69283         -1662.122429        0.081078       0.069147       -0.0           
88     130    218    -2.402534           -1677.040388        -1674.637854        0.140198       0.108738       8.332774       
88     132    220    -2.976679           -1690.099442        -1687.122763        0.174835       0.135758       11.504601      
88     134    222    -2.912044           -1702.69119         -1699.779146        0.199112       0.162946       14.321111      
88     138    226    -1.166865           -1725.647213        -1724.480348        0.203946       0.204087       18.834318      
88     140    228    -0.629355           -1736.763885        -1736.13453         0.165305       0.219055       20.282244      
88     142    230    -0.20871            -1747.580503        -1747.371793        0.111161       0.224902       21.515632      
88     144    232    -0.02088            -1758.159888        -1758.139008        0.025276       0.227188       22.69951       
88     154    242    -0.006114           -1804.622125        -1804.616011        0.057827       0.23507        24.37871       
88     156    244    -0.010914           -1812.717327        -1812.706413        0.063915       0.230543       23.866299      
88     158    246    -0.017684           -1820.706982        -1820.689298        0.065615       0.223683       23.239539      
88     160    248    -0.020728           -1828.515797        -1828.495069        0.064474       0.213926       22.318711      
88     162    250    -0.023394           -1836.070581        -1836.047187        0.061633       0.201847       21.130618      
88     172    260    -0.001834           -1870.380247        -1870.378413        0.032728       -0.101688      -14.255794     
88     190    278    -0.912864           -1911.727656        -1910.814792        0.114559       0.084676       0.036838       
88     192    280    -1.813662           -1913.675177        -1911.861515        0.152865       0.110117       3.909548       
88     194    282    -2.008878           -1915.441165        -1913.432287        0.173282       0.131919       16.754956      
88     196    284    -1.504384           -1916.953978        -1915.449594        0.181497       0.148668       20.879755      
88     198    286    -0.747378           -1918.223625        -1917.476247        0.167595       0.165913       23.833638      
88     200    288    -0.304908           -1919.725733        -1919.420825        0.096854       0.179853       26.261663      
88     202    290    -0.132267           -1921.293881        -1921.161614        0.046687       0.189511       28.280112      
88     204    292    -0.055789           -1922.572485        -1922.516696        0.024188       0.196885       29.882732      
90     128    218    -1.185141           -1666.212601        -1665.02746         0.103217       0.081632       -0.0           
90     130    220    -2.949231           -1681.659125        -1678.709894        0.155015       0.120373       10.113791      
90     132    222    -3.047873           -1695.8998          -1692.851927        0.18948        0.148299       13.965329      
90     134    224    -2.25469            -1709.651701        -1707.397011        0.215133       0.176186       17.122551      
90     136    226    -0.941692           -1722.563478        -1721.621786        0.228744       0.198751       19.621516      
90     138    228    -0.18851            -1735.157601        -1734.969091        0.220688       0.221572       21.481949      
90     140    230    -0.023318           -1747.720065        -1747.696747        0.072844       0.232998       22.905625      
90     156    246    -0.006061           -1829.506654        -1829.500593        0.063673       0.242308       25.68643       
90     158    248    -0.012576           -1838.13824         -1838.125664        0.069564       0.236401       25.009362      
90     160    250    -0.018532           -1846.543099        -1846.524567        0.06954        0.227589       24.135558      
90     162    252    -0.016337           -1854.553773        -1854.537436        0.06436        0.21472        22.967889      
90     190    280    -1.385878           -1937.79383         -1936.407952        0.135544       0.093596       0.0            
90     192    282    -2.498457           -1940.377711        -1937.879254        0.166324       0.116831       0.012575       
90     194    284    -2.541458           -1942.824171        -1940.282713        0.186391       0.140363       20.036141      
90     196    286    -1.587834           -1945.117512        -1943.529678        0.195214       0.158427       24.320277      
90     198    288    -0.679935           -1947.213686        -1946.533751        0.191013       0.176435       27.126343      
90     222    312    -0.004104           -1959.538888        -1959.534784        0.045717       0.214288       35.756674      
90     224    314    -0.005069           -1959.133658        -1959.128589        0.059195       0.213813       35.325243      
92     128    220    -1.538573           -1668.340053        -1666.80148         0.115436       0.083898       0.182077       
92     130    222    -3.089287           -1684.672948        -1681.583661        0.165139       0.124337       11.873324      
92     132    224    -2.702633           -1700.015833        -1697.3132          0.200189       0.15618        16.46708       
92     134    226    -1.484704           -1714.992058        -1713.507354        0.226231       0.190225       20.143753      
92     136    228    -0.11893            -1729.267039        -1729.148109        0.238032       0.215859       22.204159      
92     158    250    -0.004072           -1854.1598          -1854.155728        0.067643       0.247986       26.897257      
92     162    254    -0.017771           -1871.413253        -1871.395482        0.07114        0.229574       24.921808      
92     164    256    -0.021648           -1879.400097        -1879.378449        0.06848        0.216025       23.514384      
92     190    282    -1.80552            -1962.315015        -1960.509495        0.144895       0.092086       0.00648        
92     192    284    -3.008107           -1965.529235        -1962.521128        0.17319        0.114075       0.012688       
92     194    286    -2.483788           -1968.606915        -1966.123127        0.195223       0.142081       23.908723      
92     196    288    -1.495538           -1971.722004        -1970.226466        0.205769       0.16424        27.29478       
92     198    290    -0.586706           -1974.657553        -1974.070847        0.204124       0.185359       29.729299      
92     226    318    -0.002174           -1993.074192        -1993.072018        0.049719       0.217528       37.068884      
92     230    322    -0.008715           -1992.492019        -1992.483304        0.061654       0.206461       34.291073      
94     128    222    -1.726343           -1669.151372        -1667.425029        0.121708       0.077995       0.0            
94     130    224    -2.723076           -1686.057952        -1683.334876        0.16898        0.119383       13.611044      
94     132    226    -1.948693           -1702.141755        -1700.193062        0.207637       0.160062       20.522778      
94     134    228    -1.01538            -1718.31131         -1717.29593         0.230455       0.210448       22.993443      
94     136    230    -0.488766           -1734.270111        -1733.781345        0.219638       0.240921       24.123858      
94     138    232    -0.464141           -1749.925605        -1749.461464        0.110272       0.251681       25.287177      
94     140    234    -0.288844           -1764.683414        -1764.39457         0.092248       0.261096       26.545572      
94     142    236    -0.058974           -1778.567703        -1778.508729        0.0594         0.268716       27.682712      
94     160    254    -0.005377           -1878.226475        -1878.221098        0.067467       0.2518         28.042579      
94     188    282    -1.304147           -1981.002337        -1979.69819         0.114479       0.061099       0.026428       
94     190    284    -3.218483           -1985.60095         -1982.382467        0.150472       0.085357       -0.021694      
94     192    286    -4.147308           -1989.370018        -1985.22271         0.174374       0.101812       17.436657      
94     194    288    -2.097599           -1992.618536        -1990.520937        0.197838       0.131052       28.783285      
94     196    290    -0.736968           -1996.065834        -1995.328866        0.212002       0.162308       30.434493      
94     198    292    -0.098843           -2000.004066        -1999.905223        0.0611         0.209585       32.01118       
94     230    324    -0.013259           -2026.424201        -2026.410942        0.066274       0.213062       35.840559      
94     232    326    -0.012937           -2026.412618        -2026.399681        0.062656       0.200981       33.499878      
94     234    328    -0.003836           -2026.289519        -2026.285683        0.060239       0.190567       31.652053      
96     126    222    -0.174922           -1652.03108         -1651.856158        0.071246       0.021652       0.0            
96     128    224    -1.917434           -1668.783885        -1666.866451        0.127746       0.068584       -0.0           
96     130    226    -2.081693           -1686.135786        -1684.054093        0.172586       0.109397       27.114061      
96     132    228    -0.700497           -1702.900448        -1702.199951        0.212398       0.156468       25.993088      
96     138    234    -0.023486           -1753.79017         -1753.766684        0.03169        0.26072        26.546162      
96     160    256    -0.000922           -1892.214112        -1892.21319         0.048328       0.25853        29.955323      
96     162    258    -0.00544            -1901.441968        -1901.436528        0.065696       0.252499       28.971668      
96     182    278    -0.047794           -1984.857116        -1984.809322        0.024541       0.007292       0.07251        
96     184    280    -0.084665           -1992.143636        -1992.058971        0.044463       0.008327       0.002536       
96     186    282    -0.92011            -1997.036151        -1996.116041        0.089365       0.034798       0.031714       
96     188    284    -2.817594           -2002.26501         -1999.447416        0.127966       0.06116        0.079005       
96     190    286    -4.814362           -2007.529784        -2002.715422        0.15543        0.078857       0.031132       
96     192    288    -4.121355           -2011.960843        -2007.839488        0.144054       0.087518       36.477316      
96     194    290    -2.066224           -2015.399253        -2013.333029        0.162119       0.109908       35.79627       
96     196    292    -0.409108           -2019.057671        -2018.648563        0.217018       0.156149       35.305854      
96     234    330    -0.000971           -2059.615384        -2059.614413        0.069329       0.199834       33.736736      
96     256    352    -0.007189           -2060.141519        -2060.13433         0.027002       0.004883       0.098217       
96     258    354    -0.032193           -2059.668487        -2059.636294        0.040175       0.007237       0.098136       
96     260    356    -0.43549            -2057.481373        -2057.045883        0.060389       0.021844       0.162145       
96     262    358    -1.469125           -2055.109106        -2053.639981        0.082825       0.039346       0.302972       
98     126    224    -0.52586            -1649.86187         -1649.33601         0.085255       0.021354       0.0            
98     128    226    -1.756678           -1667.268358        -1665.51168         0.127626       0.055329       31.50007       
98     130    228    -0.55956            -1685.058018        -1684.498458        0.172142       0.097318       30.606069      
98     162    260    -0.001338           -1914.499709        -1914.498371        0.049119       0.259124       30.824822      
98     164    262    -0.006303           -1923.604171        -1923.597868        0.067666       0.248061       29.043779      
98     166    264    -0.017954           -1932.557224        -1932.53927         0.069763       0.227677       26.337885      
98     182    280    -0.59181            -2002.260376        -2001.668566        0.065073       0.024887       0.20134        
98     184    282    -0.590209           -2010.040387        -2009.450178        0.082764       0.024427       0.029483       
98     186    284    -1.80068            -2015.887835        -2014.087155        0.109282       0.037131       0.051311       
98     188    286    -3.73944            -2021.732436        -2017.992996        0.13747        0.058022       0.176767       
98     190    288    -4.487396           -2027.636797        -2023.149401        0.135464       0.073124       49.033964      
98     192    290    -3.743              -2032.821707        -2029.078707        0.147702       0.08176        41.261225      
98     194    292    -1.882649           -2036.939719        -2035.05707         0.157577       0.091035       40.125141      
98     196    294    -0.157361           -2040.959367        -2040.802006        0.221596       0.152872       39.373238      
98     256    354    -0.434903           -2094.99397         -2094.559067        0.060274       0.022139       0.250108       
98     258    356    -0.442082           -2094.811017        -2094.368935        0.071209       0.015618       0.192515       
98     260    358    -1.176914           -2093.312207        -2092.135293        0.084521       0.028625       0.315759       
98     262    360    -2.403145           -2091.497685        -2089.09454         0.101643       0.043105       0.740831       
100    126    226    -0.745118           -1646.40585         -1645.660732        -0.089194      0.017655       0.0            
100    128    228    -0.969458           -1664.396348        -1663.42689         0.124287       0.041724       34.495699      
100    162    262    -0.000467           -1925.811686        -1925.811219        0.027582       0.258852       31.645002      
100    164    264    -0.007041           -1935.61778         -1935.610739        0.066662       0.249053       29.638529      
100    166    266    -0.013602           -1945.21325         -1945.199648        0.070227       0.232116       27.350977      
100    168    268    -0.023276           -1954.678892        -1954.655616        0.06829        0.216775       25.407532      
100    182    282    -0.712416           -2018.280238        -2017.567822        0.07715        0.02369        -4.200012      
100    184    284    -0.998288           -2026.693937        -2025.695649        0.094997       0.021053       0.03794        
100    186    286    -2.24012            -2033.141705        -2030.901585        0.11604        0.029949       0.069191       
100    188    288    -3.458406           -2039.41061         -2035.952204        0.130397       0.045398       51.839077      
100    190    290    -3.041512           -2045.875855        -2042.834343        0.166927       0.070895       52.153545      
100    192    292    -2.441193           -2051.809043        -2049.36785         0.154735       0.081525       52.34579       
100    194    294    -1.29811            -2056.669626        -2055.371516        0.163636       0.087384       50.652672      
100    196    296    -0.022583           -2061.454072        -2061.431489        0.224923       0.15239        42.69872       
100    256    356    -0.711065           -2128.699235        -2127.98817         0.074233       0.021951       0.415622       
100    258    358    -0.806084           -2128.900348        -2128.094264        0.083247       0.020512       0.26033        
100    260    360    -1.573824           -2127.80014         -2126.226316        0.09621        0.026523       0.447577       
100    262    362    -2.767741           -2126.327731        -2123.55999         0.111288       0.039458       -1.908308      
100    264    364    -3.578609           -2125.095186        -2121.516577        0.126155       0.055766       12.37237       
102    128    230    -0.723957           -1659.97956         -1659.255603        0.116818       0.025901       -28.041463     
102    134    236    -0.006221           -1719.214305        -1719.208084        0.110202       0.362852       36.654353      
102    136    238    -0.000528           -1737.977893        -1737.977365        0.086118       0.33504        34.33196       
102    162    264    0.002221            -1935.723202        -1935.725423        0.037676       0.257247       31.650589      
102    164    266    -0.001999           -1946.291211        -1946.289212        0.066389       0.248932       30.002041      
102    166    268    -0.004072           -1956.435239        -1956.431167        0.070223       0.236044       28.272273      
102    168    270    -0.000174           -1966.354539        -1966.354365        0.049369       0.215162       26.569155      
102    182    284    -0.496267           -2032.824977        -2032.32871         0.081087       0.011189       -5.289849      
102    184    286    -0.995559           -2041.818007        -2040.822448        0.094026       0.008404       0.044871       
102    186    288    -2.077346           -2048.660126        -2046.58278         0.114046       0.017523       0.083623       
102    188    290    -3.282547           -2055.255984        -2051.973437        0.131123       0.0339         -27.659977     
102    190    292    -4.20345            -2062.439632        -2058.236182        0.1555         0.06936        -29.17951      
102    192    294    -1.027255           -2069.140172        -2068.112917        0.163454       0.085146       53.821487      
102    256    358    -0.710252           -2161.14704         -2160.436788        0.078359       0.014808       0.552782       
102    258    360    -0.779751           -2161.610551        -2160.8308          0.08871        0.007099       0.301143       
102    260    362    -1.507047           -2160.835295        -2159.328248        0.099816       0.019638       0.528607       
102    262    364    -2.526359           -2159.585228        -2157.058869        0.114544       0.032031       -2.930427      
102    264    366    -3.467319           -2158.915354        -2155.448035        0.134792       0.060425       12.961253      
104    134    238    -0.009076           -1716.07166         -1716.062584        0.138498       0.405709       41.95847       
104    136    240    -0.012309           -1735.278676        -1735.266367        0.129055       0.38625        40.156131      
104    164    268    0.006659            -1955.487978        -1955.494637        0.064917       0.250065       30.501459      
104    166    270    -0.000878           -1966.144049        -1966.143171        0.057738       0.235648       29.063088      
104    168    272    -0.0152             -1976.641734        -1976.626534        0.069882       0.226736       27.501581      
104    170    274    -0.001188           -1986.957539        -1986.956351        0.043274       0.203909       25.896239      
104    172    276    0.038651            -1997.851475        -1997.890126        0.289037       0.464752       58.059518      
104    182    286    -0.346843           -2046.276314        -2045.929471        0.071141       -0.018563      -5.628007      
104    184    288    -0.766712           -2055.616408        -2054.849696        0.08656        -0.003075      0.048501       
104    186    290    -1.67993            -2062.845042        -2061.165112        0.106326       0.00262        0.091375       
104    188    292    -1.921568           -2069.763775        -2067.842207        0.126987       0.02092        -28.525827     
104    190    294    -2.8506             -2077.528844        -2074.678244        0.153226       0.070719       -29.898314     
104    252    356    0.008196            -2191.162499        -2191.170695        0.010171       0.388506       86.303458      
104    256    360    -0.593089           -2192.506728        -2191.913639        0.076406       -0.004768      0.459806       
104    258    362    -0.659378           -2193.248713        -2192.589335        0.085843       -0.001322      0.305099       
104    260    364    -1.230192           -2192.691118        -2191.460926        0.098729       0.002775       0.545446       
104    262    366    -2.134316           -2191.704691        -2189.570375        0.113611       0.022706       3.265435       
104    264    368    -2.820281           -2191.434063        -2188.613782        0.139241       0.059422       78.285122      
106    156    262    0.012437            -1909.127541        -1909.139978        0.081716       0.282538       33.076937      
106    162    268    0.012889            -1951.187784        -1951.200673        0.045946       0.254602       31.777175      
106    166    272    -0.002504           -1974.575452        -1974.572948        0.056948       0.236349       29.553679      
106    168    274    -0.000659           -1985.691264        -1985.690605        0.049694       0.221983       28.188452      
106    170    276    -0.001212           -1996.641415        -1996.640203        0.044327       0.208421       26.834622      
106    172    278    0.000831            -2007.16322         -2007.164051        0.035821       0.193399       25.326303      
106    182    288    -0.335956           -2058.720277        -2058.384321        0.060169       -0.03478       -5.528961      
106    184    290    -0.435838           -2068.225099        -2067.789261        0.073946       -0.009848      0.046959       
106    186    292    -1.198192           -2075.860427        -2074.662235        0.096531       -0.005259      0.088019       
106    188    294    -1.641903           -2083.835015        -2082.193112        0.088248       0.388951       -29.024627     
106    190    296    -2.739118           -2092.368724        -2089.629606        0.073762       0.377976       -30.358535     
106    192    298    -3.870172           -2100.658863        -2096.788691        0.023757       0.366674       -31.788611     
106    198    304    0.021765            -2122.9984          -2123.020165        0.141016       0.362347       55.446641      
106    238    344    2.5e-05             -2211.294598        -2211.294623        0.01286        0.196247       39.007116      
106    250    356    0.012365            -2220.945244        -2220.957609        0.011153       0.383059       84.685054      
106    254    360    -0.583704           -2222.306481        -2221.722777        0.02033        0.386063       -12.554215     
106    256    362    -0.428349           -2222.850571        -2222.422222        0.067411       -0.013512      0.266987       
106    258    364    -0.435032           -2223.803184        -2223.368152        0.077363       -0.006619      0.267614       
106    260    366    -0.93435            -2223.544435        -2222.610085        0.091858       -0.003395      0.492959       
106    262    368    -1.731162           -2222.810999        -2221.079837        0.109961       0.015681       2.235826       
106    264    370    -2.881319           -2222.811236        -2219.929917        0.138936       0.05317        11.937572      
108    154    262    0.014132            -1895.888744        -1895.902876        0.080013       0.280022       32.766605      
108    156    264    0.01265             -1911.594863        -1911.607513        0.075183       0.275256       32.725601      
108    158    266    0.018187            -1927.158872        -1927.177059        0.072767       0.271016       32.633598      
108    164    272    0.016394            -1969.466075        -1969.482469        0.064673       0.245607       30.598118      
108    166    274    0.019115            -1981.58622         -1981.605335        0.051502       0.232536       29.624036      
108    168    276    0.018839            -1993.344613        -1993.363452        0.0469         0.221302       28.545567      
108    170    278    -0.000795           -2004.860788        -2004.859993        0.041312       0.209539       27.428031      
108    172    280    -0.006842           -2015.89554         -2015.888698        0.036836       0.199432       26.391787      
108    180    288    -0.020544           -2059.667493        -2059.646949        0.025053       -0.072559      -10.638872     
108    182    290    -0.217787           -2069.873354        -2069.655567        0.045027       -0.035384      -4.883623      
108    184    292    -0.068004           -2079.719833        -2079.651829        0.049318       -0.007571      0.04262        
108    186    294    -0.603089           -2087.69357         -2087.090481        0.079486       -0.007632      0.077117       
108    188    296    -1.296902           -2096.397841        -2095.100939        0.102517       0.395725       -29.265884     
108    190    298    -2.357991           -2105.479167        -2103.121176        0.0696         0.381974       -30.602088     
108    192    300    -3.497096           -2114.368332        -2110.871236        0.062698       0.374614       -31.994565     
108    194    302    -4.530293           -2122.933504        -2118.403211        0.017199       0.36719        -33.501856     
108    244    352    0.028601            -2243.224472        -2243.253073        0.011989       0.383731       82.599143      
108    246    354    0.01818             -2245.536714        -2245.554894        0.02713        0.384267       83.493347      
108    248    356    0.013773            -2247.673609        -2247.687382        0.037756       0.38594        84.652545      
108    250    358    0.012635            -2249.525818        -2249.538453        0.048922       0.388361       85.962182      
108    252    360    -1.284495           -2250.979871        -2249.695376        0.055804       0.390457       -16.365612     
108    254    362    -1.199614           -2251.989389        -2250.789775        0.061633       0.391659       -11.623306     
108    256    364    -0.673118           -2252.633713        -2251.960595        0.057069       0.390234       0.235451       
108    258    366    -0.130983           -2253.303124        -2253.172141        0.059382       -0.007554      0.202089       
108    260    368    -0.518132           -2253.304485        -2252.786353        0.018779       0.379207       0.3851         
110    152    262    0.017687            -1876.786705        -1876.804392        0.070645       0.270672       31.871759      
110    154    264    0.014785            -1893.889687        -1893.904472        0.069648       0.268019       31.942219      
110    156    266    0.019149            -1910.476767        -1910.495916        0.067688       0.26468        31.96517       
110    158    268    0.025482            -1926.914906        -1926.940388        0.063083       0.260427       31.939114      
110    160    270    0.025895            -1943.028355        -1943.05425         0.058137       0.254255       31.653613      
110    164    274    0.024695            -1972.363744        -1972.388439        0.047229       0.23394        30.046775      
110    166    276    0.023777            -1985.449128        -1985.472905        0.04064        0.223403       29.141926      
110    168    278    -0.006601           -1998.100715        -1998.094114        0.067555       0.22383        28.164254      
110    170    280    -0.005048           -2010.467489        -2010.462441        0.032815       0.202054       27.046316      
110    186    296    -0.076726           -2098.531141        -2098.454415        0.045801       -0.003646      0.061374       
110    188    298    0.039976            -2107.615999        -2107.655975        0.136567       0.411948       63.35413       
110    190    300    -2.268017           -2117.231032        -2114.963015        0.112261       0.398009       -30.509045     
110    192    302    -3.414192           -2126.666255        -2123.252063        0.055177       0.38227        -31.900623     
110    250    360    0.011293            -2276.326271        -2276.337564        0.045805       0.391645       87.660642      
110    252    362    0.011439            -2278.312035        -2278.323474        0.069607       0.394477       88.770246      
110    254    364    -1.059654           -2279.873253        -2278.813599        0.068671       0.394892       -10.028131     
110    256    366    0.010458            -2281.052445        -2281.062903        0.061329       0.393428       90.538394      
112    152    264    0.019509            -1872.720281        -1872.73979         0.061629       0.254778       30.459202      
112    154    266    0.023387            -1890.655202        -1890.678589        0.059971       0.253148       30.660216      
112    156    268    0.021908            -1908.121488        -1908.143396        0.05672        0.251187       30.876183      
112    158    270    0.025726            -1925.455176        -1925.480902        0.052598       0.248766       31.051739      
112    160    272    0.024696            -1942.542299        -1942.566995        0.047876       0.244027       30.941765      
112    164    276    0.025579            -1973.969596        -1973.995175        0.033815       0.225084       29.560844      
112    188    300    -0.713622           -2117.290138        -2116.576516        0.158276       0.425952       0.122823       
112    190    302    -2.252406           -2127.519964        -2125.267558        0.129681       0.410532       -29.896907     
112    250    362    0.011316            -2301.547743        -2301.559059        0.068222       0.405691       91.133143      
112    252    364    0.012478            -2303.943805        -2303.956283        0.074116       0.405631       91.937056      
112    254    366    0.011152            -2305.912634        -2305.923786        0.071282       0.405417       92.875341      
112    276    388    -0.002119           -2315.677532        -2315.675413        0.106217       0.353839       87.707669      
114    156    270    0.021508            -1904.768748        -1904.790256        0.046977       0.233283       29.136738      
114    162    276    -0.000386           -1958.183006        -1958.18262         0.030582       0.223149       29.201936      
114    164    278    -0.000845           -1974.204394        -1974.203549        0.02663        0.214592       28.506461      
114    192    306    -2.987267           -2146.73496         -2143.747693        0.10623        0.414032       -57.562206     
114    194    308    -4.207384           -2156.900887        -2152.693503        0.049229       0.403074       -31.236264     
114    272    386    -3.656204           -2342.630811        -2338.974607        0.112387       0.369587       -83.234749     
114    278    392    -9.2e-05            -2344.821701        -2344.821609        0.042738       0.345556       89.285155      
114    282    396    1.201065            -2343.635171        -2344.836236        0.113497       0.285006       89.675994      
114    284    398    0.511974            -2343.835938        -2344.347912        0.1097         0.275343       90.189212      
114    286    400    -0.02569            -2344.011124        -2343.985434        0.104507       0.264129       63.58735       
114    288    402    -0.022992           -2344.173676        -2344.150684        0.100743       0.256456       61.905729      
114    290    404    -0.015487           -2344.244206        -2344.228719        0.093794       0.249954       61.486217      
114    292    406    -0.007515           -2344.120413        -2344.112898        0.09194        0.247098       61.412376      
114    294    408    -0.000294           -2343.736374        -2343.73608         0.089762       0.244587       61.475832      
114    296    410    -0.004086           -2343.08332         -2343.079234        0.087621       0.242365       61.591574      
116    160    276    -0.000236           -1937.814121        -1937.813885        0.029342       0.210276       27.456544      
116    190    306    -1.623904           -2144.095351        -2142.471447        0.155273       0.448635       -5.054787      
116    194    310    -3.487697           -2165.384643        -2161.896946        0.116057       0.427744       -22.560059     
116    264    380    -0.863121           -2364.204099        -2363.340978        0.081825       0.051493       0.558036       
116    266    382    -1.935237           -2365.679663        -2363.744426        0.113867       0.056971       1.688222       
116    268    384    -2.603143           -2366.937287        -2364.334144        0.138514       0.054313       -85.630038     
116    284    400    0.792692            -2372.822615        -2373.615307        0.106536       0.279503       90.719103      
116    286    402    0.142043            -2373.232314        -2373.374357        0.102476       0.269955       91.270936      
116    288    404    -0.02347            -2373.612484        -2373.589014        0.098307       0.259327       63.860395      
116    290    406    -0.022557           -2373.971706        -2373.949149        0.092907       0.250499       62.37354       
116    292    408    -0.018111           -2374.205202        -2374.187091        0.090248       0.245819       61.570981      
116    294    410    -0.013968           -2374.230195        -2374.216227        0.088402       0.242663       61.36782       
116    296    412    -0.011544           -2374.007352        -2373.995808        0.085902       0.23982        61.334652      
116    298    414    -0.00507            -2373.548431        -2373.543361        0.083902       0.237459       61.379806      
116    300    416    -0.005403           -2372.893557        -2372.888154        0.081339       0.234694       61.343891      
118    162    280    -0.000173           -1951.664162        -1951.663989        0.012884       0.190231       25.717669      
118    188    306    -0.360374           -2139.504093        -2139.143719        0.050812       0.037458       0.287521       
118    190    308    -1.304484           -2150.306642        -2149.002158        0.082735       0.057852       -6.87804       
118    192    310    -1.402031           -2160.853442        -2159.451411        0.10321        0.067879       -19.864879     
118    264    382    -1.087305           -2389.121103        -2388.033798        0.079009       0.051194       0.556922       
118    266    384    -2.072922           -2390.983858        -2388.910936        0.103109       0.057672       1.781424       
118    268    386    -2.8285             -2392.570958        -2389.742458        0.124212       0.057076       5.080545       
118    270    388    -3.111499           -2393.795174        -2390.683675        0.146417       0.048384       9.771236       
118    274    392    -1.88418            -2396.501102        -2394.616922        0.029816       0.366355       -91.362613     
118    284    402    1.007525            -2400.775986        -2401.783511        0.023219       0.269623       90.882333      
118    286    404    0.503492            -2401.483694        -2401.987186        0.012072       0.262422       91.300344      
118    288    406    -0.003579           -2402.039352        -2402.035773        0.089259       0.265858       67.400909      
118    290    408    -0.006974           -2402.576107        -2402.569133        0.086473       0.253876       64.514564      
118    292    410    -0.018667           -2403.133514        -2403.114847        0.087951       0.245445       62.312829      
118    294    412    -0.015494           -2403.56148         -2403.545986        0.085465       0.240041       61.347479      
118    296    414    -0.011465           -2403.78624         -2403.774775        0.083116       0.236505       61.01856       
118    298    416    -0.00795            -2403.77689         -2403.76894         0.08074        0.233713       60.937401      
118    300    418    -0.004429           -2403.542115        -2403.537686        0.078668       0.23125        60.882643      
120    166    286    0.023942            -1982.331923        -1982.355865        0.136569       -0.37015       -59.332432     
120    188    308    -0.396872           -2143.97514         -2143.578268        0.061248       0.035954       0.18499        
120    190    310    -1.505151           -2155.346841        -2153.84169         0.099573       0.048939       -4.302531      
120    192    312    -1.816608           -2166.564427        -2164.747819        0.111106       0.062733       -19.851888     
120    194    314    -1.5631             -2177.140902        -2175.577802        0.121427       0.06616        -22.582687     
120    210    330    0.050872            -2258.356148        -2258.40702         0.13305        -0.371829      -76.12057      
120    216    336    0.052812            -2284.674392        -2284.727204        0.038345       -0.398122      -80.212303     
120    218    338    0.060533            -2293.035942        -2293.096475        0.064476       -0.397419      -81.582986     
120    262    382    -0.244888           -2410.169917        -2409.925029        0.059505       0.034974       0.168118       
120    264    384    -1.161132           -2412.498273        -2411.337141        0.088186       0.048113       0.307442       
120    266    386    -2.186923           -2414.858801        -2412.671878        0.106625       0.054546       0.56596        
120    268    388    -2.819177           -2416.936207        -2414.11703         0.121815       0.055299       -40.10986      
120    270    390    -2.794556           -2418.568           -2415.773444        0.135127       0.051049       -40.831593     
120    272    392    -2.488537           -2419.749552        -2417.261015        0.146756       0.042266       -41.906177     
120    296    416    -0.001848           -2432.265963        -2432.264115        0.079787       0.238685       62.383561      
120    298    418    0.011761            -2432.67163         -2432.683391        0.07793        0.234217       61.508011      
36     38     74     -1.966887           -628.248997         -626.28211          0.000886       0.422301       -4.176642      
36     40     76     -2.308468           -651.306234         -648.997766         0.000155       0.400516       -3.647516      
36     62     98     -0.966377           -813.82977          -812.863393         -0.000152      0.375721       -6.493109      
38     58     96     -0.425889           -819.473759         -819.04787          0.001776       0.358447       0.027447       
38     62     100    -3.615933           -842.665191         -839.049258         0.000206       0.390538       -6.356253      
40     38     78     -4.012863           -637.533738         -633.520875         0.000832       0.423942       -3.258395      
40     40     80     -3.531984           -665.009471         -661.477487         0.000412       0.419291       0.001207       
66     66     132    -6.017917           -1010.95485         -1004.936933        0.000817       0.361141       -10.322453     
88     136    224    -2.00015            -1714.380246        -1712.380096        0.212898       0.18387        16.877442      
102    130    232    -1.593138           -1680.155975        -1678.562837        -7e-06         0.375667       -29.3666       
102    132    234    -2.565684           -1699.959147        -1697.393463        0.000791       0.363437       -30.592101     
104    192    296    -3.930639           -2085.16113         -2081.230491        0.000232       0.354175       -31.541804     
106    194    300    -4.868628           -2108.582749        -2103.714121        -0.000519      0.360842       -33.529473     
106    196    302    -5.276414           -2116.022385        -2110.745971        0.006237       0.354679       -40.096708     
108    196    304    -5.363521           -2131.061697        -2125.698176        0.00013        0.36307        -35.184293     
108    198    306    -5.858987           -2138.650291        -2132.791304        0.000921       0.355876       -37.390478     
108    262    370    -1.845573           -2253.47508         -2251.629507        3.9e-05        0.372808       -1.564018      
108    264    372    -2.942301           -2253.556385        -2250.614084        0.002906       0.366619       8.796568       
108    266    374    -3.399382           -2253.560148        -2250.160766        0.000634       0.360407       -71.281313     
108    268    376    -3.26711            -2253.499901        -2250.232791        0.001742       0.354358       -72.503686     
110    194    304    -4.533457           -2135.848074        -2131.314617        0.000705       0.373892       -33.361157     
110    196    306    -5.507429           -2144.648479        -2139.14105         0.000509       0.369631       -34.9324       
110    198    308    -6.103038           -2152.892001        -2146.788963        -0.00107       0.364752       -59.274589     
110    200    310    -6.286077           -2160.488621        -2154.202544        0.001466       0.355986       -38.484044     
110    260    370    -0.669943           -2282.666336        -2281.996393        -0.000114      0.382113       0.2568         
110    262    372    -2.046432           -2283.273778        -2281.227346        0.003202       0.375937       0.746827       
110    264    374    -3.283748           -2283.760585        -2280.476837        0.000569       0.370348       4.722182       
110    266    376    -4.10774            -2284.136781        -2280.029041        0.001868       0.365161       -72.455338     
110    268    378    -3.969769           -2284.406285        -2280.436516        0.001411       0.35998        -73.876319     
110    270    380    -3.89607            -2284.606074        -2280.710004        0.001532       0.354756       -74.901917     
112    192    304    -3.494249           -2137.554511        -2134.060262        -0.000685      0.391347       -31.270325     
112    194    306    -4.305867           -2147.30321         -2142.997343        -0.000387      0.386021       -57.866312     
112    196    308    -5.220711           -2156.675397        -2151.454686        -0.002539      0.380809       28.014715      
112    198    310    -6.293577           -2165.478992        -2159.185415        6.4e-05        0.375622       -37.13486      
112    200    312    -6.393635           -2173.60733         -2167.213695        -0.001281      0.370781       -39.218987     
112    202    314    -6.044018           -2181.247202        -2175.203184        -4.2e-05       0.363942       -55.484845     
112    262    374    -1.126218           -2310.976254        -2309.850036        -9.9e-05       0.374853       0.366164       
112    264    376    -2.559466           -2311.976996        -2309.41753         0.000124       0.369297       1.02357        
112    266    378    -3.811794           -2312.834264        -2309.02247         -0.000688      0.364625       8.774305       
112    268    380    -4.248999           -2313.579711        -2309.330712        -7.3e-05       0.360065       -77.704553     
112    270    382    -4.322587           -2314.243809        -2309.921222        -0.001069      0.355422       -78.470259     
112    272    384    -4.48604            -2314.832514        -2310.346474        0.000947       0.350435       -79.23707      
114    190    304    -1.902655           -2136.286466        -2134.383811        0.001524       0.412887       -0.229621      
114    196    310    -4.799752           -2166.660918        -2161.861166        0.006859       0.395929       20.647672      
114    202    316    -5.069023           -2192.599844        -2187.530821        0.000584       0.380622       -42.035288     
114    204    318    -4.787623           -2200.569027        -2195.781404        -0.000112      0.374586       -43.70088      
114    264    378    -1.177716           -2338.415863        -2337.238147        -0.000424      0.380196       0.488723       
114    266    380    -2.443209           -2339.615108        -2337.171899        0.002918       0.375684       1.34974        
114    268    382    -3.414895           -2340.70167         -2337.286775        0.00015        0.37111        -81.814235     
114    270    384    -3.491998           -2341.698163        -2338.206165        -0.000318      0.36568        -82.490414     
114    274    388    -3.916167           -2343.51262         -2339.596453        -3.8e-05       0.352677       -84.077395     
116    192    308    -2.444297           -2154.866876        -2152.422579        0.000172       0.424435       -58.779884     
116    196    312    -4.168363           -2175.482011        -2171.313648        -0.000607      0.413922       -23.609316     
116    198    314    -4.060673           -2184.964956        -2180.904283        0.0009         0.40783        20.696209      
116    202    318    -4.016524           -2202.650852        -2198.634328        -0.000935      0.393244       -42.902741     
116    270    386    -2.537623           -2368.107321        -2365.569698        -0.000815      0.379077       -86.363637     
116    272    388    -2.659282           -2369.332086        -2366.672804        -1.6e-05       0.370048       -86.88382      
116    274    390    -2.893003           -2370.546519        -2367.653516        -0.000176      0.36008        -87.40126      
116    276    392    -3.196381           -2371.708145        -2368.511764        0.000191       0.352392       -88.021605     
118    194    312    -1.216939           -2170.918459        -2169.70152         4e-06          -0.357601      -21.54026      
118    196    314    -1.986518           -2181.676627        -2179.690109        9.4e-05        -0.362491      -22.730701     
118    198    316    -2.545895           -2192.012434        -2189.466539        1.1e-05        -0.367309      -23.67666      
118    200    318    -2.905646           -2201.928494        -2199.022848        2.3e-05        -0.371461      -24.358609     
118    272    390    -2.905173           -2394.978374        -2392.073201        0.00027        0.381721       -65.407019     
118    276    394    -2.307684           -2398.071685        -2395.764001        -5.6e-05       0.35507        -91.69182      
120    196    316    -2.137959           -2188.320683        -2186.182724        0.000287       -0.36958       -23.920072     
120    198    318    -2.921188           -2199.466361        -2196.545173        0.000347       -0.37444       -24.770987     
120    200    320    -3.462538           -2210.147577        -2206.685039        0.00036        -0.378395      -25.384612     
120    202    322    -3.522056           -2220.33569         -2216.813634        0.000603       -0.381482      29.760921      
120    274    394    -2.775404           -2421.368373        -2418.592969        4.2e-05        0.370479       -68.741521     
120    276    396    -3.145578           -2423.359941        -2420.214363        0.000863       0.358441       -70.895762     
120    278    398    -3.5652             -2425.201347        -2421.636147        -0.000453      0.351525       -73.060984     
