 Nrows 
   325 
    Z     N          Q20                 Q30           beta2       beta3
    22    46      1.4998551995      0.0190753693    0.121463        0.01 
    24    28      0.8946310312      0.0111548007    0.113296        0.01 
    24    46      2.2775230071       0.020213951    0.175742        0.01 
    26    20      0.0017959369      0.0087291266    0.000279        0.01 
    32    48      2.1258937836      0.0264018952    0.131311        0.01 
    34    48      1.8628800987      0.0277384911    0.110426        0.01 
    34    56      3.0575613575      0.0334148986    0.155196        0.01 
    36    32      -2.084754644      0.0190753693    -0.16883        0.01 
    36    38     -1.8633456596      0.0225901216   -0.131064        0.01 
    36    62     -4.6599713226       0.039619344   -0.205234        0.01 
    36    64     -4.8967388222      0.0412529612   -0.208521        0.01 
    38    62      8.8875195537      0.0412529612    0.378463        0.01 
    40    70     -4.8418990182      0.0499160831   -0.175902        0.01 
    46    58      3.8924944264      0.0446192029    0.155268        0.01 
    52    66     -4.7313802728      0.0574406232   -0.152907        0.01 
    54    64      8.4686901456      0.0574406232    0.273688        0.01 
    54    66      8.4866418246      0.0594042642    0.266692        0.01 
    54    74      5.7498242813      0.0675888517    0.162261        0.01 
    54    90      7.7009529546      0.0855421404    0.178587        0.01 
    56    54      5.4859275757      0.0499160831    0.199299        0.01 
    56    88      7.5057847001      0.0855421404    0.174061        0.01 
    56    90      8.8085490029      0.0879348122     0.19963        0.01 
    56    92     10.2894232238      0.0903604863    0.227963        0.01 
    58    78      5.1532270224      0.0763014771    0.131449        0.01 
    58    86      6.2869964663      0.0855421404    0.145797        0.01 
    58    88      8.2304314402      0.0879348122    0.186528        0.01 
    58    90     10.3467915552      0.0903604863    0.229234        0.01 
    58   136     10.7724164732       0.155259645    0.152015        0.01 
    58   138      12.029918697      0.1584773759    0.166883        0.01 
    58   140     13.2203521657      0.1617281093     0.18032        0.01 
    60    78      5.4456452316      0.0785621394    0.135569        0.01 
    60    86      6.4790908678      0.0879348122    0.146837        0.01 
    60    88      9.1056315432      0.0903604863    0.201736        0.01 
    60    92     14.5694239525      0.0953108417    0.308754        0.01 
    60   118      9.4775297473      0.1307058824    0.154373        0.01 
    60   120      7.0194151853      0.1336595944    0.112225        0.01 
    60   134      8.8396671597       0.155259645    0.124741        0.01 
    60   136      10.952017567      0.1584773759     0.15193        0.01 
    60   138     12.9629394746      0.1617281093    0.176809        0.01 
    62    90     13.7488751884      0.0953108417    0.291365        0.01 
    62   132      5.3203399926       0.155259645    0.075078        0.01 
    62   134      8.3826582427      0.1584773759    0.116287        0.01 
    62   136      11.645669802      0.1617281093    0.158842        0.01 
    64    88     10.8295543626      0.0953108417    0.229499        0.01 
    64   132      4.0672331677      0.1584773759    0.056422        0.01 
    64   134      8.6717504093      0.1617281093    0.118279        0.01 
    64   136     13.0629157772       0.165011845    0.175213        0.01 
    66    70     13.7101971677      0.0763014771    0.349721        0.01 
    66    88     10.8666880827      0.0978355229    0.225323        0.01 
    66    90     13.5663963423      0.1003932065    0.275317        0.01 
    66    92     15.2834961365      0.1029838925    0.303648        0.01 
    66    94     16.3142885727      0.1056075808    0.317403        0.01 
    66   132      4.5958172998      0.1617281093    0.062685        0.01 
    66   134      9.9159707734       0.165011845    0.133003        0.01 
    68    68     13.5129264515      0.0763014771    0.344689        0.01 
    68   132      6.0701519845       0.165011845    0.081419        0.01 
    70    92     13.4958804457      0.1082642715    0.257189        0.01 
    70    94     15.1638672919      0.1109539646    0.283126        0.01 
    70    96     16.7438707055        0.11367666    0.306374        0.01 
    72    90     10.7040762575      0.1082642715    0.203986        0.01 
    74    90      9.8106728278      0.1109539646    0.183176        0.01 
    74    98     16.6990209282      0.1220427606    0.287996        0.01 
    76    88      7.1860275581      0.1109539646    0.134171        0.01 
    78    96     10.1384041317      0.1248974655    0.171513        0.01 
    78    98     16.4986401836      0.1277851728    0.273844        0.01 
    86   132      8.4068774681       0.196050573    0.097675        0.01 
    86   134     10.8231608783      0.1996643324    0.123849        0.01 
    86   136     12.8654513234      0.2033110942    0.145015        0.01 
    86   138     14.8511937685      0.2069908584    0.164914        0.01 
    86   194     12.7497447983      0.3234232162    0.097607        0.01 
    86   196     16.1460314272       0.328060049     0.12215        0.01 
    88   130      6.3585859914       0.196050573    0.073877        0.01 
    88   132      10.472552303      0.1996643324    0.119837        0.01 
    88   134     13.0537997919      0.2033110942    0.147138        0.01 
    88   136     15.4377165926      0.2069908584    0.171427        0.01 
    88   138     17.4821999933      0.2107036249    0.191275        0.01 
    88   140     19.2006987988      0.2144493938    0.207015        0.01 
    88   192      0.2129159181      0.3234232162     0.00163        0.01 
    88   194      15.225119426       0.328060049    0.115183        0.01 
    88   196     18.5326754472      0.3327298843    0.138564        0.01 
    88   198     21.5234453714      0.3374327218    0.159054        0.01 
    88   200     24.1018169754      0.3421685618    0.176051        0.01 
    90   130      8.0285169027      0.1996643324     0.09187        0.01 
    90   132     12.1655544473      0.2033110942    0.137126        0.01 
    90   134     15.3555871875      0.2069908584    0.170515        0.01 
    90   136     18.0761058125      0.2107036249    0.197773        0.01 
    90   138     20.1248625687      0.2144493938    0.216979        0.01 
    90   192     11.2404930046       0.328060049    0.085038        0.01 
    90   194     16.8796823476      0.3327298843    0.126205        0.01 
    90   196     20.8789084826      0.3374327218    0.154291        0.01 
    90   198     24.1809466039      0.3421685618    0.176629        0.01 
    90   200       26.73742146      0.3469374041    0.193063        0.01 
    92   130      8.9088914319      0.2033110942    0.100418        0.01 
    92   132      13.974336293      0.2069908584    0.155177        0.01 
    92   134      17.627340412      0.2107036249    0.192863        0.01 
    92   136     20.3642510362      0.2144493938     0.21956        0.01 
    92   190      0.0896193967       0.328060049    0.000678        0.01 
    92   192     -0.1376268225      0.3327298843   -0.001029        0.01 
    92   194     18.6891339847      0.3374327218    0.138109        0.01 
    92   196     23.2391945038      0.3421685618     0.16975        0.01 
    92   198     26.4404974942      0.3469374041    0.190919        0.01 
    94   130      9.8280620925      0.2069908584    0.109135        0.01 
    94   132     16.0795110727      0.2107036249    0.175928        0.01 
    94   134     19.9854589009      0.2144493938    0.215476        0.01 
    94   136     22.1681369386       0.218228165    0.235555        0.01 
    94   190     -0.0779751579      0.3327298843   -0.000583        0.01 
    94   192     13.5988758265      0.3374327218    0.100493        0.01 
    94   194      20.346992895      0.3421685618    0.148624        0.01 
    94   196     25.1458868447      0.3469374041    0.181571        0.01 
    94   198      28.175108887      0.3517392488    0.201127        0.01 
    94   232      32.331572357       0.438419971    0.192091        0.01 
    96   128      0.0760057214      0.2069908584    0.000844        0.01 
    96   130     10.8877249615      0.2107036249    0.119124        0.01 
    96   132     19.9862936534      0.2144493938    0.215485        0.01 
    96   188               0.0      0.3327298843         0.0        0.01 
    96   190               0.0      0.3374327218         0.0        0.01 
    96   192     15.0939081686      0.3421685618    0.110253        0.01 
    96   194     21.5584248997      0.3469374041    0.155667        0.01 
    96   196     26.7117688708      0.3517392488    0.190681        0.01 
    96   230     36.0388528269       0.438419971    0.214117        0.01 
    96   232     33.9753626429      0.4438158583     0.19981        0.01 
    96   240     26.6120456666      0.4657294313    0.150345        0.01 
    98   128              -0.0      0.2107036249        -0.0        0.01 
    98   130     27.5920019494      0.2144493938    0.297487        0.01 
    98   186               0.0      0.3327298843         0.0        0.01 
    98   188               0.0      0.3374327218         0.0        0.01 
    98   190     -0.1801636522      0.3421685618   -0.001316        0.01 
    98   192     16.2707131747      0.3469374041    0.117486        0.01 
    98   194     22.3616733776      0.3517392488    0.159628        0.01 
    98   196     28.0680170653      0.3565740959    0.198096        0.01 
    98   230     37.5176015427      0.4438158583    0.220642        0.01 
    98   234     33.9906511465      0.4547066401    0.195902        0.01 
    98   238     30.2589110554      0.4657294313    0.170948        0.01 
   100   126      0.0522797982      0.2107036249    0.000572        0.01 
   100   128              -0.0      0.2144493938        -0.0        0.01 
   100   168     24.5039610563      0.2962952689      0.2018        0.01 
   100   184               0.0      0.3327298843         0.0        0.01 
   100   186      -0.029770757      0.3374327218    -0.00022        0.01 
   100   188     -0.0742011394      0.3421685618   -0.000542        0.01 
   100   190      11.021501852      0.3469374041    0.079583        0.01 
   100   192     17.2846708057      0.3517392488    0.123386        0.01 
   100   194     22.9299501541      0.3565740959    0.161833        0.01 
   100   196     29.1990453657      0.3614419453    0.203763        0.01 
   100   230      38.639808872       0.449244748    0.224951        0.01 
   100   232     37.5487888024      0.4547066401    0.216409        0.01 
   100   234     35.9980462584      0.4602015345    0.205405        0.01 
   100   236     34.1337608454      0.4657294313    0.192839        0.01 
   100   262     -0.1284683428      0.5405953054   -0.000641        0.01 
   100   264      8.7504967403      0.5465852354    0.043262        0.01 
   102   128              -0.0       0.218228165        -0.0        0.01 
   102   184               0.0      0.3374327218         0.0        0.01 
   102   186               0.0      0.3421685618         0.0        0.01 
   102   188               0.0      0.3469374041         0.0        0.01 
   102   190      11.991095032      0.3517392488    0.085598        0.01 
   102   192     48.7794014169      0.3565740959    0.344271        0.01 
   102   194     46.5390908279      0.3614419453    0.324769        0.01 
   102   232     38.8981493205      0.4602015345    0.221953        0.01 
   102   234     37.7326574665      0.4657294313    0.213171        0.01 
   102   236     36.0247499325      0.4712903305    0.201519        0.01 
   102   260      0.1148398759      0.5405953054    0.000573        0.01 
   102   262      0.1365305649      0.5465852354    0.000675        0.01 
   102   264      8.3047507837      0.5526081677    0.040685        0.01 
   104   170     24.9763125533      0.3097107319    0.198238        0.01 
   104   184               0.0      0.3421685618         0.0        0.01 
   104   186               0.0      0.3469374041         0.0        0.01 
   104   188               0.0      0.3517392488         0.0        0.01 
   104   190     12.2599210111      0.3565740959    0.086527        0.01 
   104   198     45.6240587071      0.3762435078    0.307911        0.01 
   104   234     38.6513590897      0.4712903305    0.216212        0.01 
   104   260      0.1579709203      0.5465852354    0.000781        0.01 
   104   262      0.2927126121      0.5526081677    0.001434        0.01 
   104   264      0.5874709022      0.5586641024    0.002852        0.01 
   106   164     29.8953175851      0.3007340875    0.243168        0.01 
   106   186               0.0      0.3517392488         0.0        0.01 
   106   188               0.0      0.3565740959         0.0        0.01 
   106   198     50.1834066862      0.3812433667    0.334976        0.01 
   106   200     47.7926417531       0.386276228     0.31555        0.01 
   106   262      0.3652124508      0.5586641024    0.001773        0.01 
   106   264      0.8761078951      0.5647530395    0.004215        0.01 
   108   158     31.1964622595      0.2918894526    0.260143        0.01 
   108   164     29.6990015933      0.3052059085    0.238618        0.01 
   108   170     26.2431627962      0.3188193857    0.203322        0.01 
   108   188               0.0      0.3614419453         0.0        0.01 
   108   196     54.4707249792      0.3812433667    0.363594        0.01 
   108   200     51.8595401389      0.3913420916    0.338704        0.01 
   108   262      0.3633301544      0.5647530395    0.001748        0.01 
   108   264      0.9022615443       0.570874979    0.004302        0.01 
   108   266      14.914511753      0.5770299208     0.07048        0.01 
   108   268     21.1017615191       0.583217865    0.098836        0.01 
   110   166     28.3410616612      0.3142485576    0.222234        0.01 
   110   168     27.2505692039      0.3188193857    0.211127        0.01 
   110   188     -0.0117382296      0.3663427971    -8.1e-05        0.01 
   110   192     16.2616768969      0.3762435078    0.109748        0.01 
   110   196     56.7716909488       0.386276228    0.374834        0.01 
   110   198    -36.3660156273      0.3913420916   -0.237513        0.01 
   110   200     54.9943205169      0.3964409576    0.355324        0.01 
   110   202     53.3847205542       0.401572826    0.341247        0.01 
   110   228     38.5271167046      0.4712903305    0.215517        0.01 
   110   264      0.7960895746      0.5770299208    0.003762        0.01 
   110   266      11.099369421       0.583217865    0.051987        0.01 
   112   160     29.2956185117      0.3052059085    0.235377        0.01 
   112   162     28.9519758601      0.3097107319    0.229793        0.01 
   112   164     28.3516464867      0.3142485576    0.222317        0.01 
   112   168     26.1702400504      0.3234232162    0.200349        0.01 
   112   192     14.3176775662      0.3812433667    0.095571        0.01 
   112   194     19.0495063345       0.386276228    0.125774        0.01 
   112   200     57.7928901667       0.401572826    0.369425        0.01 
   112   202     56.6578417814      0.4067376967    0.358333        0.01 
   112   204     54.8931868374      0.4119355699    0.343518        0.01 
   112   236     33.5679093629      0.4995898619    0.178869        0.01 
   112   266      3.0914049671      0.5894388115    0.014352        0.01 
   112   282     48.5571547694      0.6403944693    0.210379        0.01 
   112   284     50.1350348429      0.6469124371     0.21539        0.01 
   112   286     51.5335153529      0.6534634074    0.219547        0.01 
   114   154     29.6256289125      0.2962952689    0.243979        0.01 
   114   164     27.1527326815      0.3188193857    0.210369        0.01 
   114   190     63.6627365981      0.3812433667    0.424951        0.01 
   114   192     11.9898871783       0.386276228    0.079163        0.01 
   114   200    -39.2365669747      0.4067376967   -0.248152        0.01 
   114   202     -41.133056892      0.4119355699   -0.257408        0.01 
   114   224      37.633644128      0.4712903305    0.210519        0.01 
   114   266      1.5554456119      0.5956927604    0.007158        0.01 
   114   282     49.2298157032      0.6469124371    0.211501        0.01 
   114   284     50.8370816049      0.6534634074     0.21658        0.01 
   114   286     52.2231301663        0.66004738    0.220634        0.01 
   114   288     53.3612193911       0.666664355    0.223576        0.01 
   114   290     54.2570870892      0.6733143323    0.225457        0.01 
   114   292     54.9508028924      0.6799973121    0.226468        0.01 
   114   294     55.4915029465      0.6867132941    0.226831        0.01 
   114   296     55.9118155988      0.6934622786    0.226694        0.01 
   116   192     -9.2699938535      0.3913420916   -0.060544        0.01 
   116   194    -20.9199556658      0.3964409576   -0.135166        0.01 
   116   198    -57.8087612622      0.4067376967   -0.365612        0.01 
   116   200    -58.9577863646      0.4119355699   -0.368954        0.01 
   116   266      1.0028912562      0.6019797117    0.004575        0.01 
   116   268      7.8197274545      0.6082996654    0.035363        0.01 
   116   270     16.7791755981      0.6146526214    0.075226        0.01 
   116   284     50.7968015752        0.66004738    0.214608        0.01 
   116   286     52.1836142077       0.666664355    0.218642        0.01 
   116   288     53.3233502884      0.6733143323    0.221577        0.01 
   116   290     54.2320952685      0.6799973121    0.223506        0.01 
   116   292     54.9528098688      0.6867132941    0.224629        0.01 
   116   294     55.5332231484      0.6934622786    0.225159        0.01 
   118   192     -8.3490381341      0.3964409576   -0.053944        0.01 
   118   194    -12.2519206312       0.401572826   -0.078317        0.01 
   118   196    -21.8028010787      0.4067376967   -0.137892        0.01 
   118   198    -23.5772659713      0.4119355699   -0.147545        0.01 
   118   200    -60.4969653584      0.4171664453   -0.374626        0.01 
   118   202     -61.762645054      0.4224303232   -0.378488        0.01 
   118   266      0.7927416487      0.6082996654    0.003585        0.01 
   118   268      3.1211416816      0.6146526214    0.013993        0.01 
   118   270    -77.9437702691      0.6210385798   -0.346448        0.01 
   118   272      -78.04951973      0.6274575406   -0.343958        0.01 
   118   284     49.2374532058       0.666664355    0.206298        0.01 
   118   286     50.9235504487      0.6733143323    0.211605        0.01 
   118   288     52.3159460092      0.6799973121    0.215609        0.01 
   118   290       53.44901952      0.6867132941    0.218482        0.01 
   118   292     54.4139706795      0.6934622786    0.220621        0.01 
   118   294     55.0992632633      0.7002442654    0.221595        0.01 
   118   296     55.6402712599      0.7070592546    0.221972        0.01 
   120   166     66.6228944868      0.3374327218     0.49233        0.01 
   120   168     67.3547837591      0.3421685618    0.491991        0.01 
   120   192     -6.1670258463       0.401572826   -0.039421        0.01 
   120   194    -20.9260531021      0.4067376967   -0.132347        0.01 
   120   196    -24.0473890963      0.4119355699   -0.150487        0.01 
   120   198    -60.9504188793      0.4171664453   -0.377434        0.01 
   120   200    -62.2298367557      0.4224303232   -0.381351        0.01 
   120   204    -44.8485714206       0.433057086   -0.269205        0.01 
   120   266      0.5513801356      0.6146526214    0.002472        0.01 
   120   268      1.3422289447      0.6210385798    0.005966        0.01 
   120   270      5.3686019435      0.6274575406    0.023659        0.01 
   120   272     -60.871812732      0.6339095037    -0.26598        0.01 
   120   284     47.4511565571      0.6733143323    0.197176        0.01 
   120   286     49.2666554254      0.6799973121    0.203042        0.01 
   120   288     50.9297364531      0.6867132941    0.208184        0.01 
   120   290      52.380423609      0.6934622786    0.212376        0.01 
   120   292      53.557145297      0.7002442654    0.215393        0.01 
   120   294     54.5641729929      0.7070592546    0.217679        0.01 
   120   296     55.1992778998      0.7139072462    0.218451        0.01 
    14     2     -0.3784870885      0.0010560758   -0.341791        0.01 
   102   130    -27.6812026702      0.2220399386   -0.289922        0.01 
   104   134    -30.0349299337      0.2336732737   -0.301468        0.01 
   104   136    -30.9520045859      0.2376170568    -0.30637        0.01 
   104   192     18.5987843623      0.3614419453     0.12979        0.01 
   106   190     11.8797782664      0.3614419453    0.082902        0.01 
   106   192     18.5562571086      0.3663427971    0.128048        0.01 
   108   190     10.8924974174      0.3663427971    0.075164        0.01 
   108   192     17.7424549242      0.3712766512    0.121075        0.01 
   108   270     26.0488347889      0.5894388115    0.120933        0.01 
   108   272     30.6123778388      0.5956927604    0.140875        0.01 
   110   190      9.2216803298      0.3712766512    0.062929        0.01 
   110   268     19.6984445129      0.5894388115    0.091451        0.01 
   110   270     24.7806519537      0.5956927604    0.114038        0.01 
   110   272     29.4120056012      0.6019797117    0.134172        0.01 
   110   274     33.8285084821      0.6082996654    0.152982        0.01 
   110   276     40.0419748938      0.6146526214     0.17952        0.01 
   112   190      6.4505580241      0.3762435078    0.043534        0.01 
   112   268     17.5760138899      0.5956927604    0.080883        0.01 
   112   270     22.8966102097      0.6019797117     0.10445        0.01 
   112   272     27.5785642812      0.6082996654    0.124718        0.01 
   112   274     32.3384895612      0.6146526214    0.144983        0.01 
   112   276     40.2535945374      0.6210385798    0.178921        0.01 
   112   278     44.9345560955      0.6274575406    0.198023        0.01 
   112   280     46.8588001236      0.6339095037     0.20475        0.01 
   114   194     16.4510849893      0.3913420916    0.107445        0.01 
   114   196     20.0465754532      0.3964409576    0.129523        0.01 
   114   198     23.4383276266       0.401572826    0.149823        0.01 
   114   268     14.2923512595      0.6019797117    0.065199        0.01 
   114   270      20.338190556      0.6082996654    0.091975        0.01 
   114   272     25.2383550647      0.6146526214    0.113151        0.01 
   114   276     39.8094348522      0.6274575406    0.175437        0.01 
   114   278     44.1211934468      0.6339095037    0.192788        0.01 
   114   280     46.7471584879      0.6403944693    0.202537        0.01 
   116   196     17.2417345982       0.401572826    0.110213        0.01 
   116   272    -74.6759399939      0.6210385798   -0.331923        0.01 
   116   276     37.9843498555      0.6339095037    0.165973        0.01 
   116   278     42.6025393567      0.6403944693     0.18458        0.01 
   116   280     46.0241900945      0.6469124371    0.197729        0.01 
   116   282     48.5679798048      0.6534634074    0.206913        0.01 
   118   278      40.917115488      0.6469124371    0.175788        0.01 
   118   280     44.5219978322      0.6534634074    0.189676        0.01 
   118   282     47.1635218084        0.66004738    0.199258        0.01 
   120   278     39.8910772348      0.6534634074    0.169947        0.01 
   120   280     43.0561404539        0.66004738    0.181905        0.01 
   120   282     45.4459177492       0.666664355    0.190412        0.01 
