Z      N      A      E_soft(MeV)         BE_b3=0 (MeV)       BE_b3=0.01 (MeV)    beta2          beta3 (0.01)   delta_beta2    CONV     
4      4      8      1113.155518         -55.548275          1057.607243         0.282329       19.218393      0.147517       NO
6      4      10     1022.478751         -64.966685          957.512066          -0.498203      -18.137122     -0.632441      NO
12     2      14     0.001203            -0.093867           -0.092664           -0.00886       0.010005       -0.165062      YES
14     2      16     0.951631            12.347738           13.299369           -0.08918       0.009999       0.270342       YES
14     16     30     0.032466            -258.023257         -257.990791         4e-06          0.010001       -0.204301      YES
14     24     38     0.079737            -303.068149         -302.988412         0.141262       0.01           -0.017143      YES
46     58     104    -0.00209            -892.994859         -892.996949         0.112475       0.01           -0.007402      YES
50     62     112    0.020929            -953.650609         -953.62968          0.069072       0.01           -0.008749      YES
52     60     112    0.022279            -941.133181         -941.110902         0.116919       0.01           -0.010023      YES
52     62     114    0.00984             -961.232145         -961.222305         0.118254       0.01           -0.009289      YES
52     64     116    0.011954            -980.676033         -980.664079         -0.127519      0.01           -0.006335      YES
52     68     120    0.002017            -1017.126866        -1017.124849        -0.109573      0.01           -0.006825      YES
56     64     120    0.078386            -993.155588         -993.077202         0.299546       0.01           -0.04838       YES
56     88     144    0.031793            -1189.736809        -1189.705016        0.160683       0.01           -0.006884      YES
56     90     146    0.019031            -1198.963681        -1198.94465         0.181338       0.01           -0.01952       YES
56     94     150    0.055074            -1215.922444        -1215.86737         0.231297       0.01           -0.015266      YES
56     102    158    0.160188            -1244.692336        -1244.532148        0.259059       0.01           -0.023185      YES
58     92     150    0.168265            -1229.253911        -1229.085646        0.258045       0.01           -0.026753      YES
58     94     152    0.213204            -1239.330043        -1239.116839        0.27756        0.01           -0.028624      YES
58     96     154    0.223663            -1248.68586         -1248.462197        0.284746       0.01           -0.029529      YES
58     98     156    0.228169            -1257.441866        -1257.213697        0.288199       0.01           -0.02965       YES
58     100    158    0.246759            -1265.521298        -1265.274539        0.289861       0.01           -0.029201      YES
58     112    170    0.117564            -1301.373816        -1301.256252        0.235238       0.01           -0.027726      YES
58     114    172    0.05844             -1305.962853        -1305.904413        0.211257       0.01           -0.0261        YES
60     90     150    0.114471            -1236.667692        -1236.553221        0.252047       0.01           -0.025181      YES
60     92     152    0.206149            -1249.053904        -1248.847755        0.285862       0.01           -0.027795      YES
60     94     154    0.27963             -1260.540429        -1260.260799        0.298685       0.01           -0.028062      YES
60     96     156    0.302774            -1271.164522        -1270.861748        0.304626       0.01           -0.028008      YES
60     98     158    0.318577            -1281.118517        -1280.79994         0.307407       0.01           -0.02809       YES
60     100    160    0.316073            -1290.34931         -1290.033237        0.309006       0.01           -0.02799       YES
60     106    166    0.322634            -1313.491978        -1313.169344        0.31344        0.01           -0.029991      YES
60     116    176    0.106932            -1341.525072        -1341.41814         0.225476       0.01           -0.025104      YES
62     90     152    0.084835            -1252.461504        -1252.376669        0.270135       0.01           -0.026809      YES
62     96     158    0.274319            -1290.744423        -1290.470104        0.312983       0.01           -0.025829      YES
62     98     160    0.297452            -1301.911755        -1301.614303        0.315528       0.01           -0.02558       YES
62     100    162    0.315537            -1312.34457         -1312.029033        0.316787       0.01           -0.025539      YES
62     114    176    0.167543            -1365.545552        -1365.378009        0.278153       0.01           -0.023689      YES
62     118    180    0.017487            -1376.336374        -1376.318887        0.205645       0.01           -0.023093      YES
62     122    184    0.013264            -1387.847936        -1387.834672        0.058375       0.01           -0.010991      YES
62     134    196    0.06708             -1406.676763        -1406.609683        0.152954       0.01           -0.013407      YES
64     90     154    0.062604            -1265.926199        -1265.863595        0.267309       0.01           -0.02417       YES
64     92     156    0.126765            -1280.684594        -1280.557829        0.294525       0.01           -0.024757      YES
64     94     158    0.184604            -1294.626343        -1294.441739        0.305706       0.01           -0.023931      YES
64     98     162    0.263422            -1320.130735        -1319.867313        0.31363        0.01           -0.0223        YES
66     86     152    0.02794             -1244.25004         -1244.2221          0.167743       0.01           -0.02009       YES
66     90     156    0.067591            -1277.317718        -1277.250127        0.254669       0.01           -0.018893      YES
66     92     158    0.119843            -1293.092634        -1292.972791        0.282835       0.01           -0.021645      YES
66     94     160    0.159705            -1308.172918        -1308.013213        0.29712        0.01           -0.021327      YES
68     86     154    0.026789            -1251.638977        -1251.612188        0.160688       0.01           -0.018228      YES
68     90     158    0.075969            -1286.756392        -1286.680423        0.239718       0.01           -0.011069      YES
68     96     164    0.191219            -1335.166822        -1334.975603        0.295208       0.01           -0.017156      YES
70     86     156    0.025147            -1257.277807        -1257.25266         0.149242       0.01           -0.016648      YES
70     94     164    0.131439            -1329.071309        -1328.93987         0.268338       0.01           -0.012811      YES
72     86     158    0.0165              -1261.192589        -1261.176089        0.134635       0.01           -0.013972      YES
72     88     160    0.035002            -1280.94949         -1280.914488        0.176894       0.01           -0.01467       YES
72     132    204    0.041085            -1556.55952         -1556.518435        0.107122       0.01           -0.008268      YES
74     86     160    0.015757            -1263.39664         -1263.380883        0.114946       0.01           -0.009099      YES
74     88     162    0.035424            -1283.989595        -1283.954171        0.156822       0.01           -0.012765      YES
74     94     168    0.030294            -1342.001795        -1341.971501        0.217294       0.01           -0.009495      YES
76     88     164    0.017249            -1285.306199        -1285.28895         0.131995       0.01           -0.009826      YES
76     92     168    0.024134            -1326.250072        -1326.225938        0.17266        0.01           -0.009951      YES
76     94     170    0.031304            -1345.828757        -1345.797453        0.188186       0.01           -0.009247      YES
76     134    210    0.023762            -1611.427977        -1611.404215        0.108858       0.01           -0.004441      YES
78     90     168    0.01842             -1306.643456        -1306.625036        0.124146       0.01           -0.006492      YES
78     92     170    0.012578            -1327.608737        -1327.596159        0.141294       0.01           -0.007371      YES
78     94     172    0.025987            -1347.981254        -1347.955267        0.154987       0.01           -0.00759       YES
78     96     174    0.029025            -1367.818047        -1367.789022        0.168204       0.01           -0.006766      YES
84     136    220    -0.003466           -1694.882731        -1694.886197        0.089786       0.01           0.000815       YES
84     138    222    0.020276            -1703.49412         -1703.473844        0.110362       0.01           0.000537       YES
86     132    218    0.02936             -1687.125699        -1687.096339        0.094741       0.01           -0.005114      NO
86     134    220    0.043324            -1697.580765        -1697.537441        0.119444       0.010001       -0.005406      NO
86     136    222    0.045569            -1707.709723        -1707.664154        0.1389         0.010001       -0.003533      NO
86     138    224    0.058282            -1717.608333        -1717.550051        0.156835       0.01           -0.001072      NO
86     140    226    0.051898            -1727.283481        -1727.231583        0.173002       0.01           -0.004357      YES
86     192    278    0.036415            -1870.398394        -1870.361979        0.083646       0.01           -0.007793      YES
86     194    280    0.067216            -1870.656898        -1870.589682        0.101614       0.01           -0.011486      YES
86     196    282    0.075295            -1870.781426        -1870.706131        0.114905       0.01           -0.012409      YES
86     198    284    0.125892            -1870.781465        -1870.655573        0.126606       0.01           -0.012648      YES
86     200    286    0.128209            -1870.693562        -1870.565353        0.138171       0.01           -0.011939      YES
86     202    288    0.184704            -1870.514268        -1870.329564        0.148388       0.01           -0.013499      YES
88     130    218    0.003344            -1683.89905         -1683.895706        0.084736       0.010002       -0.007286      NO
88     132    220    0.055844            -1696.009168        -1695.953324        0.121862       0.010001       -0.005261      NO
88     134    222    0.051024            -1707.759838        -1707.708814        0.146035       0.010001       -0.005371      NO
88     136    224    0.062961            -1719.237607        -1719.174646        0.16792        0.010001       -0.002107      NO
88     138    226    0.089701            -1730.470881        -1730.38118         0.186149       0.009996       -0.001859      NO
88     140    228    0.082452            -1741.340155        -1741.257703        0.200426       0.01           -0.005916      YES
88     190    278    0.011052            -1898.633919        -1898.622867        0.075217       0.01           -0.014083      YES
88     192    280    0.04638             -1899.766595        -1899.720215        0.100774       0.01           -0.015301      YES
88     194    282    0.05763             -1900.785308        -1900.727678        0.118759       0.01           -0.015556      YES
88     196    284    0.054147            -1901.712036        -1901.657889        0.134023       0.01           -0.014569      YES
88     198    286    0.12089             -1902.593209        -1902.472319        0.149161       0.01           -0.010642      YES
88     200    288    0.198242            -1903.394584        -1903.196342        0.16244        0.01           -0.010035      YES
88     202    290    0.258888            -1904.036993        -1903.778105        0.173142       0.01           -0.013461      YES
88     204    292    0.312134            -1904.472821        -1904.160687        0.181524       0.01           -0.016875      YES
90     130    220    0.062693            -1690.062932        -1690.000239        0.10662        0.01           -0.000721      NO
90     132    222    0.070539            -1703.468646        -1703.398107        0.141923       0.010001       -0.001556      NO
90     134    224    0.083383            -1716.65583         -1716.572447        0.169608       0.010001       0.000612       NO
90     136    226    0.108429            -1729.616172        -1729.507743        0.192911       0.010001       0.003009       NO
90     138    228    0.11478             -1742.139944        -1742.025164        0.209928       0.01           0.00091        YES
90     190    280    0.014944            -1925.812039        -1925.797095        0.086247       0.01           -0.014707      YES
90     192    282    0.014362            -1927.69807         -1927.683708        0.113661       0.01           -0.013176      YES
90     194    284    0.035963            -1929.543532        -1929.507569        0.133752       0.01           -0.01234       YES
90     196    286    0.146831            -1931.430656        -1931.283825        0.152424       0.01           -0.009047      YES
90     198    288    0.261415            -1933.336216        -1933.074801        0.169353       0.01           -0.005992      YES
90     200    290    0.358587            -1935.083138        -1934.724551        0.182451       0.01           -0.008626      YES
92     128    220    -0.000142           -1680.437712        -1680.437854        1.1e-05        0.01           -0.039957      YES
92     130    222    0.060918            -1694.792919        -1694.732001        0.121886       0.010001       0.00605        NO
92     132    224    0.079104            -1709.49279         -1709.413686        0.158601       0.010001       0.002691       NO
92     134    226    0.098131            -1724.078321        -1723.98019         0.188302       0.01           0.003798       NO
92     188    280    0.006846            -1949.314915        -1949.308069        8e-06          0.01           -0.057201      YES
92     190    282    0.024557            -1951.599213        -1951.574656        0.095195       0.01           -0.008254      YES
92     192    284    0.07326             -1954.294389        -1954.221129        0.124962       0.01           -0.006786      YES
92     194    286    0.14794             -1957.041514        -1956.893574        0.147579       0.01           -0.006076      YES
92     196    288    0.247952            -1959.877651        -1959.629699        0.167868       0.01           -0.003802      YES
92     198    290    0.341724            -1962.677409        -1962.335685        0.18406        0.01           -0.005356      YES
94     128    222    -0.002719           -1682.572623        -1682.575342        1e-05          0.01           -0.047492      YES
94     130    224    0.052381            -1698.11944         -1698.067059        0.133714       0.010001       0.012026       NO
94     132    226    0.040819            -1714.011256        -1713.970437        0.173165       0.01           0.003263       NO
94     134    228    0.070458            -1729.746429        -1729.675971        0.202701       0.01           -0.000135      YES
94     188    282    0.00131             -1973.087421        -1973.086111        0.000976       0.01           -0.057264      YES
94     190    284    0.040687            -1976.058428        -1976.017741        0.101796       0.01           0.001784       YES
94     192    286    0.106922            -1979.554199        -1979.447277        0.134167       0.01           0.000971       YES
94     194    288    0.184471            -1983.13355         -1982.949079        0.157989       0.01           -0.002155      YES
94     196    290    0.225861            -1986.730861        -1986.505           0.177456       0.01           -0.00584       YES
94     242    336    0.119885            -1999.708657        -1999.588772        0.127116       0.01           -0.023497      YES
96     128    224    -0.004443           -1683.410179        -1683.414622        9e-06          0.01           -0.045719      YES
96     130    226    0.037921            -1700.023793        -1699.985872        0.142982       0.01           0.012889       YES
96     188    284    -0.005228           -1995.547144        -1995.552372        0.000999       0.01           -0.051943      YES
96     190    286    0.048321            -1999.182478        -1999.134157        0.105914       0.01           0.013743       YES
96     192    288    0.116042            -2003.415175        -2003.299133        0.140411       0.01           0.007326       YES
96     194    290    0.173512            -2007.73062         -2007.557108        0.165375       0.01           -0.003875      YES
98     128    226    -0.005239           -1682.932197        -1682.937436        7e-06          0.01           -0.038219      YES
98     186    284    -0.003786           -2013.418982        -2013.422768        1.1e-05        0.01           -0.001355      YES
98     188    286    -0.009115           -2016.698442        -2016.707557        0.001076       0.01           -0.044845      YES
98     190    288    0.056676            -2020.961413        -2020.904737        0.10702        0.01           0.025216       YES
98     192    290    0.105351            -2025.822141        -2025.71679         0.143042       0.01           0.007419       YES
98     262    360    0.286534            -2064.867304        -2064.58077         0.035628       0.01           -0.004597      YES
100    128    228    -0.004873           -1681.188552        -1681.193425        4e-06          0.01           -0.029335      YES
100    186    286    -0.006227           -2032.697096        -2032.703323        7e-06          0.01           -0.006268      YES
100    188    288    -0.010638           -2036.549337        -2036.559975        0.001055       0.01           -0.036012      YES
100    190    290    0.065796            -2041.390448        -2041.324652        0.10507        0.01           0.033948       YES
100    262    362    0.208086            -2101.601906        -2101.39382         0.03571        0.01           -0.003067      YES
100    264    364    0.316421            -2099.158923        -2098.842502        0.064737       0.01           -0.002033      YES
102    128    230    -0.003337           -1678.13609         -1678.139427        1e-06          0.01           -0.017156      YES
102    186    288    -0.006476           -2050.694092        -2050.700568        2e-06          0.01           -0.004056      YES
102    188    290    -0.014092           -2055.120305        -2055.134397        5e-06          0.01           -0.027106      YES
102    190    292    0.06182             -2060.483966        -2060.422146        0.100683       0.01           0.03848        YES
102    262    364    0.184133            -2137.261623        -2137.07749         -0.001998      0.01           -0.00683       YES
104    186    290    -0.004619           -2067.423798        -2067.428417        -3e-06         0.01           -0.000819      YES
104    188    292    -0.012304           -2072.43372         -2072.446024        -0.0           0.01           -0.016368      YES
104    190    294    0.059136            -2078.251247        -2078.192111        0.094494       0.01           0.034338       YES
104    262    366    0.172307            -2171.995914        -2171.823607        -0.00019       0.01           -0.002678      YES
106    188    294    -0.007788           -2088.495636        -2088.503424        -0.000606      0.01           -0.007108      YES
106    190    296    0.02588             -2094.701628        -2094.675748        0.08649        0.01           -0.006568      YES
108    190    298    0.042494            -2109.858144        -2109.81565         0.075782       0.01           -0.008053      YES
108    192    300    0.048533            -2116.996627        -2116.948094        0.11132        0.01           -0.009617      YES
110    166    276    0.082161            -1998.012658        -1997.930497        0.212256       0.01           -0.017684      YES
110    190    300    -0.042755           -2123.747418        -2123.790173        0.060214       0.01           -0.009705      YES
110    192    302    0.061316            -2131.263049        -2131.201733        0.101209       0.01           -0.010747      YES
110    194    304    0.249977            -2139.084471        -2138.834494        0.338811       0.01           -0.043178      YES
110    196    306    0.242158            -2146.821883        -2146.579725        0.332249       0.01           -0.040831      YES
110    230    340    0.342858            -2242.304161        -2241.961303        0.201893       0.01           -0.016062      YES
112    192    304    0.02283             -2144.245506        -2144.222676        0.088975       0.01           -0.010218      YES
112    194    306    0.047945            -2152.366105        -2152.31816         0.115276       0.01           -0.012229      YES
114    160    274    0.123357            -1957.79018         -1957.666823        0.218824       0.01           -0.021247      YES
114    164    278    0.12674             -1989.307342        -1989.180602        0.205697       0.01           -0.017059      YES
114    166    280    0.120022            -2003.851471        -2003.731449        0.19643        0.01           -0.017101      YES
114    192    306    0.043958            -2155.916422        -2155.872464        0.07473        0.01           -0.012761      YES
114    194    308    0.061671            -2164.427665        -2164.365994        0.101417       0.01           -0.01336       YES
116    168    284    0.098005            -2019.486465        -2019.38846         0.168614       0.01           -0.02271       YES
116    192    308    -0.037729           -2166.069471        -2166.1072          0.061338       0.01           -0.013705      YES
116    194    310    0.020413            -2175.010863        -2174.99045         0.086863       0.01           -0.014808      YES
116    196    312    0.061957            -2183.895741        -2183.833784        0.105167       0.01           -0.015451      YES
116    220    336    0.175792            -2276.332486        -2276.156694        0.196185       0.01           -0.01466       YES
116    222    338    0.164413            -2282.437366        -2282.272953        0.192979       0.01           -0.016368      YES
116    224    340    0.176819            -2288.30271         -2288.125891        0.189165       0.01           -0.015802      YES
118    194    312    -0.012138           -2183.875507        -2183.887645        -0.073584      0.01           -0.161611      YES
118    196    314    0.049819            -2193.191307        -2193.141488        0.091465       0.01           -0.014689      YES
118    198    316    0.061657            -2202.41791         -2202.356253        0.106275       0.01           -0.017514      YES
118    200    318    0.046887            -2211.495609        -2211.448722        0.119692       0.01           -0.017577      YES
118    202    320    0.076538            -2220.40389         -2220.327352        0.132869       0.01           -0.01732       YES
118    220    338    0.123389            -2291.304709        -2291.18132         0.193784       0.01           -0.016019      YES
118    222    340    0.108342            -2297.920142        -2297.8118          0.189119       0.01           -0.015989      YES
118    270    388    0.149636            -2381.93006         -2381.780424        0.06668        0.01           -0.005001      YES
118    272    390    0.169243            -2382.138089        -2381.968846        0.083395       0.01           -0.006851      YES
118    274    392    0.194287            -2382.369768        -2382.175481        0.096643       0.01           -0.007925      YES
120    194    314    -0.033957           -2191.148235        -2191.182192        -0.066044      0.01           -0.556764      YES
120    196    316    0.052056            -2200.894447        -2200.842391        -0.078143      0.01           -0.570294      NO
120    198    318    0.064819            -2210.443989        -2210.37917         -0.087196      0.010001       -0.190914      NO
120    200    320    0.068017            -2219.925354        -2219.857337        0.103404       0.01           0.478897       YES
120    202    322    0.03879             -2229.320744        -2229.281954        0.11941        0.01           -0.01951       YES
120    218    338    0.124666            -2297.596021        -2297.471355        0.198747       0.01           -0.014427      YES
120    220    340    0.119882            -2304.970602        -2304.85072         0.194849       0.01           -0.014886      YES
120    222    342    0.097865            -2312.029539        -2311.931674        0.188921       0.01           -0.015471      YES
120    270    390    0.119221            -2407.457815        -2407.338594        0.043908       0.01           -0.00843       YES
120    272    392    0.126716            -2407.831459        -2407.704743        0.065404       0.01           -0.009725      YES
120    274    394    0.159608            -2408.314712        -2408.155104        0.083687       0.01           -0.0125        YES
120    276    396    0.173               -2408.852           -2408.679           0.101489       0.01           -0.011469      YES
