 Nrows 
   810 
    Z     N          Q20                 Q30           beta2       beta3
   110   194    -74.9059733923               0.0        -0.5         0.0 
   110   194    -67.4153760531               0.0       -0.45         0.0 
   110   194    -59.9247787139               0.0        -0.4         0.0 
   110   194    -52.4341813746               0.0       -0.35         0.0 
   110   194    -44.9435840354               0.0        -0.3         0.0 
   110   194    -37.4529866962               0.0       -0.25         0.0 
   110   194    -29.9623893569               0.0        -0.2         0.0 
   110   194    -22.4717920177               0.0       -0.15         0.0 
   110   194    -14.9811946785               0.0        -0.1         0.0 
   110   194     -7.4905973392               0.0       -0.05         0.0 
   110   194              -0.0               0.0        -0.0         0.0 
   110   194      7.4905973392               0.0        0.05         0.0 
   110   194     14.9811946785               0.0         0.1         0.0 
   110   194     22.4717920177               0.0        0.15         0.0 
   110   194     29.9623893569               0.0         0.2         0.0 
   110   194     37.4529866962               0.0        0.25         0.0 
   110   194     44.9435840354               0.0         0.3         0.0 
   110   194     52.4341813746               0.0        0.35         0.0 
   110   194     59.9247787139               0.0         0.4         0.0 
   110   194     67.4153760531               0.0        0.45         0.0 
   110   194     74.9059733923               0.0         0.5         0.0 
   110   196    -75.7291106847               0.0        -0.5         0.0 
   110   196    -68.1561996162               0.0       -0.45         0.0 
   110   196    -60.5832885478               0.0        -0.4         0.0 
   110   196    -53.0103774793               0.0       -0.35         0.0 
   110   196    -45.4374664108               0.0        -0.3         0.0 
   110   196    -37.8645553423               0.0       -0.25         0.0 
   110   196    -30.2916442739               0.0        -0.2         0.0 
   110   196    -22.7187332054               0.0       -0.15         0.0 
   110   196    -15.1458221369               0.0        -0.1         0.0 
   110   196     -7.5729110685               0.0       -0.05         0.0 
   110   196              -0.0               0.0        -0.0         0.0 
   110   196      7.5729110685               0.0        0.05         0.0 
   110   196     15.1458221369               0.0         0.1         0.0 
   110   196     22.7187332054               0.0        0.15         0.0 
   110   196     30.2916442739               0.0         0.2         0.0 
   110   196     37.8645553423               0.0        0.25         0.0 
   110   196     45.4374664108               0.0         0.3         0.0 
   110   196     53.0103774793               0.0        0.35         0.0 
   110   196     60.5832885478               0.0         0.4         0.0 
   110   196     68.1561996162               0.0        0.45         0.0 
   110   196     75.7291106847               0.0         0.5         0.0 
     4     4     -0.1743989199               0.0        -0.5         0.0 
     4     4     -0.1569590279               0.0       -0.45         0.0 
     4     4      0.1569590279               0.0        0.45         0.0 
     4     4      0.1743989199               0.0         0.5         0.0 
     6     4     -0.2529650248               0.0        -0.5         0.0 
     6     4     -0.2276685223               0.0       -0.45         0.0 
     6     4      0.2276685223               0.0        0.45         0.0 
     6     4      0.2529650248               0.0         0.5         0.0 
    12     2     -0.4432076066               0.0        -0.5         0.0 
    12     2      -0.398886846               0.0       -0.45         0.0 
    12     2       0.398886846               0.0        0.45         0.0 
    12     2      0.4432076066               0.0         0.5         0.0 
    14    16     -1.5785653675               0.0        -0.5         0.0 
    14    16     -1.4207088308               0.0       -0.45         0.0 
    14    16      1.4207088308               0.0        0.45         0.0 
    14    16      1.5785653675               0.0         0.5         0.0 
    14    24     -2.3408116685               0.0        -0.5         0.0 
    14    24     -2.1067305017               0.0       -0.45         0.0 
    14    24      2.1067305017               0.0        0.45         0.0 
    14    24      2.3408116685               0.0         0.5         0.0 
    46    58     -12.534760628               0.0        -0.5         0.0 
    46    58    -11.2812845652               0.0       -0.45         0.0 
    46    58     11.2812845652               0.0        0.45         0.0 
    46    58      12.534760628               0.0         0.5         0.0 
    50    62    -14.1826434119               0.0        -0.5         0.0 
    50    62    -12.7643790707               0.0       -0.45         0.0 
    50    62     12.7643790707               0.0        0.45         0.0 
    50    62     14.1826434119               0.0         0.5         0.0 
    52    60    -14.1826434119               0.0        -0.5         0.0 
    52    60    -12.7643790707               0.0       -0.45         0.0 
    52    60     12.7643790707               0.0        0.45         0.0 
    52    60     14.1826434119               0.0         0.5         0.0 
    52    62    -14.6072534534               0.0        -0.5         0.0 
    52    62    -13.1465281081               0.0       -0.45         0.0 
    52    62     13.1465281081               0.0        0.45         0.0 
    52    62     14.6072534534               0.0         0.5         0.0 
    52    64    -15.0368590218               0.0        -0.5         0.0 
    52    64    -13.5331731196               0.0       -0.45         0.0 
    52    64     13.5331731196               0.0        0.45         0.0 
    52    64     15.0368590218               0.0         0.5         0.0 
    52    68    -15.9109418816               0.0        -0.5         0.0 
    52    68    -14.3198476935               0.0       -0.45         0.0 
    52    68     14.3198476935               0.0        0.45         0.0 
    52    68     15.9109418816               0.0         0.5         0.0 
    56    64    -15.9109418816               0.0        -0.5         0.0 
    56    64    -14.3198476935               0.0       -0.45         0.0 
    56    64     14.3198476935               0.0        0.45         0.0 
    56    64     15.9109418816               0.0         0.5         0.0 
    56    88    -21.5607881722               0.0        -0.5         0.0 
    56    88     -19.404709355               0.0       -0.45         0.0 
    56    88      19.404709355               0.0        0.45         0.0 
    56    88     21.5607881722               0.0         0.5         0.0 
    56    90    -22.0621875543               0.0        -0.5         0.0 
    56    90    -19.8559687988               0.0       -0.45         0.0 
    56    90     19.8559687988               0.0        0.45         0.0 
    56    90     22.0621875543               0.0         0.5         0.0 
    56    94    -23.0787656781               0.0        -0.5         0.0 
    56    94    -20.7708891103               0.0       -0.45         0.0 
    56    94     20.7708891103               0.0        0.45         0.0 
    56    94     23.0787656781               0.0         0.5         0.0 
    56   102    -25.1664692943               0.0        -0.5         0.0 
    56   102    -22.6498223648               0.0       -0.45         0.0 
    56   102     22.6498223648               0.0        0.45         0.0 
    56   102     25.1664692943               0.0         0.5         0.0 
    58    92    -23.0787656781               0.0        -0.5         0.0 
    58    92    -20.7708891103               0.0       -0.45         0.0 
    58    92     20.7708891103               0.0        0.45         0.0 
    58    92     23.0787656781               0.0         0.5         0.0 
    58    94      -23.59390316               0.0        -0.5         0.0 
    58    94     -21.234512844               0.0       -0.45         0.0 
    58    94      21.234512844               0.0        0.45         0.0 
    58    94       23.59390316               0.0         0.5         0.0 
    58    96    -24.1135793565               0.0        -0.5         0.0 
    58    96    -21.7022214208               0.0       -0.45         0.0 
    58    96     21.7022214208               0.0        0.45         0.0 
    58    96     24.1135793565               0.0         0.5         0.0 
    58    98    -24.6377745332               0.0        -0.5         0.0 
    58    98    -22.1739970799               0.0       -0.45         0.0 
    58    98     22.1739970799               0.0        0.45         0.0 
    58    98     24.6377745332               0.0         0.5         0.0 
    58   100    -25.1664692943               0.0        -0.5         0.0 
    58   100    -22.6498223648               0.0       -0.45         0.0 
    58   100     22.6498223648               0.0        0.45         0.0 
    58   100     25.1664692943               0.0         0.5         0.0 
    58   112    -28.4320832179               0.0        -0.5         0.0 
    58   112    -25.5888748961               0.0       -0.45         0.0 
    58   112     25.5888748961               0.0        0.45         0.0 
    58   112     28.4320832179               0.0         0.5         0.0 
    58   114    -28.9917584414               0.0        -0.5         0.0 
    58   114    -26.0925825973               0.0       -0.45         0.0 
    58   114     26.0925825973               0.0        0.45         0.0 
    58   114     28.9917584414               0.0         0.5         0.0 
    60    90    -23.0787656781               0.0        -0.5         0.0 
    60    90    -20.7708891103               0.0       -0.45         0.0 
    60    90     20.7708891103               0.0        0.45         0.0 
    60    90     23.0787656781               0.0         0.5         0.0 
    60    92      -23.59390316               0.0        -0.5         0.0 
    60    92     -21.234512844               0.0       -0.45         0.0 
    60    92      21.234512844               0.0        0.45         0.0 
    60    92       23.59390316               0.0         0.5         0.0 
    60    94    -24.1135793565               0.0        -0.5         0.0 
    60    94    -21.7022214208               0.0       -0.45         0.0 
    60    94     21.7022214208               0.0        0.45         0.0 
    60    94     24.1135793565               0.0         0.5         0.0 
    60    96    -24.6377745332               0.0        -0.5         0.0 
    60    96    -22.1739970799               0.0       -0.45         0.0 
    60    96     22.1739970799               0.0        0.45         0.0 
    60    96     24.6377745332               0.0         0.5         0.0 
    60    98    -25.1664692943               0.0        -0.5         0.0 
    60    98    -22.6498223648               0.0       -0.45         0.0 
    60    98     22.6498223648               0.0        0.45         0.0 
    60    98     25.1664692943               0.0         0.5         0.0 
    60   100    -25.6996445729               0.0        -0.5         0.0 
    60   100    -23.1296801156               0.0       -0.45         0.0 
    60   100     23.1296801156               0.0        0.45         0.0 
    60   100     25.6996445729               0.0         0.5         0.0 
    60   106    -27.3258675761               0.0        -0.5         0.0 
    60   106    -24.5932808185               0.0       -0.45         0.0 
    60   106     24.5932808185               0.0        0.45         0.0 
    60   106     27.3258675761               0.0         0.5         0.0 
    60   116     -30.124158615               0.0        -0.5         0.0 
    60   116    -27.1117427535               0.0       -0.45         0.0 
    60   116     27.1117427535               0.0        0.45         0.0 
    60   116      30.124158615               0.0         0.5         0.0 
    62    90      -23.59390316               0.0        -0.5         0.0 
    62    90     -21.234512844               0.0       -0.45         0.0 
    62    90      21.234512844               0.0        0.45         0.0 
    62    90       23.59390316               0.0         0.5         0.0 
    62    96    -25.1664692943               0.0        -0.5         0.0 
    62    96    -22.6498223648               0.0       -0.45         0.0 
    62    96     22.6498223648               0.0        0.45         0.0 
    62    96     25.1664692943               0.0         0.5         0.0 
    62    98    -25.6996445729               0.0        -0.5         0.0 
    62    98    -23.1296801156               0.0       -0.45         0.0 
    62    98     23.1296801156               0.0        0.45         0.0 
    62    98     25.6996445729               0.0         0.5         0.0 
    62   100    -26.2372816211               0.0        -0.5         0.0 
    62   100     -23.613553459               0.0       -0.45         0.0 
    62   100      23.613553459               0.0        0.45         0.0 
    62   100     26.2372816211               0.0         0.5         0.0 
    62   114     -30.124158615               0.0        -0.5         0.0 
    62   114    -27.1117427535               0.0       -0.45         0.0 
    62   114     27.1117427535               0.0        0.45         0.0 
    62   114      30.124158615               0.0         0.5         0.0 
    62   118    -31.2738480075               0.0        -0.5         0.0 
    62   118    -28.1464632068               0.0       -0.45         0.0 
    62   118     28.1464632068               0.0        0.45         0.0 
    62   118     31.2738480075               0.0         0.5         0.0 
    62   122    -32.4406975757               0.0        -0.5         0.0 
    62   122    -29.1966278181               0.0       -0.45         0.0 
    62   122     29.1966278181               0.0        0.45         0.0 
    62   122     32.4406975757               0.0         0.5         0.0 
    62   134    -36.0429723129               0.0        -0.5         0.0 
    62   134    -32.4386750816               0.0       -0.45         0.0 
    62   134     32.4386750816               0.0        0.45         0.0 
    62   134     36.0429723129               0.0         0.5         0.0 
    64    90    -24.1135793565               0.0        -0.5         0.0 
    64    90    -21.7022214208               0.0       -0.45         0.0 
    64    90     21.7022214208               0.0        0.45         0.0 
    64    90     24.1135793565               0.0         0.5         0.0 
    64    92    -24.6377745332               0.0        -0.5         0.0 
    64    92    -22.1739970799               0.0       -0.45         0.0 
    64    92     22.1739970799               0.0        0.45         0.0 
    64    92     24.6377745332               0.0         0.5         0.0 
    64    94    -25.1664692943               0.0        -0.5         0.0 
    64    94    -22.6498223648               0.0       -0.45         0.0 
    64    94     22.6498223648               0.0        0.45         0.0 
    64    94     25.1664692943               0.0         0.5         0.0 
    64    98    -26.2372816211               0.0        -0.5         0.0 
    64    98     -23.613553459               0.0       -0.45         0.0 
    64    98      23.613553459               0.0        0.45         0.0 
    64    98     26.2372816211               0.0         0.5         0.0 
    66    86      -23.59390316               0.0        -0.5         0.0 
    66    86     -21.234512844               0.0       -0.45         0.0 
    66    86      21.234512844               0.0        0.45         0.0 
    66    86       23.59390316               0.0         0.5         0.0 
    66    90    -24.6377745332               0.0        -0.5         0.0 
    66    90    -22.1739970799               0.0       -0.45         0.0 
    66    90     22.1739970799               0.0        0.45         0.0 
    66    90     24.6377745332               0.0         0.5         0.0 
    66    92    -25.1664692943               0.0        -0.5         0.0 
    66    92    -22.6498223648               0.0       -0.45         0.0 
    66    92     22.6498223648               0.0        0.45         0.0 
    66    92     25.1664692943               0.0         0.5         0.0 
    66    94    -25.6996445729               0.0        -0.5         0.0 
    66    94    -23.1296801156               0.0       -0.45         0.0 
    66    94     23.1296801156               0.0        0.45         0.0 
    66    94     25.6996445729               0.0         0.5         0.0 
    68    86    -24.1135793565               0.0        -0.5         0.0 
    68    86    -21.7022214208               0.0       -0.45         0.0 
    68    86     21.7022214208               0.0        0.45         0.0 
    68    86     24.1135793565               0.0         0.5         0.0 
    68    90    -25.1664692943               0.0        -0.5         0.0 
    68    90    -22.6498223648               0.0       -0.45         0.0 
    68    90     22.6498223648               0.0        0.45         0.0 
    68    90     25.1664692943               0.0         0.5         0.0 
    68    96    -26.7793620012               0.0        -0.5         0.0 
    68    96     -24.101425801               0.0       -0.45         0.0 
    68    96      24.101425801               0.0        0.45         0.0 
    68    96     26.7793620012               0.0         0.5         0.0 
    70    86    -24.6377745332               0.0        -0.5         0.0 
    70    86    -22.1739970799               0.0       -0.45         0.0 
    70    86     22.1739970799               0.0        0.45         0.0 
    70    86     24.6377745332               0.0         0.5         0.0 
    70    94    -26.7793620012               0.0        -0.5         0.0 
    70    94     -24.101425801               0.0       -0.45         0.0 
    70    94      24.101425801               0.0        0.45         0.0 
    70    94     26.7793620012               0.0         0.5         0.0 
    72    86    -25.1664692943               0.0        -0.5         0.0 
    72    86    -22.6498223648               0.0       -0.45         0.0 
    72    86     22.6498223648               0.0        0.45         0.0 
    72    86     25.1664692943               0.0         0.5         0.0 
    72    88    -25.6996445729               0.0        -0.5         0.0 
    72    88    -23.1296801156               0.0       -0.45         0.0 
    72    88     23.1296801156               0.0        0.45         0.0 
    72    88     25.6996445729               0.0         0.5         0.0 
    72   132    -38.5280851452               0.0        -0.5         0.0 
    72   132    -34.6752766307               0.0       -0.45         0.0 
    72   132     34.6752766307               0.0        0.45         0.0 
    72   132     38.5280851452               0.0         0.5         0.0 
    74    86    -25.6996445729               0.0        -0.5         0.0 
    74    86    -23.1296801156               0.0       -0.45         0.0 
    74    86     23.1296801156               0.0        0.45         0.0 
    74    86     25.6996445729               0.0         0.5         0.0 
    74    88    -26.2372816211               0.0        -0.5         0.0 
    74    88     -23.613553459               0.0       -0.45         0.0 
    74    88      23.613553459               0.0        0.45         0.0 
    74    88     26.2372816211               0.0         0.5         0.0 
    74    94    -27.8767805016               0.0        -0.5         0.0 
    74    94    -25.0891024515               0.0       -0.45         0.0 
    74    94     25.0891024515               0.0        0.45         0.0 
    74    94     27.8767805016               0.0         0.5         0.0 
    76    88    -26.7793620012               0.0        -0.5         0.0 
    76    88     -24.101425801               0.0       -0.45         0.0 
    76    88      24.101425801               0.0        0.45         0.0 
    76    88     26.7793620012               0.0         0.5         0.0 
    76    92    -27.8767805016               0.0        -0.5         0.0 
    76    92    -25.0891024515               0.0       -0.45         0.0 
    76    92     25.0891024515               0.0        0.45         0.0 
    76    92     27.8767805016               0.0         0.5         0.0 
    76    94    -28.4320832179               0.0        -0.5         0.0 
    76    94    -25.5888748961               0.0       -0.45         0.0 
    76    94     25.5888748961               0.0        0.45         0.0 
    76    94     28.4320832179               0.0         0.5         0.0 
    76   134    -40.4351728417               0.0        -0.5         0.0 
    76   134    -36.3916555575               0.0       -0.45         0.0 
    76   134     36.3916555575               0.0        0.45         0.0 
    76   134     40.4351728417               0.0         0.5         0.0 
    78    90    -27.8767805016               0.0        -0.5         0.0 
    78    90    -25.0891024515               0.0       -0.45         0.0 
    78    90     25.0891024515               0.0        0.45         0.0 
    78    90     27.8767805016               0.0         0.5         0.0 
    78    92    -28.4320832179               0.0        -0.5         0.0 
    78    92    -25.5888748961               0.0       -0.45         0.0 
    78    92     25.5888748961               0.0        0.45         0.0 
    78    92     28.4320832179               0.0         0.5         0.0 
    78    94    -28.9917584414               0.0        -0.5         0.0 
    78    94    -26.0925825973               0.0       -0.45         0.0 
    78    94     26.0925825973               0.0        0.45         0.0 
    78    94     28.9917584414               0.0         0.5         0.0 
    78    96     -29.555789158               0.0        -0.5         0.0 
    78    96    -26.6002102422               0.0       -0.45         0.0 
    78    96     26.6002102422               0.0        0.45         0.0 
    78    96      29.555789158               0.0         0.5         0.0 
    84   136     -43.694986953               0.0        -0.5         0.0 
    84   136    -39.3254882577               0.0       -0.45         0.0 
    84   136     39.3254882577               0.0        0.45         0.0 
    84   136      43.694986953               0.0         0.5         0.0 
    84   138    -44.3590363873               0.0        -0.5         0.0 
    84   138    -39.9231327485               0.0       -0.45         0.0 
    84   138     39.9231327485               0.0        0.45         0.0 
    84   138     44.3590363873               0.0         0.5         0.0 
    86   132    -43.0349499265               0.0        -0.5         0.0 
    86   132    -38.7314549339               0.0       -0.45         0.0 
    86   132     38.7314549339               0.0        0.45         0.0 
    86   132     43.0349499265               0.0         0.5         0.0 
    86   134     -43.694986953               0.0        -0.5         0.0 
    86   134    -39.3254882577               0.0       -0.45         0.0 
    86   134     39.3254882577               0.0        0.45         0.0 
    86   134      43.694986953               0.0         0.5         0.0 
    86   136    -44.3590363873               0.0        -0.5         0.0 
    86   136    -39.9231327485               0.0       -0.45         0.0 
    86   136     39.9231327485               0.0        0.45         0.0 
    86   136     44.3590363873               0.0         0.5         0.0 
    86   138    -45.0270861434               0.0        -0.5         0.0 
    86   138    -40.5243775291               0.0       -0.45         0.0 
    86   138     40.5243775291               0.0        0.45         0.0 
    86   138     45.0270861434               0.0         0.5         0.0 
    86   140      -45.69912428               0.0        -0.5         0.0 
    86   140     -41.129211852               0.0       -0.45         0.0 
    86   140      41.129211852               0.0        0.45         0.0 
    86   140       45.69912428               0.0         0.5         0.0 
    86   192    -64.5359646181               0.0        -0.5         0.0 
    86   192    -58.0823681563               0.0       -0.45         0.0 
    86   192     58.0823681563               0.0        0.45         0.0 
    86   192     64.5359646181               0.0         0.5         0.0 
    86   194    -65.3116313292               0.0        -0.5         0.0 
    86   194    -58.7804681963               0.0       -0.45         0.0 
    86   194     58.7804681963               0.0        0.45         0.0 
    86   194     65.3116313292               0.0         0.5         0.0 
    86   196    -66.0910005208               0.0        -0.5         0.0 
    86   196    -59.4819004687               0.0       -0.45         0.0 
    86   196     59.4819004687               0.0        0.45         0.0 
    86   196     66.0910005208               0.0         0.5         0.0 
    86   198     -66.874063419               0.0        -0.5         0.0 
    86   198    -60.1866570771               0.0       -0.45         0.0 
    86   198     60.1866570771               0.0        0.45         0.0 
    86   198      66.874063419               0.0         0.5         0.0 
    86   200    -67.6608113326               0.0        -0.5         0.0 
    86   200    -60.8947301994               0.0       -0.45         0.0 
    86   200     60.8947301994               0.0        0.45         0.0 
    86   200     67.6608113326               0.0         0.5         0.0 
    86   202    -68.4512356517               0.0        -0.5         0.0 
    86   202    -61.6061120866               0.0       -0.45         0.0 
    86   202     61.6061120866               0.0        0.45         0.0 
    86   202     68.4512356517               0.0         0.5         0.0 
    88   130    -43.0349499265               0.0        -0.5         0.0 
    88   130    -38.7314549339               0.0       -0.45         0.0 
    88   130     38.7314549339               0.0        0.45         0.0 
    88   130     43.0349499265               0.0         0.5         0.0 
    88   132     -43.694986953               0.0        -0.5         0.0 
    88   132    -39.3254882577               0.0       -0.45         0.0 
    88   132     39.3254882577               0.0        0.45         0.0 
    88   132      43.694986953               0.0         0.5         0.0 
    88   134    -44.3590363873               0.0        -0.5         0.0 
    88   134    -39.9231327485               0.0       -0.45         0.0 
    88   134     39.9231327485               0.0        0.45         0.0 
    88   134     44.3590363873               0.0         0.5         0.0 
    88   136    -45.0270861434               0.0        -0.5         0.0 
    88   136    -40.5243775291               0.0       -0.45         0.0 
    88   136     40.5243775291               0.0        0.45         0.0 
    88   136     45.0270861434               0.0         0.5         0.0 
    88   138      -45.69912428               0.0        -0.5         0.0 
    88   138     -41.129211852               0.0       -0.45         0.0 
    88   138      41.129211852               0.0        0.45         0.0 
    88   138       45.69912428               0.0         0.5         0.0 
    88   140    -46.3751389967               0.0        -0.5         0.0 
    88   140     -41.737625097               0.0       -0.45         0.0 
    88   140      41.737625097               0.0        0.45         0.0 
    88   140     46.3751389967               0.0         0.5         0.0 
    88   190    -64.5359646181               0.0        -0.5         0.0 
    88   190    -58.0823681563               0.0       -0.45         0.0 
    88   190     58.0823681563               0.0        0.45         0.0 
    88   190     64.5359646181               0.0         0.5         0.0 
    88   192    -65.3116313292               0.0        -0.5         0.0 
    88   192    -58.7804681963               0.0       -0.45         0.0 
    88   192     58.7804681963               0.0        0.45         0.0 
    88   192     65.3116313292               0.0         0.5         0.0 
    88   194    -66.0910005208               0.0        -0.5         0.0 
    88   194    -59.4819004687               0.0       -0.45         0.0 
    88   194     59.4819004687               0.0        0.45         0.0 
    88   194     66.0910005208               0.0         0.5         0.0 
    88   196     -66.874063419               0.0        -0.5         0.0 
    88   196    -60.1866570771               0.0       -0.45         0.0 
    88   196     60.1866570771               0.0        0.45         0.0 
    88   196      66.874063419               0.0         0.5         0.0 
    88   198    -67.6608113326               0.0        -0.5         0.0 
    88   198    -60.8947301994               0.0       -0.45         0.0 
    88   198     60.8947301994               0.0        0.45         0.0 
    88   198     67.6608113326               0.0         0.5         0.0 
    88   200    -68.4512356517               0.0        -0.5         0.0 
    88   200    -61.6061120866               0.0       -0.45         0.0 
    88   200     61.6061120866               0.0        0.45         0.0 
    88   200     68.4512356517               0.0         0.5         0.0 
    88   202    -69.2453278462               0.0        -0.5         0.0 
    88   202    -62.3207950616               0.0       -0.45         0.0 
    88   202     62.3207950616               0.0        0.45         0.0 
    88   202     69.2453278462               0.0         0.5         0.0 
    88   204    -70.0430794647               0.0        -0.5         0.0 
    88   204    -63.0387715182               0.0       -0.45         0.0 
    88   204     63.0387715182               0.0        0.45         0.0 
    88   204     70.0430794647               0.0         0.5         0.0 
    90   130     -43.694986953               0.0        -0.5         0.0 
    90   130    -39.3254882577               0.0       -0.45         0.0 
    90   130     39.3254882577               0.0        0.45         0.0 
    90   130      43.694986953               0.0         0.5         0.0 
    90   132    -44.3590363873               0.0        -0.5         0.0 
    90   132    -39.9231327485               0.0       -0.45         0.0 
    90   132     39.9231327485               0.0        0.45         0.0 
    90   132     44.3590363873               0.0         0.5         0.0 
    90   134    -45.0270861434               0.0        -0.5         0.0 
    90   134    -40.5243775291               0.0       -0.45         0.0 
    90   134     40.5243775291               0.0        0.45         0.0 
    90   134     45.0270861434               0.0         0.5         0.0 
    90   136      -45.69912428               0.0        -0.5         0.0 
    90   136     -41.129211852               0.0       -0.45         0.0 
    90   136      41.129211852               0.0        0.45         0.0 
    90   136       45.69912428               0.0         0.5         0.0 
    90   138    -46.3751389967               0.0        -0.5         0.0 
    90   138     -41.737625097               0.0       -0.45         0.0 
    90   138      41.737625097               0.0        0.45         0.0 
    90   138     46.3751389967               0.0         0.5         0.0 
    90   190    -65.3116313292               0.0        -0.5         0.0 
    90   190    -58.7804681963               0.0       -0.45         0.0 
    90   190     58.7804681963               0.0        0.45         0.0 
    90   190     65.3116313292               0.0         0.5         0.0 
    90   192    -66.0910005208               0.0        -0.5         0.0 
    90   192    -59.4819004687               0.0       -0.45         0.0 
    90   192     59.4819004687               0.0        0.45         0.0 
    90   192     66.0910005208               0.0         0.5         0.0 
    90   194     -66.874063419               0.0        -0.5         0.0 
    90   194    -60.1866570771               0.0       -0.45         0.0 
    90   194     60.1866570771               0.0        0.45         0.0 
    90   194      66.874063419               0.0         0.5         0.0 
    90   196    -67.6608113326               0.0        -0.5         0.0 
    90   196    -60.8947301994               0.0       -0.45         0.0 
    90   196     60.8947301994               0.0        0.45         0.0 
    90   196     67.6608113326               0.0         0.5         0.0 
    90   198    -68.4512356517               0.0        -0.5         0.0 
    90   198    -61.6061120866               0.0       -0.45         0.0 
    90   198     61.6061120866               0.0        0.45         0.0 
    90   198     68.4512356517               0.0         0.5         0.0 
    90   200    -69.2453278462               0.0        -0.5         0.0 
    90   200    -62.3207950616               0.0       -0.45         0.0 
    90   200     62.3207950616               0.0        0.45         0.0 
    90   200     69.2453278462               0.0         0.5         0.0 
    92   128     -43.694986953               0.0        -0.5         0.0 
    92   128    -39.3254882577               0.0       -0.45         0.0 
    92   128     39.3254882577               0.0        0.45         0.0 
    92   128      43.694986953               0.0         0.5         0.0 
    92   130    -44.3590363873               0.0        -0.5         0.0 
    92   130    -39.9231327485               0.0       -0.45         0.0 
    92   130     39.9231327485               0.0        0.45         0.0 
    92   130     44.3590363873               0.0         0.5         0.0 
    92   132    -45.0270861434               0.0        -0.5         0.0 
    92   132    -40.5243775291               0.0       -0.45         0.0 
    92   132     40.5243775291               0.0        0.45         0.0 
    92   132     45.0270861434               0.0         0.5         0.0 
    92   134      -45.69912428               0.0        -0.5         0.0 
    92   134     -41.129211852               0.0       -0.45         0.0 
    92   134      41.129211852               0.0        0.45         0.0 
    92   134       45.69912428               0.0         0.5         0.0 
    92   188    -65.3116313292               0.0        -0.5         0.0 
    92   188    -58.7804681963               0.0       -0.45         0.0 
    92   188     58.7804681963               0.0        0.45         0.0 
    92   188     65.3116313292               0.0         0.5         0.0 
    92   190    -66.0910005208               0.0        -0.5         0.0 
    92   190    -59.4819004687               0.0       -0.45         0.0 
    92   190     59.4819004687               0.0        0.45         0.0 
    92   190     66.0910005208               0.0         0.5         0.0 
    92   192     -66.874063419               0.0        -0.5         0.0 
    92   192    -60.1866570771               0.0       -0.45         0.0 
    92   192     60.1866570771               0.0        0.45         0.0 
    92   192      66.874063419               0.0         0.5         0.0 
    92   194    -67.6608113326               0.0        -0.5         0.0 
    92   194    -60.8947301994               0.0       -0.45         0.0 
    92   194     60.8947301994               0.0        0.45         0.0 
    92   194     67.6608113326               0.0         0.5         0.0 
    92   196    -68.4512356517               0.0        -0.5         0.0 
    92   196    -61.6061120866               0.0       -0.45         0.0 
    92   196     61.6061120866               0.0        0.45         0.0 
    92   196     68.4512356517               0.0         0.5         0.0 
    92   198    -69.2453278462               0.0        -0.5         0.0 
    92   198    -62.3207950616               0.0       -0.45         0.0 
    92   198     62.3207950616               0.0        0.45         0.0 
    92   198     69.2453278462               0.0         0.5         0.0 
    94   128    -44.3590363873               0.0        -0.5         0.0 
    94   128    -39.9231327485               0.0       -0.45         0.0 
    94   128     39.9231327485               0.0        0.45         0.0 
    94   128     44.3590363873               0.0         0.5         0.0 
    94   130    -45.0270861434               0.0        -0.5         0.0 
    94   130    -40.5243775291               0.0       -0.45         0.0 
    94   130     40.5243775291               0.0        0.45         0.0 
    94   130     45.0270861434               0.0         0.5         0.0 
    94   132      -45.69912428               0.0        -0.5         0.0 
    94   132     -41.129211852               0.0       -0.45         0.0 
    94   132      41.129211852               0.0        0.45         0.0 
    94   132       45.69912428               0.0         0.5         0.0 
    94   134    -46.3751389967               0.0        -0.5         0.0 
    94   134     -41.737625097               0.0       -0.45         0.0 
    94   134      41.737625097               0.0        0.45         0.0 
    94   134     46.3751389967               0.0         0.5         0.0 
    94   188    -66.0910005208               0.0        -0.5         0.0 
    94   188    -59.4819004687               0.0       -0.45         0.0 
    94   188     59.4819004687               0.0        0.45         0.0 
    94   188     66.0910005208               0.0         0.5         0.0 
    94   190     -66.874063419               0.0        -0.5         0.0 
    94   190    -60.1866570771               0.0       -0.45         0.0 
    94   190     60.1866570771               0.0        0.45         0.0 
    94   190      66.874063419               0.0         0.5         0.0 
    94   192    -67.6608113326               0.0        -0.5         0.0 
    94   192    -60.8947301994               0.0       -0.45         0.0 
    94   192     60.8947301994               0.0        0.45         0.0 
    94   192     67.6608113326               0.0         0.5         0.0 
    94   194    -68.4512356517               0.0        -0.5         0.0 
    94   194    -61.6061120866               0.0       -0.45         0.0 
    94   194     61.6061120866               0.0        0.45         0.0 
    94   194     68.4512356517               0.0         0.5         0.0 
    94   196    -69.2453278462               0.0        -0.5         0.0 
    94   196    -62.3207950616               0.0       -0.45         0.0 
    94   196     62.3207950616               0.0        0.45         0.0 
    94   196     69.2453278462               0.0         0.5         0.0 
    94   242    -88.5032613875               0.0        -0.5         0.0 
    94   242    -79.6529352488               0.0       -0.45         0.0 
    94   242     79.6529352488               0.0        0.45         0.0 
    94   242     88.5032613875               0.0         0.5         0.0 
    96   128    -45.0270861434               0.0        -0.5         0.0 
    96   128    -40.5243775291               0.0       -0.45         0.0 
    96   128     40.5243775291               0.0        0.45         0.0 
    96   128     45.0270861434               0.0         0.5         0.0 
    96   130      -45.69912428               0.0        -0.5         0.0 
    96   130     -41.129211852               0.0       -0.45         0.0 
    96   130      41.129211852               0.0        0.45         0.0 
    96   130       45.69912428               0.0         0.5         0.0 
    96   188     -66.874063419               0.0        -0.5         0.0 
    96   188    -60.1866570771               0.0       -0.45         0.0 
    96   188     60.1866570771               0.0        0.45         0.0 
    96   188      66.874063419               0.0         0.5         0.0 
    96   190    -67.6608113326               0.0        -0.5         0.0 
    96   190    -60.8947301994               0.0       -0.45         0.0 
    96   190     60.8947301994               0.0        0.45         0.0 
    96   190     67.6608113326               0.0         0.5         0.0 
    96   192    -68.4512356517               0.0        -0.5         0.0 
    96   192    -61.6061120866               0.0       -0.45         0.0 
    96   192     61.6061120866               0.0        0.45         0.0 
    96   192     68.4512356517               0.0         0.5         0.0 
    96   194    -69.2453278462               0.0        -0.5         0.0 
    96   194    -62.3207950616               0.0       -0.45         0.0 
    96   194     62.3207950616               0.0        0.45         0.0 
    96   194     69.2453278462               0.0         0.5         0.0 
    98   128      -45.69912428               0.0        -0.5         0.0 
    98   128     -41.129211852               0.0       -0.45         0.0 
    98   128      41.129211852               0.0        0.45         0.0 
    98   128       45.69912428               0.0         0.5         0.0 
    98   186     -66.874063419               0.0        -0.5         0.0 
    98   186    -60.1866570771               0.0       -0.45         0.0 
    98   186     60.1866570771               0.0        0.45         0.0 
    98   186      66.874063419               0.0         0.5         0.0 
    98   188    -67.6608113326               0.0        -0.5         0.0 
    98   188    -60.8947301994               0.0       -0.45         0.0 
    98   188     60.8947301994               0.0        0.45         0.0 
    98   188     67.6608113326               0.0         0.5         0.0 
    98   190    -68.4512356517               0.0        -0.5         0.0 
    98   190    -61.6061120866               0.0       -0.45         0.0 
    98   190     61.6061120866               0.0        0.45         0.0 
    98   190     68.4512356517               0.0         0.5         0.0 
    98   192    -69.2453278462               0.0        -0.5         0.0 
    98   192    -62.3207950616               0.0       -0.45         0.0 
    98   192     62.3207950616               0.0        0.45         0.0 
    98   192     69.2453278462               0.0         0.5         0.0 
    98   262    -99.2882784525               0.0        -0.5         0.0 
    98   262    -89.3594506073               0.0       -0.45         0.0 
    98   262     89.3594506073               0.0        0.45         0.0 
    98   262     99.2882784525               0.0         0.5         0.0 
   100   128    -46.3751389967               0.0        -0.5         0.0 
   100   128     -41.737625097               0.0       -0.45         0.0 
   100   128      41.737625097               0.0        0.45         0.0 
   100   128     46.3751389967               0.0         0.5         0.0 
   100   186    -67.6608113326               0.0        -0.5         0.0 
   100   186    -60.8947301994               0.0       -0.45         0.0 
   100   186     60.8947301994               0.0        0.45         0.0 
   100   186     67.6608113326               0.0         0.5         0.0 
   100   188    -68.4512356517               0.0        -0.5         0.0 
   100   188    -61.6061120866               0.0       -0.45         0.0 
   100   188     61.6061120866               0.0        0.45         0.0 
   100   188     68.4512356517               0.0         0.5         0.0 
   100   190    -69.2453278462               0.0        -0.5         0.0 
   100   190    -62.3207950616               0.0       -0.45         0.0 
   100   190     62.3207950616               0.0        0.45         0.0 
   100   190     69.2453278462               0.0         0.5         0.0 
   100   262   -100.2093157891               0.0        -0.5         0.0 
   100   262    -90.1883842102               0.0       -0.45         0.0 
   100   262     90.1883842102               0.0        0.45         0.0 
   100   262    100.2093157891               0.0         0.5         0.0 
   100   264   -101.1337517951               0.0        -0.5         0.0 
   100   264    -91.0203766156               0.0       -0.45         0.0 
   100   264     91.0203766156               0.0        0.45         0.0 
   100   264    101.1337517951               0.0         0.5         0.0 
   102   128    -47.0551186318               0.0        -0.5         0.0 
   102   128    -42.3496067686               0.0       -0.45         0.0 
   102   128     42.3496067686               0.0        0.45         0.0 
   102   128     47.0551186318               0.0         0.5         0.0 
   102   186    -68.4512356517               0.0        -0.5         0.0 
   102   186    -61.6061120866               0.0       -0.45         0.0 
   102   186     61.6061120866               0.0        0.45         0.0 
   102   186     68.4512356517               0.0         0.5         0.0 
   102   188    -69.2453278462               0.0        -0.5         0.0 
   102   188    -62.3207950616               0.0       -0.45         0.0 
   102   188     62.3207950616               0.0        0.45         0.0 
   102   188     69.2453278462               0.0         0.5         0.0 
   102   190    -70.0430794647               0.0        -0.5         0.0 
   102   190    -63.0387715182               0.0       -0.45         0.0 
   102   190     63.0387715182               0.0        0.45         0.0 
   102   190     70.0430794647               0.0         0.5         0.0 
   102   262   -101.1337517951               0.0        -0.5         0.0 
   102   262    -91.0203766156               0.0       -0.45         0.0 
   102   262     91.0203766156               0.0        0.45         0.0 
   102   262    101.1337517951               0.0         0.5         0.0 
   104   186    -69.2453278462               0.0        -0.5         0.0 
   104   186    -62.3207950616               0.0       -0.45         0.0 
   104   186     62.3207950616               0.0        0.45         0.0 
   104   186     69.2453278462               0.0         0.5         0.0 
   104   188    -70.0430794647               0.0        -0.5         0.0 
   104   188    -63.0387715182               0.0       -0.45         0.0 
   104   188     63.0387715182               0.0        0.45         0.0 
   104   188     70.0430794647               0.0         0.5         0.0 
   104   190    -70.8444821331               0.0        -0.5         0.0 
   104   190    -63.7600339197               0.0       -0.45         0.0 
   104   190     63.7600339197               0.0        0.45         0.0 
   104   190     70.8444821331               0.0         0.5         0.0 
   104   262   -102.0615802344               0.0        -0.5         0.0 
   104   262    -91.8554222109               0.0       -0.45         0.0 
   104   262     91.8554222109               0.0        0.45         0.0 
   104   262    102.0615802344               0.0         0.5         0.0 
   106   188    -70.8444821331               0.0        -0.5         0.0 
   106   188    -63.7600339197               0.0       -0.45         0.0 
   106   188     63.7600339197               0.0        0.45         0.0 
   106   188     70.8444821331               0.0         0.5         0.0 
   106   190    -71.6495275533               0.0        -0.5         0.0 
   106   190     -64.484574798               0.0       -0.45         0.0 
   106   190      64.484574798               0.0        0.45         0.0 
   106   190     71.6495275533               0.0         0.5         0.0 
   108   190    -72.4582075025               0.0        -0.5         0.0 
   108   190    -65.2123867522               0.0       -0.45         0.0 
   108   190     65.2123867522               0.0        0.45         0.0 
   108   190     72.4582075025               0.0         0.5         0.0 
   108   192    -73.2705138312               0.0        -0.5         0.0 
   108   192    -65.9434624481               0.0       -0.45         0.0 
   108   192     65.9434624481               0.0        0.45         0.0 
   108   192     73.2705138312               0.0         0.5         0.0 
   110   166    -63.7640092451               0.0        -0.5         0.0 
   110   166    -57.3876083206               0.0       -0.45         0.0 
   110   166     57.3876083206               0.0        0.45         0.0 
   110   166     63.7640092451               0.0         0.5         0.0 
   110   190    -73.2705138312               0.0        -0.5         0.0 
   110   190    -65.9434624481               0.0       -0.45         0.0 
   110   190     65.9434624481               0.0        0.45         0.0 
   110   190     73.2705138312               0.0         0.5         0.0 
   110   192    -74.0864384629               0.0        -0.5         0.0 
   110   192    -66.6777946166               0.0       -0.45         0.0 
   110   192     66.6777946166               0.0        0.45         0.0 
   110   192     74.0864384629               0.0         0.5         0.0 
   110   230    -90.2662376194               0.0        -0.5         0.0 
   110   230    -81.2396138574               0.0       -0.45         0.0 
   110   230     81.2396138574               0.0        0.45         0.0 
   110   230     90.2662376194               0.0         0.5         0.0 
   112   192    -74.9059733923               0.0        -0.5         0.0 
   112   192    -67.4153760531               0.0       -0.45         0.0 
   112   192     67.4153760531               0.0        0.45         0.0 
   112   192     74.9059733923               0.0         0.5         0.0 
   112   194    -75.7291106847               0.0        -0.5         0.0 
   112   194    -68.1561996162               0.0       -0.45         0.0 
   112   194     68.1561996162               0.0        0.45         0.0 
   112   194     75.7291106847               0.0         0.5         0.0 
   114   160    -62.9957741535               0.0        -0.5         0.0 
   114   160    -56.6961967381               0.0       -0.45         0.0 
   114   160     56.6961967381               0.0        0.45         0.0 
   114   160     62.9957741535               0.0         0.5         0.0 
   114   164    -64.5359646181               0.0        -0.5         0.0 
   114   164    -58.0823681563               0.0       -0.45         0.0 
   114   164     58.0823681563               0.0        0.45         0.0 
   114   164     64.5359646181               0.0         0.5         0.0 
   114   166    -65.3116313292               0.0        -0.5         0.0 
   114   166    -58.7804681963               0.0       -0.45         0.0 
   114   166     58.7804681963               0.0        0.45         0.0 
   114   166     65.3116313292               0.0         0.5         0.0 
   114   192    -75.7291106847               0.0        -0.5         0.0 
   114   192    -68.1561996162               0.0       -0.45         0.0 
   114   192     68.1561996162               0.0        0.45         0.0 
   114   192     75.7291106847               0.0         0.5         0.0 
   114   194    -76.5558424744               0.0        -0.5         0.0 
   114   194     -68.900258227               0.0       -0.45         0.0 
   114   194      68.900258227               0.0        0.45         0.0 
   114   194     76.5558424744               0.0         0.5         0.0 
   116   168     -66.874063419               0.0        -0.5         0.0 
   116   168    -60.1866570771               0.0       -0.45         0.0 
   116   168     60.1866570771               0.0        0.45         0.0 
   116   168      66.874063419               0.0         0.5         0.0 
   116   192    -76.5558424744               0.0        -0.5         0.0 
   116   192     -68.900258227               0.0       -0.45         0.0 
   116   192      68.900258227               0.0        0.45         0.0 
   116   192     76.5558424744               0.0         0.5         0.0 
   116   194    -77.3861609643               0.0        -0.5         0.0 
   116   194    -69.6475448679               0.0       -0.45         0.0 
   116   194     69.6475448679               0.0        0.45         0.0 
   116   194     77.3861609643               0.0         0.5         0.0 
   116   196    -78.2200584242               0.0        -0.5         0.0 
   116   196    -70.3980525818               0.0       -0.45         0.0 
   116   196     70.3980525818               0.0        0.45         0.0 
   116   196     78.2200584242               0.0         0.5         0.0 
   116   220    -88.5032613875               0.0        -0.5         0.0 
   116   220    -79.6529352488               0.0       -0.45         0.0 
   116   220     79.6529352488               0.0        0.45         0.0 
   116   220     88.5032613875               0.0         0.5         0.0 
   116   222    -89.3830108636               0.0        -0.5         0.0 
   116   222    -80.4447097773               0.0       -0.45         0.0 
   116   222     80.4447097773               0.0        0.45         0.0 
   116   222     89.3830108636               0.0         0.5         0.0 
   116   224    -90.2662376194               0.0        -0.5         0.0 
   116   224    -81.2396138574               0.0       -0.45         0.0 
   116   224     81.2396138574               0.0        0.45         0.0 
   116   224     90.2662376194               0.0         0.5         0.0 
   118   194    -78.2200584242               0.0        -0.5         0.0 
   118   194    -70.3980525818               0.0       -0.45         0.0 
   118   194     70.3980525818               0.0        0.45         0.0 
   118   194     78.2200584242               0.0         0.5         0.0 
   118   196    -79.0575271904               0.0        -0.5         0.0 
   118   196    -71.1517744713               0.0       -0.45         0.0 
   118   196     71.1517744713               0.0        0.45         0.0 
   118   196     79.0575271904               0.0         0.5         0.0 
   118   198    -79.8985596641               0.0        -0.5         0.0 
   118   198    -71.9087036977               0.0       -0.45         0.0 
   118   198     71.9087036977               0.0        0.45         0.0 
   118   198     79.8985596641               0.0         0.5         0.0 
   118   200    -80.7431483111               0.0        -0.5         0.0 
   118   200      -72.66883348               0.0       -0.45         0.0 
   118   200       72.66883348               0.0        0.45         0.0 
   118   200     80.7431483111               0.0         0.5         0.0 
   118   202    -81.5912856604               0.0        -0.5         0.0 
   118   202    -73.4321570943               0.0       -0.45         0.0 
   118   202     73.4321570943               0.0        0.45         0.0 
   118   202     81.5912856604               0.0         0.5         0.0 
   118   220    -89.3830108636               0.0        -0.5         0.0 
   118   220    -80.4447097773               0.0       -0.45         0.0 
   118   220     80.4447097773               0.0        0.45         0.0 
   118   220     89.3830108636               0.0         0.5         0.0 
   118   222    -90.2662376194               0.0        -0.5         0.0 
   118   222    -81.2396138574               0.0       -0.45         0.0 
   118   222     81.2396138574               0.0        0.45         0.0 
   118   222     90.2662376194               0.0         0.5         0.0 
   118   270   -112.4898545656               0.0        -0.5         0.0 
   118   270    -101.240869109               0.0       -0.45         0.0 
   118   270     101.240869109               0.0        0.45         0.0 
   118   270    112.4898545656               0.0         0.5         0.0 
   118   272   -113.4579217957               0.0        -0.5         0.0 
   118   272   -102.1121296162               0.0       -0.45         0.0 
   118   272    102.1121296162               0.0        0.45         0.0 
   118   272    113.4579217957               0.0         0.5         0.0 
   118   274   -114.4293043311               0.0        -0.5         0.0 
   118   274    -102.986373898               0.0       -0.45         0.0 
   118   274     102.986373898               0.0        0.45         0.0 
   118   274    114.4293043311               0.0         0.5         0.0 
   120   198    -80.7431483111               0.0        -0.5         0.0 
   120   198      -72.66883348               0.0       -0.45         0.0 
   120   198       72.66883348               0.0        0.45         0.0 
   120   198     80.7431483111               0.0         0.5         0.0 
   120   202    -82.4429643031               0.0        -0.5         0.0 
   120   202    -74.1986678728               0.0       -0.45         0.0 
   120   202     74.1986678728               0.0        0.45         0.0 
   120   202     82.4429643031               0.0         0.5         0.0 
   120   218    -89.3830108636               0.0        -0.5         0.0 
   120   218    -80.4447097773               0.0       -0.45         0.0 
   120   218     80.4447097773               0.0        0.45         0.0 
   120   218     89.3830108636               0.0         0.5         0.0 
   120   220    -90.2662376194               0.0        -0.5         0.0 
   120   220    -81.2396138574               0.0       -0.45         0.0 
   120   220     81.2396138574               0.0        0.45         0.0 
   120   220     90.2662376194               0.0         0.5         0.0 
   120   222    -91.1529348232               0.0        -0.5         0.0 
   120   222    -82.0376413409               0.0       -0.45         0.0 
   120   222     82.0376413409               0.0        0.45         0.0 
   120   222     91.1529348232               0.0         0.5         0.0 
   120   270   -113.4579217957               0.0        -0.5         0.0 
   120   270   -102.1121296162               0.0       -0.45         0.0 
   120   270    102.1121296162               0.0        0.45         0.0 
   120   270    113.4579217957               0.0         0.5         0.0 
   120   272   -114.4293043311               0.0        -0.5         0.0 
   120   272    -102.986373898               0.0       -0.45         0.0 
   120   272     102.986373898               0.0        0.45         0.0 
   120   272    114.4293043311               0.0         0.5         0.0 
   120   274   -115.4039965238               0.0        -0.5         0.0 
   120   274   -103.8635968714               0.0       -0.45         0.0 
   120   274    103.8635968714               0.0        0.45         0.0 
   120   274    115.4039965238               0.0         0.5         0.0 
   120   276   -116.3819927641               0.0        -0.5         0.0 
   120   276   -104.7437934877               0.0       -0.45         0.0 
   120   276    104.7437934877               0.0        0.45         0.0 
   120   276    116.3819927641               0.0         0.5         0.0 
