 Nrows 
   844 
    Z     N          Q20                 Q30           beta2       beta3
    16     4     -0.8031138929               0.0        -0.5         0.0 
    16     4     -0.7228025036               0.0       -0.45         0.0 
    16     4     -0.6424911143               0.0        -0.4         0.0 
    16     4      -0.562179725               0.0       -0.35         0.0 
    16     4     -0.4818683357               0.0        -0.3         0.0 
    16     4     -0.4015569465               0.0       -0.25         0.0 
    16     4     -0.3212455572               0.0        -0.2         0.0 
    16     4     -0.2409341679               0.0       -0.15         0.0 
    16     4     -0.1606227786               0.0        -0.1         0.0 
    16     4     -0.0803113893               0.0       -0.05         0.0 
    16     4              -0.0               0.0        -0.0         0.0 
    16     4      0.0803113893               0.0        0.05         0.0 
    16     4      0.1606227786               0.0         0.1         0.0 
    16     4      0.2409341679               0.0        0.15         0.0 
    16     4      0.3212455572               0.0         0.2         0.0 
    16     4      0.4015569465               0.0        0.25         0.0 
    16     4      0.4818683357               0.0         0.3         0.0 
    16     4       0.562179725               0.0        0.35         0.0 
    16     4      0.6424911143               0.0         0.4         0.0 
    16     4      0.7228025036               0.0        0.45         0.0 
    16     4      0.8031138929               0.0         0.5         0.0 
    60    60    -15.9109418816               0.0        -0.5         0.0 
    60    60    -14.3198476935               0.0       -0.45         0.0 
    60    60    -12.7287535053               0.0        -0.4         0.0 
    60    60    -11.1376593171               0.0       -0.35         0.0 
    60    60      -9.546565129               0.0        -0.3         0.0 
    60    60     -7.9554709408               0.0       -0.25         0.0 
    60    60     -6.3643767527               0.0        -0.2         0.0 
    60    60     -4.7732825645               0.0       -0.15         0.0 
    60    60     -3.1821883763               0.0        -0.1         0.0 
    60    60     -1.5910941882               0.0       -0.05         0.0 
    60    60              -0.0               0.0        -0.0         0.0 
    60    60      1.5910941882               0.0        0.05         0.0 
    60    60      3.1821883763               0.0         0.1         0.0 
    60    60      4.7732825645               0.0        0.15         0.0 
    60    60      6.3643767527               0.0         0.2         0.0 
    60    60      7.9554709408               0.0        0.25         0.0 
    60    60       9.546565129               0.0         0.3         0.0 
    60    60     11.1376593171               0.0        0.35         0.0 
    60    60     12.7287535053               0.0         0.4         0.0 
    60    60     14.3198476935               0.0        0.45         0.0 
    60    60     15.9109418816               0.0         0.5         0.0 
   112   188    -73.2705138312               0.0        -0.5         0.0 
   112   188    -65.9434624481               0.0       -0.45         0.0 
   112   188     -58.616411065               0.0        -0.4         0.0 
   112   188    -51.2893596819               0.0       -0.35         0.0 
   112   188    -43.9623082987               0.0        -0.3         0.0 
   112   188    -36.6352569156               0.0       -0.25         0.0 
   112   188    -29.3082055325               0.0        -0.2         0.0 
   112   188    -21.9811541494               0.0       -0.15         0.0 
   112   188    -14.6541027662               0.0        -0.1         0.0 
   112   188     -7.3270513831               0.0       -0.05         0.0 
   112   188              -0.0               0.0        -0.0         0.0 
   112   188      7.3270513831               0.0        0.05         0.0 
   112   188     14.6541027662               0.0         0.1         0.0 
   112   188     21.9811541494               0.0        0.15         0.0 
   112   188     29.3082055325               0.0         0.2         0.0 
   112   188     36.6352569156               0.0        0.25         0.0 
   112   188     43.9623082987               0.0         0.3         0.0 
   112   188     51.2893596819               0.0        0.35         0.0 
   112   188      58.616411065               0.0         0.4         0.0 
   112   188     65.9434624481               0.0        0.45         0.0 
   112   188     73.2705138312               0.0         0.5         0.0 
   120   240    -99.2882784525               0.0        -0.5         0.0 
   120   240    -89.3594506073               0.0       -0.45         0.0 
   120   240     -79.430622762               0.0        -0.4         0.0 
   120   240    -69.5017949168               0.0       -0.35         0.0 
   120   240    -59.5729670715               0.0        -0.3         0.0 
   120   240    -49.6441392263               0.0       -0.25         0.0 
   120   240     -39.715311381               0.0        -0.2         0.0 
   120   240    -29.7864835358               0.0       -0.15         0.0 
   120   240    -19.8576556905               0.0        -0.1         0.0 
   120   240     -9.9288278453               0.0       -0.05         0.0 
   120   240              -0.0               0.0        -0.0         0.0 
   120   240      9.9288278453               0.0        0.05         0.0 
   120   240     19.8576556905               0.0         0.1         0.0 
   120   240     29.7864835358               0.0        0.15         0.0 
   120   240      39.715311381               0.0         0.2         0.0 
   120   240     49.6441392263               0.0        0.25         0.0 
   120   240     59.5729670715               0.0         0.3         0.0 
   120   240     69.5017949168               0.0        0.35         0.0 
   120   240      79.430622762               0.0         0.4         0.0 
   120   240     89.3594506073               0.0        0.45         0.0 
   120   240     99.2882784525               0.0         0.5         0.0 
    12     2     -0.4432076066               0.0        -0.5         0.0 
    12     2      -0.398886846               0.0       -0.45         0.0 
    12     2       0.398886846               0.0        0.45         0.0 
    12     2      0.4432076066               0.0         0.5         0.0 
    12    14     -1.2436057629               0.0        -0.5         0.0 
    12    14     -1.1192451866               0.0       -0.45         0.0 
    12    14      1.1192451866               0.0        0.45         0.0 
    12    14      1.2436057629               0.0         0.5         0.0 
    24    36     -5.0116326501               0.0        -0.5         0.0 
    24    36     -4.5104693851               0.0       -0.45         0.0 
    24    36      4.5104693851               0.0        0.45         0.0 
    24    36      5.0116326501               0.0         0.5         0.0 
    26    24     -3.6983710981               0.0        -0.5         0.0 
    26    24     -3.3285339883               0.0       -0.45         0.0 
    26    24      3.3285339883               0.0        0.45         0.0 
    26    24      3.6983710981               0.0         0.5         0.0 
    26    34     -5.0116326501               0.0        -0.5         0.0 
    26    34     -4.5104693851               0.0       -0.45         0.0 
    26    34      4.5104693851               0.0        0.45         0.0 
    26    34      5.0116326501               0.0         0.5         0.0 
    26    36     -5.2931389542               0.0        -0.5         0.0 
    26    36     -4.7638250588               0.0       -0.45         0.0 
    26    36      4.7638250588               0.0        0.45         0.0 
    26    36      5.2931389542               0.0         0.5         0.0 
    46    36      -8.434970472               0.0        -0.5         0.0 
    46    36     -7.5914734248               0.0       -0.45         0.0 
    46    36      7.5914734248               0.0        0.45         0.0 
    46    36       8.434970472               0.0         0.5         0.0 
    52    72    -16.8046686882               0.0        -0.5         0.0 
    52    72    -15.1242018194               0.0       -0.45         0.0 
    52    72     15.1242018194               0.0        0.45         0.0 
    52    72     16.8046686882               0.0         0.5         0.0 
    52    74    -17.2588314656               0.0        -0.5         0.0 
    52    74     -15.532948319               0.0       -0.45         0.0 
    52    74      15.532948319               0.0        0.45         0.0 
    52    74     17.2588314656               0.0         0.5         0.0 
    56    56    -14.1826434119               0.0        -0.5         0.0 
    56    56    -12.7643790707               0.0       -0.45         0.0 
    56    56     12.7643790707               0.0        0.45         0.0 
    56    56     14.1826434119               0.0         0.5         0.0 
    56    78    -19.1235482784               0.0        -0.5         0.0 
    56    78    -17.2111934505               0.0       -0.45         0.0 
    56    78     17.2111934505               0.0        0.45         0.0 
    56    78     19.1235482784               0.0         0.5         0.0 
    56    90    -22.0621875543               0.0        -0.5         0.0 
    56    90    -19.8559687988               0.0       -0.45         0.0 
    56    90     19.8559687988               0.0        0.45         0.0 
    56    90     22.0621875543               0.0         0.5         0.0 
    56   118     -29.555789158               0.0        -0.5         0.0 
    56   118    -26.6002102422               0.0       -0.45         0.0 
    56   118     26.6002102422               0.0        0.45         0.0 
    56   118      29.555789158               0.0         0.5         0.0 
    58    88    -22.0621875543               0.0        -0.5         0.0 
    58    88    -19.8559687988               0.0       -0.45         0.0 
    58    88     19.8559687988               0.0        0.45         0.0 
    58    88     22.0621875543               0.0         0.5         0.0 
    58    90    -22.5681869949               0.0        -0.5         0.0 
    58    90    -20.3113682954               0.0       -0.45         0.0 
    58    90     20.3113682954               0.0        0.45         0.0 
    58    90     22.5681869949               0.0         0.5         0.0 
    60    74    -19.1235482784               0.0        -0.5         0.0 
    60    74    -17.2111934505               0.0       -0.45         0.0 
    60    74     17.2111934505               0.0        0.45         0.0 
    60    74     19.1235482784               0.0         0.5         0.0 
    60    86    -22.0621875543               0.0        -0.5         0.0 
    60    86    -19.8559687988               0.0       -0.45         0.0 
    60    86     19.8559687988               0.0        0.45         0.0 
    60    86     22.0621875543               0.0         0.5         0.0 
    60    88    -22.5681869949               0.0        -0.5         0.0 
    60    88    -20.3113682954               0.0       -0.45         0.0 
    60    88     20.3113682954               0.0        0.45         0.0 
    60    88     22.5681869949               0.0         0.5         0.0 
    60   136    -36.0429723129               0.0        -0.5         0.0 
    60   136    -32.4386750816               0.0       -0.45         0.0 
    60   136     32.4386750816               0.0        0.45         0.0 
    60   136     36.0429723129               0.0         0.5         0.0 
    60   138     -36.658030628               0.0        -0.5         0.0 
    60   138    -32.9922275652               0.0       -0.45         0.0 
    60   138     32.9922275652               0.0        0.45         0.0 
    60   138      36.658030628               0.0         0.5         0.0 
    60   140    -37.2772447741               0.0        -0.5         0.0 
    60   140    -33.5495202967               0.0       -0.45         0.0 
    60   140     33.5495202967               0.0        0.45         0.0 
    60   140     37.2772447741               0.0         0.5         0.0 
    62   132    -35.4320839167               0.0        -0.5         0.0 
    62   132     -31.888875525               0.0       -0.45         0.0 
    62   132      31.888875525               0.0        0.45         0.0 
    62   132     35.4320839167               0.0         0.5         0.0 
    62   134    -36.0429723129               0.0        -0.5         0.0 
    62   134    -32.4386750816               0.0       -0.45         0.0 
    62   134     32.4386750816               0.0        0.45         0.0 
    62   134     36.0429723129               0.0         0.5         0.0 
    62   136     -36.658030628               0.0        -0.5         0.0 
    62   136    -32.9922275652               0.0       -0.45         0.0 
    62   136     32.9922275652               0.0        0.45         0.0 
    62   136      36.658030628               0.0         0.5         0.0 
    62   138    -37.2772447741               0.0        -0.5         0.0 
    62   138    -33.5495202967               0.0       -0.45         0.0 
    62   138     33.5495202967               0.0        0.45         0.0 
    62   138     37.2772447741               0.0         0.5         0.0 
    64   132    -36.0429723129               0.0        -0.5         0.0 
    64   132    -32.4386750816               0.0       -0.45         0.0 
    64   132     32.4386750816               0.0        0.45         0.0 
    64   132     36.0429723129               0.0         0.5         0.0 
    64   134     -36.658030628               0.0        -0.5         0.0 
    64   134    -32.9922275652               0.0       -0.45         0.0 
    64   134     32.9922275652               0.0        0.45         0.0 
    64   134      36.658030628               0.0         0.5         0.0 
    64   136    -37.2772447741               0.0        -0.5         0.0 
    64   136    -33.5495202967               0.0       -0.45         0.0 
    64   136     33.5495202967               0.0        0.45         0.0 
    64   136     37.2772447741               0.0         0.5         0.0 
    66    88    -24.1135793565               0.0        -0.5         0.0 
    66    88    -21.7022214208               0.0       -0.45         0.0 
    66    88     21.7022214208               0.0        0.45         0.0 
    66    88     24.1135793565               0.0         0.5         0.0 
    66   132     -36.658030628               0.0        -0.5         0.0 
    66   132    -32.9922275652               0.0       -0.45         0.0 
    66   132     32.9922275652               0.0        0.45         0.0 
    66   132      36.658030628               0.0         0.5         0.0 
    66   134    -37.2772447741               0.0        -0.5         0.0 
    66   134    -33.5495202967               0.0       -0.45         0.0 
    66   134     33.5495202967               0.0        0.45         0.0 
    66   134     37.2772447741               0.0         0.5         0.0 
    66   136    -37.9006008516               0.0        -0.5         0.0 
    66   136    -34.1105407665               0.0       -0.45         0.0 
    66   136     34.1105407665               0.0        0.45         0.0 
    66   136     37.9006008516               0.0         0.5         0.0 
    68    92    -25.6996445729               0.0        -0.5         0.0 
    68    92    -23.1296801156               0.0       -0.45         0.0 
    68    92     23.1296801156               0.0        0.45         0.0 
    68    92     25.6996445729               0.0         0.5         0.0 
    68   132    -37.2772447741               0.0        -0.5         0.0 
    68   132    -33.5495202967               0.0       -0.45         0.0 
    68   132     33.5495202967               0.0        0.45         0.0 
    68   132     37.2772447741               0.0         0.5         0.0 
    68   134    -37.9006008516               0.0        -0.5         0.0 
    68   134    -34.1105407665               0.0       -0.45         0.0 
    68   134     34.1105407665               0.0        0.45         0.0 
    68   134     37.9006008516               0.0         0.5         0.0 
    70    92    -26.2372816211               0.0        -0.5         0.0 
    70    92     -23.613553459               0.0       -0.45         0.0 
    70    92      23.613553459               0.0        0.45         0.0 
    70    92     26.2372816211               0.0         0.5         0.0 
    70   136    -39.1596841192               0.0        -0.5         0.0 
    70   136    -35.2437157073               0.0       -0.45         0.0 
    70   136     35.2437157073               0.0        0.45         0.0 
    70   136     39.1596841192               0.0         0.5         0.0 
    72    92    -26.7793620012               0.0        -0.5         0.0 
    72    92     -24.101425801               0.0       -0.45         0.0 
    72    92      24.101425801               0.0        0.45         0.0 
    72    92     26.7793620012               0.0         0.5         0.0 
    72   130    -37.9006008516               0.0        -0.5         0.0 
    72   130    -34.1105407665               0.0       -0.45         0.0 
    72   130     34.1105407665               0.0        0.45         0.0 
    72   130     37.9006008516               0.0         0.5         0.0 
    74    96    -28.4320832179               0.0        -0.5         0.0 
    74    96    -25.5888748961               0.0       -0.45         0.0 
    74    96     25.5888748961               0.0        0.45         0.0 
    74    96     28.4320832179               0.0         0.5         0.0 
    74    98    -28.9917584414               0.0        -0.5         0.0 
    74    98    -26.0925825973               0.0       -0.45         0.0 
    74    98     26.0925825973               0.0        0.45         0.0 
    74    98     28.9917584414               0.0         0.5         0.0 
    74   136    -40.4351728417               0.0        -0.5         0.0 
    74   136    -36.3916555575               0.0       -0.45         0.0 
    74   136     36.3916555575               0.0        0.45         0.0 
    74   136     40.4351728417               0.0         0.5         0.0 
    76    98     -29.555789158               0.0        -0.5         0.0 
    76    98    -26.6002102422               0.0       -0.45         0.0 
    76    98     26.6002102422               0.0        0.45         0.0 
    76    98      29.555789158               0.0         0.5         0.0 
    80    96     -30.124158615               0.0        -0.5         0.0 
    80    96    -27.1117427535               0.0       -0.45         0.0 
    80    96     27.1117427535               0.0        0.45         0.0 
    80    96      30.124158615               0.0         0.5         0.0 
    86   132    -43.0349499265               0.0        -0.5         0.0 
    86   132    -38.7314549339               0.0       -0.45         0.0 
    86   132     38.7314549339               0.0        0.45         0.0 
    86   132     43.0349499265               0.0         0.5         0.0 
    86   134     -43.694986953               0.0        -0.5         0.0 
    86   134    -39.3254882577               0.0       -0.45         0.0 
    86   134     39.3254882577               0.0        0.45         0.0 
    86   134      43.694986953               0.0         0.5         0.0 
    86   136    -44.3590363873               0.0        -0.5         0.0 
    86   136    -39.9231327485               0.0       -0.45         0.0 
    86   136     39.9231327485               0.0        0.45         0.0 
    86   136     44.3590363873               0.0         0.5         0.0 
    88   130    -43.0349499265               0.0        -0.5         0.0 
    88   130    -38.7314549339               0.0       -0.45         0.0 
    88   130     38.7314549339               0.0        0.45         0.0 
    88   130     43.0349499265               0.0         0.5         0.0 
    88   132     -43.694986953               0.0        -0.5         0.0 
    88   132    -39.3254882577               0.0       -0.45         0.0 
    88   132     39.3254882577               0.0        0.45         0.0 
    88   132      43.694986953               0.0         0.5         0.0 
    88   134    -44.3590363873               0.0        -0.5         0.0 
    88   134    -39.9231327485               0.0       -0.45         0.0 
    88   134     39.9231327485               0.0        0.45         0.0 
    88   134     44.3590363873               0.0         0.5         0.0 
    88   136    -45.0270861434               0.0        -0.5         0.0 
    88   136    -40.5243775291               0.0       -0.45         0.0 
    88   136     40.5243775291               0.0        0.45         0.0 
    88   136     45.0270861434               0.0         0.5         0.0 
    88   138      -45.69912428               0.0        -0.5         0.0 
    88   138     -41.129211852               0.0       -0.45         0.0 
    88   138      41.129211852               0.0        0.45         0.0 
    88   138       45.69912428               0.0         0.5         0.0 
    88   140    -46.3751389967               0.0        -0.5         0.0 
    88   140     -41.737625097               0.0       -0.45         0.0 
    88   140      41.737625097               0.0        0.45         0.0 
    88   140     46.3751389967               0.0         0.5         0.0 
    88   196     -66.874063419               0.0        -0.5         0.0 
    88   196    -60.1866570771               0.0       -0.45         0.0 
    88   196     60.1866570771               0.0        0.45         0.0 
    88   196      66.874063419               0.0         0.5         0.0 
    88   198    -67.6608113326               0.0        -0.5         0.0 
    88   198    -60.8947301994               0.0       -0.45         0.0 
    88   198     60.8947301994               0.0        0.45         0.0 
    88   198     67.6608113326               0.0         0.5         0.0 
    88   200    -68.4512356517               0.0        -0.5         0.0 
    88   200    -61.6061120866               0.0       -0.45         0.0 
    88   200     61.6061120866               0.0        0.45         0.0 
    88   200     68.4512356517               0.0         0.5         0.0 
    88   202    -69.2453278462               0.0        -0.5         0.0 
    88   202    -62.3207950616               0.0       -0.45         0.0 
    88   202     62.3207950616               0.0        0.45         0.0 
    88   202     69.2453278462               0.0         0.5         0.0 
    90   130     -43.694986953               0.0        -0.5         0.0 
    90   130    -39.3254882577               0.0       -0.45         0.0 
    90   130     39.3254882577               0.0        0.45         0.0 
    90   130      43.694986953               0.0         0.5         0.0 
    90   132    -44.3590363873               0.0        -0.5         0.0 
    90   132    -39.9231327485               0.0       -0.45         0.0 
    90   132     39.9231327485               0.0        0.45         0.0 
    90   132     44.3590363873               0.0         0.5         0.0 
    90   134    -45.0270861434               0.0        -0.5         0.0 
    90   134    -40.5243775291               0.0       -0.45         0.0 
    90   134     40.5243775291               0.0        0.45         0.0 
    90   134     45.0270861434               0.0         0.5         0.0 
    90   136      -45.69912428               0.0        -0.5         0.0 
    90   136     -41.129211852               0.0       -0.45         0.0 
    90   136      41.129211852               0.0        0.45         0.0 
    90   136       45.69912428               0.0         0.5         0.0 
    90   138    -46.3751389967               0.0        -0.5         0.0 
    90   138     -41.737625097               0.0       -0.45         0.0 
    90   138      41.737625097               0.0        0.45         0.0 
    90   138     46.3751389967               0.0         0.5         0.0 
    90   194     -66.874063419               0.0        -0.5         0.0 
    90   194    -60.1866570771               0.0       -0.45         0.0 
    90   194     60.1866570771               0.0        0.45         0.0 
    90   194      66.874063419               0.0         0.5         0.0 
    90   196    -67.6608113326               0.0        -0.5         0.0 
    90   196    -60.8947301994               0.0       -0.45         0.0 
    90   196     60.8947301994               0.0        0.45         0.0 
    90   196     67.6608113326               0.0         0.5         0.0 
    90   198    -68.4512356517               0.0        -0.5         0.0 
    90   198    -61.6061120866               0.0       -0.45         0.0 
    90   198     61.6061120866               0.0        0.45         0.0 
    90   198     68.4512356517               0.0         0.5         0.0 
    90   200    -69.2453278462               0.0        -0.5         0.0 
    90   200    -62.3207950616               0.0       -0.45         0.0 
    90   200     62.3207950616               0.0        0.45         0.0 
    90   200     69.2453278462               0.0         0.5         0.0 
    90   202    -70.0430794647               0.0        -0.5         0.0 
    90   202    -63.0387715182               0.0       -0.45         0.0 
    90   202     63.0387715182               0.0        0.45         0.0 
    90   202     70.0430794647               0.0         0.5         0.0 
    92   130    -44.3590363873               0.0        -0.5         0.0 
    92   130    -39.9231327485               0.0       -0.45         0.0 
    92   130     39.9231327485               0.0        0.45         0.0 
    92   130     44.3590363873               0.0         0.5         0.0 
    92   132    -45.0270861434               0.0        -0.5         0.0 
    92   132    -40.5243775291               0.0       -0.45         0.0 
    92   132     40.5243775291               0.0        0.45         0.0 
    92   132     45.0270861434               0.0         0.5         0.0 
    92   134      -45.69912428               0.0        -0.5         0.0 
    92   134     -41.129211852               0.0       -0.45         0.0 
    92   134      41.129211852               0.0        0.45         0.0 
    92   134       45.69912428               0.0         0.5         0.0 
    92   136    -46.3751389967               0.0        -0.5         0.0 
    92   136     -41.737625097               0.0       -0.45         0.0 
    92   136      41.737625097               0.0        0.45         0.0 
    92   136     46.3751389967               0.0         0.5         0.0 
    92   138    -47.0551186318               0.0        -0.5         0.0 
    92   138    -42.3496067686               0.0       -0.45         0.0 
    92   138     42.3496067686               0.0        0.45         0.0 
    92   138     47.0551186318               0.0         0.5         0.0 
    92   192     -66.874063419               0.0        -0.5         0.0 
    92   192    -60.1866570771               0.0       -0.45         0.0 
    92   192     60.1866570771               0.0        0.45         0.0 
    92   192      66.874063419               0.0         0.5         0.0 
    92   194    -67.6608113326               0.0        -0.5         0.0 
    92   194    -60.8947301994               0.0       -0.45         0.0 
    92   194     60.8947301994               0.0        0.45         0.0 
    92   194     67.6608113326               0.0         0.5         0.0 
    92   196    -68.4512356517               0.0        -0.5         0.0 
    92   196    -61.6061120866               0.0       -0.45         0.0 
    92   196     61.6061120866               0.0        0.45         0.0 
    92   196     68.4512356517               0.0         0.5         0.0 
    92   198    -69.2453278462               0.0        -0.5         0.0 
    92   198    -62.3207950616               0.0       -0.45         0.0 
    92   198     62.3207950616               0.0        0.45         0.0 
    92   198     69.2453278462               0.0         0.5         0.0 
    92   200    -70.0430794647               0.0        -0.5         0.0 
    92   200    -63.0387715182               0.0       -0.45         0.0 
    92   200     63.0387715182               0.0        0.45         0.0 
    92   200     70.0430794647               0.0         0.5         0.0 
    94   130    -45.0270861434               0.0        -0.5         0.0 
    94   130    -40.5243775291               0.0       -0.45         0.0 
    94   130     40.5243775291               0.0        0.45         0.0 
    94   130     45.0270861434               0.0         0.5         0.0 
    94   132      -45.69912428               0.0        -0.5         0.0 
    94   132     -41.129211852               0.0       -0.45         0.0 
    94   132      41.129211852               0.0        0.45         0.0 
    94   132       45.69912428               0.0         0.5         0.0 
    94   134    -46.3751389967               0.0        -0.5         0.0 
    94   134     -41.737625097               0.0       -0.45         0.0 
    94   134      41.737625097               0.0        0.45         0.0 
    94   134     46.3751389967               0.0         0.5         0.0 
    94   136    -47.0551186318               0.0        -0.5         0.0 
    94   136    -42.3496067686               0.0       -0.45         0.0 
    94   136     42.3496067686               0.0        0.45         0.0 
    94   136     47.0551186318               0.0         0.5         0.0 
    94   138    -47.7390516591               0.0        -0.5         0.0 
    94   138    -42.9651464932               0.0       -0.45         0.0 
    94   138     42.9651464932               0.0        0.45         0.0 
    94   138     47.7390516591               0.0         0.5         0.0 
    94   190     -66.874063419               0.0        -0.5         0.0 
    94   190    -60.1866570771               0.0       -0.45         0.0 
    94   190     60.1866570771               0.0        0.45         0.0 
    94   190      66.874063419               0.0         0.5         0.0 
    94   192    -67.6608113326               0.0        -0.5         0.0 
    94   192    -60.8947301994               0.0       -0.45         0.0 
    94   192     60.8947301994               0.0        0.45         0.0 
    94   192     67.6608113326               0.0         0.5         0.0 
    94   194    -68.4512356517               0.0        -0.5         0.0 
    94   194    -61.6061120866               0.0       -0.45         0.0 
    94   194     61.6061120866               0.0        0.45         0.0 
    94   194     68.4512356517               0.0         0.5         0.0 
    94   196    -69.2453278462               0.0        -0.5         0.0 
    94   196    -62.3207950616               0.0       -0.45         0.0 
    94   196     62.3207950616               0.0        0.45         0.0 
    94   196     69.2453278462               0.0         0.5         0.0 
    94   198    -70.0430794647               0.0        -0.5         0.0 
    94   198    -63.0387715182               0.0       -0.45         0.0 
    94   198     63.0387715182               0.0        0.45         0.0 
    94   198     70.0430794647               0.0         0.5         0.0 
    96   128    -45.0270861434               0.0        -0.5         0.0 
    96   128    -40.5243775291               0.0       -0.45         0.0 
    96   128     40.5243775291               0.0        0.45         0.0 
    96   128     45.0270861434               0.0         0.5         0.0 
    96   130      -45.69912428               0.0        -0.5         0.0 
    96   130     -41.129211852               0.0       -0.45         0.0 
    96   130      41.129211852               0.0        0.45         0.0 
    96   130       45.69912428               0.0         0.5         0.0 
    96   132    -46.3751389967               0.0        -0.5         0.0 
    96   132     -41.737625097               0.0       -0.45         0.0 
    96   132      41.737625097               0.0        0.45         0.0 
    96   132     46.3751389967               0.0         0.5         0.0 
    96   134    -47.0551186318               0.0        -0.5         0.0 
    96   134    -42.3496067686               0.0       -0.45         0.0 
    96   134     42.3496067686               0.0        0.45         0.0 
    96   134     47.0551186318               0.0         0.5         0.0 
    96   188     -66.874063419               0.0        -0.5         0.0 
    96   188    -60.1866570771               0.0       -0.45         0.0 
    96   188     60.1866570771               0.0        0.45         0.0 
    96   188      66.874063419               0.0         0.5         0.0 
    96   190    -67.6608113326               0.0        -0.5         0.0 
    96   190    -60.8947301994               0.0       -0.45         0.0 
    96   190     60.8947301994               0.0        0.45         0.0 
    96   190     67.6608113326               0.0         0.5         0.0 
    96   192    -68.4512356517               0.0        -0.5         0.0 
    96   192    -61.6061120866               0.0       -0.45         0.0 
    96   192     61.6061120866               0.0        0.45         0.0 
    96   192     68.4512356517               0.0         0.5         0.0 
    96   194    -69.2453278462               0.0        -0.5         0.0 
    96   194    -62.3207950616               0.0       -0.45         0.0 
    96   194     62.3207950616               0.0        0.45         0.0 
    96   194     69.2453278462               0.0         0.5         0.0 
    96   196    -70.0430794647               0.0        -0.5         0.0 
    96   196    -63.0387715182               0.0       -0.45         0.0 
    96   196     63.0387715182               0.0        0.45         0.0 
    96   196     70.0430794647               0.0         0.5         0.0 
    96   198    -70.8444821331               0.0        -0.5         0.0 
    96   198    -63.7600339197               0.0       -0.45         0.0 
    96   198     63.7600339197               0.0        0.45         0.0 
    96   198     70.8444821331               0.0         0.5         0.0 
    98   128      -45.69912428               0.0        -0.5         0.0 
    98   128     -41.129211852               0.0       -0.45         0.0 
    98   128      41.129211852               0.0        0.45         0.0 
    98   128       45.69912428               0.0         0.5         0.0 
    98   130    -46.3751389967               0.0        -0.5         0.0 
    98   130     -41.737625097               0.0       -0.45         0.0 
    98   130      41.737625097               0.0        0.45         0.0 
    98   130     46.3751389967               0.0         0.5         0.0 
    98   132    -47.0551186318               0.0        -0.5         0.0 
    98   132    -42.3496067686               0.0       -0.45         0.0 
    98   132     42.3496067686               0.0        0.45         0.0 
    98   132     47.0551186318               0.0         0.5         0.0 
    98   186     -66.874063419               0.0        -0.5         0.0 
    98   186    -60.1866570771               0.0       -0.45         0.0 
    98   186     60.1866570771               0.0        0.45         0.0 
    98   186      66.874063419               0.0         0.5         0.0 
    98   188    -67.6608113326               0.0        -0.5         0.0 
    98   188    -60.8947301994               0.0       -0.45         0.0 
    98   188     60.8947301994               0.0        0.45         0.0 
    98   188     67.6608113326               0.0         0.5         0.0 
    98   190    -68.4512356517               0.0        -0.5         0.0 
    98   190    -61.6061120866               0.0       -0.45         0.0 
    98   190     61.6061120866               0.0        0.45         0.0 
    98   190     68.4512356517               0.0         0.5         0.0 
    98   192    -69.2453278462               0.0        -0.5         0.0 
    98   192    -62.3207950616               0.0       -0.45         0.0 
    98   192     62.3207950616               0.0        0.45         0.0 
    98   192     69.2453278462               0.0         0.5         0.0 
    98   194    -70.0430794647               0.0        -0.5         0.0 
    98   194    -63.0387715182               0.0       -0.45         0.0 
    98   194     63.0387715182               0.0        0.45         0.0 
    98   194     70.0430794647               0.0         0.5         0.0 
    98   196    -70.8444821331               0.0        -0.5         0.0 
    98   196    -63.7600339197               0.0       -0.45         0.0 
    98   196     63.7600339197               0.0        0.45         0.0 
    98   196     70.8444821331               0.0         0.5         0.0 
    98   198    -71.6495275533               0.0        -0.5         0.0 
    98   198     -64.484574798               0.0       -0.45         0.0 
    98   198      64.484574798               0.0        0.45         0.0 
    98   198     71.6495275533               0.0         0.5         0.0 
    98   262    -99.2882784525               0.0        -0.5         0.0 
    98   262    -89.3594506073               0.0       -0.45         0.0 
    98   262     89.3594506073               0.0        0.45         0.0 
    98   262     99.2882784525               0.0         0.5         0.0 
   100   126      -45.69912428               0.0        -0.5         0.0 
   100   126     -41.129211852               0.0       -0.45         0.0 
   100   126      41.129211852               0.0        0.45         0.0 
   100   126       45.69912428               0.0         0.5         0.0 
   100   128    -46.3751389967               0.0        -0.5         0.0 
   100   128     -41.737625097               0.0       -0.45         0.0 
   100   128      41.737625097               0.0        0.45         0.0 
   100   128     46.3751389967               0.0         0.5         0.0 
   100   130    -47.0551186318               0.0        -0.5         0.0 
   100   130    -42.3496067686               0.0       -0.45         0.0 
   100   130     42.3496067686               0.0        0.45         0.0 
   100   130     47.0551186318               0.0         0.5         0.0 
   100   132    -47.7390516591               0.0        -0.5         0.0 
   100   132    -42.9651464932               0.0       -0.45         0.0 
   100   132     42.9651464932               0.0        0.45         0.0 
   100   132     47.7390516591               0.0         0.5         0.0 
   100   184     -66.874063419               0.0        -0.5         0.0 
   100   184    -60.1866570771               0.0       -0.45         0.0 
   100   184     60.1866570771               0.0        0.45         0.0 
   100   184      66.874063419               0.0         0.5         0.0 
   100   186    -67.6608113326               0.0        -0.5         0.0 
   100   186    -60.8947301994               0.0       -0.45         0.0 
   100   186     60.8947301994               0.0        0.45         0.0 
   100   186     67.6608113326               0.0         0.5         0.0 
   100   188    -68.4512356517               0.0        -0.5         0.0 
   100   188    -61.6061120866               0.0       -0.45         0.0 
   100   188     61.6061120866               0.0        0.45         0.0 
   100   188     68.4512356517               0.0         0.5         0.0 
   100   190    -69.2453278462               0.0        -0.5         0.0 
   100   190    -62.3207950616               0.0       -0.45         0.0 
   100   190     62.3207950616               0.0        0.45         0.0 
   100   190     69.2453278462               0.0         0.5         0.0 
   100   192    -70.0430794647               0.0        -0.5         0.0 
   100   192    -63.0387715182               0.0       -0.45         0.0 
   100   192     63.0387715182               0.0        0.45         0.0 
   100   192     70.0430794647               0.0         0.5         0.0 
   100   194    -70.8444821331               0.0        -0.5         0.0 
   100   194    -63.7600339197               0.0       -0.45         0.0 
   100   194     63.7600339197               0.0        0.45         0.0 
   100   194     70.8444821331               0.0         0.5         0.0 
   100   196    -71.6495275533               0.0        -0.5         0.0 
   100   196     -64.484574798               0.0       -0.45         0.0 
   100   196      64.484574798               0.0        0.45         0.0 
   100   196     71.6495275533               0.0         0.5         0.0 
   100   198    -72.4582075025               0.0        -0.5         0.0 
   100   198    -65.2123867522               0.0       -0.45         0.0 
   100   198     65.2123867522               0.0        0.45         0.0 
   100   198     72.4582075025               0.0         0.5         0.0 
   100   260    -99.2882784525               0.0        -0.5         0.0 
   100   260    -89.3594506073               0.0       -0.45         0.0 
   100   260     89.3594506073               0.0        0.45         0.0 
   100   260     99.2882784525               0.0         0.5         0.0 
   100   262   -100.2093157891               0.0        -0.5         0.0 
   100   262    -90.1883842102               0.0       -0.45         0.0 
   100   262     90.1883842102               0.0        0.45         0.0 
   100   262    100.2093157891               0.0         0.5         0.0 
   100   264   -101.1337517951               0.0        -0.5         0.0 
   100   264    -91.0203766156               0.0       -0.45         0.0 
   100   264     91.0203766156               0.0        0.45         0.0 
   100   264    101.1337517951               0.0         0.5         0.0 
   102   128    -47.0551186318               0.0        -0.5         0.0 
   102   128    -42.3496067686               0.0       -0.45         0.0 
   102   128     42.3496067686               0.0        0.45         0.0 
   102   128     47.0551186318               0.0         0.5         0.0 
   102   184    -67.6608113326               0.0        -0.5         0.0 
   102   184    -60.8947301994               0.0       -0.45         0.0 
   102   184     60.8947301994               0.0        0.45         0.0 
   102   184     67.6608113326               0.0         0.5         0.0 
   102   186    -68.4512356517               0.0        -0.5         0.0 
   102   186    -61.6061120866               0.0       -0.45         0.0 
   102   186     61.6061120866               0.0        0.45         0.0 
   102   186     68.4512356517               0.0         0.5         0.0 
   102   188    -69.2453278462               0.0        -0.5         0.0 
   102   188    -62.3207950616               0.0       -0.45         0.0 
   102   188     62.3207950616               0.0        0.45         0.0 
   102   188     69.2453278462               0.0         0.5         0.0 
   102   190    -70.0430794647               0.0        -0.5         0.0 
   102   190    -63.0387715182               0.0       -0.45         0.0 
   102   190     63.0387715182               0.0        0.45         0.0 
   102   190     70.0430794647               0.0         0.5         0.0 
   102   192    -70.8444821331               0.0        -0.5         0.0 
   102   192    -63.7600339197               0.0       -0.45         0.0 
   102   192     63.7600339197               0.0        0.45         0.0 
   102   192     70.8444821331               0.0         0.5         0.0 
   102   194    -71.6495275533               0.0        -0.5         0.0 
   102   194     -64.484574798               0.0       -0.45         0.0 
   102   194      64.484574798               0.0        0.45         0.0 
   102   194     71.6495275533               0.0         0.5         0.0 
   102   196    -72.4582075025               0.0        -0.5         0.0 
   102   196    -65.2123867522               0.0       -0.45         0.0 
   102   196     65.2123867522               0.0        0.45         0.0 
   102   196     72.4582075025               0.0         0.5         0.0 
   102   260   -100.2093157891               0.0        -0.5         0.0 
   102   260    -90.1883842102               0.0       -0.45         0.0 
   102   260     90.1883842102               0.0        0.45         0.0 
   102   260    100.2093157891               0.0         0.5         0.0 
   102   262   -101.1337517951               0.0        -0.5         0.0 
   102   262    -91.0203766156               0.0       -0.45         0.0 
   102   262     91.0203766156               0.0        0.45         0.0 
   102   262    101.1337517951               0.0         0.5         0.0 
   102   264   -102.0615802344               0.0        -0.5         0.0 
   102   264    -91.8554222109               0.0       -0.45         0.0 
   102   264     91.8554222109               0.0        0.45         0.0 
   102   264    102.0615802344               0.0         0.5         0.0 
   104   184    -68.4512356517               0.0        -0.5         0.0 
   104   184    -61.6061120866               0.0       -0.45         0.0 
   104   184     61.6061120866               0.0        0.45         0.0 
   104   184     68.4512356517               0.0         0.5         0.0 
   104   186    -69.2453278462               0.0        -0.5         0.0 
   104   186    -62.3207950616               0.0       -0.45         0.0 
   104   186     62.3207950616               0.0        0.45         0.0 
   104   186     69.2453278462               0.0         0.5         0.0 
   104   188    -70.0430794647               0.0        -0.5         0.0 
   104   188    -63.0387715182               0.0       -0.45         0.0 
   104   188     63.0387715182               0.0        0.45         0.0 
   104   188     70.0430794647               0.0         0.5         0.0 
   104   190    -70.8444821331               0.0        -0.5         0.0 
   104   190    -63.7600339197               0.0       -0.45         0.0 
   104   190     63.7600339197               0.0        0.45         0.0 
   104   190     70.8444821331               0.0         0.5         0.0 
   104   192    -71.6495275533               0.0        -0.5         0.0 
   104   192     -64.484574798               0.0       -0.45         0.0 
   104   192      64.484574798               0.0        0.45         0.0 
   104   192     71.6495275533               0.0         0.5         0.0 
   104   194    -72.4582075025               0.0        -0.5         0.0 
   104   194    -65.2123867522               0.0       -0.45         0.0 
   104   194     65.2123867522               0.0        0.45         0.0 
   104   194     72.4582075025               0.0         0.5         0.0 
   104   196    -73.2705138312               0.0        -0.5         0.0 
   104   196    -65.9434624481               0.0       -0.45         0.0 
   104   196     65.9434624481               0.0        0.45         0.0 
   104   196     73.2705138312               0.0         0.5         0.0 
   104   260   -101.1337517951               0.0        -0.5         0.0 
   104   260    -91.0203766156               0.0       -0.45         0.0 
   104   260     91.0203766156               0.0        0.45         0.0 
   104   260    101.1337517951               0.0         0.5         0.0 
   104   262   -102.0615802344               0.0        -0.5         0.0 
   104   262    -91.8554222109               0.0       -0.45         0.0 
   104   262     91.8554222109               0.0        0.45         0.0 
   104   262    102.0615802344               0.0         0.5         0.0 
   104   264   -102.9927949164               0.0        -0.5         0.0 
   104   264    -92.6935154247               0.0       -0.45         0.0 
   104   264     92.6935154247               0.0        0.45         0.0 
   104   264    102.9927949164               0.0         0.5         0.0 
   106   184    -69.2453278462               0.0        -0.5         0.0 
   106   184    -62.3207950616               0.0       -0.45         0.0 
   106   184     62.3207950616               0.0        0.45         0.0 
   106   184     69.2453278462               0.0         0.5         0.0 
   106   186    -70.0430794647               0.0        -0.5         0.0 
   106   186    -63.0387715182               0.0       -0.45         0.0 
   106   186     63.0387715182               0.0        0.45         0.0 
   106   186     70.0430794647               0.0         0.5         0.0 
   106   188    -70.8444821331               0.0        -0.5         0.0 
   106   188    -63.7600339197               0.0       -0.45         0.0 
   106   188     63.7600339197               0.0        0.45         0.0 
   106   188     70.8444821331               0.0         0.5         0.0 
   106   190    -71.6495275533               0.0        -0.5         0.0 
   106   190     -64.484574798               0.0       -0.45         0.0 
   106   190      64.484574798               0.0        0.45         0.0 
   106   190     71.6495275533               0.0         0.5         0.0 
   106   260   -102.0615802344               0.0        -0.5         0.0 
   106   260    -91.8554222109               0.0       -0.45         0.0 
   106   260     91.8554222109               0.0        0.45         0.0 
   106   260    102.0615802344               0.0         0.5         0.0 
   106   262   -102.9927949164               0.0        -0.5         0.0 
   106   262    -92.6935154247               0.0       -0.45         0.0 
   106   262     92.6935154247               0.0        0.45         0.0 
   106   262    102.9927949164               0.0         0.5         0.0 
   106   264   -103.9273896953               0.0        -0.5         0.0 
   106   264    -93.5346507258               0.0       -0.45         0.0 
   106   264     93.5346507258               0.0        0.45         0.0 
   106   264    103.9273896953               0.0         0.5         0.0 
   108   186    -70.8444821331               0.0        -0.5         0.0 
   108   186    -63.7600339197               0.0       -0.45         0.0 
   108   186     63.7600339197               0.0        0.45         0.0 
   108   186     70.8444821331               0.0         0.5         0.0 
   108   262   -103.9273896953               0.0        -0.5         0.0 
   108   262    -93.5346507258               0.0       -0.45         0.0 
   108   262     93.5346507258               0.0        0.45         0.0 
   108   262    103.9273896953               0.0         0.5         0.0 
   108   264     -104.86535847               0.0        -0.5         0.0 
   108   264     -94.378822623               0.0       -0.45         0.0 
   108   264      94.378822623               0.0        0.45         0.0 
   108   264      104.86535847               0.0         0.5         0.0 
   108   266   -105.8066951829               0.0        -0.5         0.0 
   108   266    -95.2260256646               0.0       -0.45         0.0 
   108   266     95.2260256646               0.0        0.45         0.0 
   108   266    105.8066951829               0.0         0.5         0.0 
   108   268   -106.7513938197               0.0        -0.5         0.0 
   108   268    -96.0762544378               0.0       -0.45         0.0 
   108   268     96.0762544378               0.0        0.45         0.0 
   108   268    106.7513938197               0.0         0.5         0.0 
   108   270    -107.699448409               0.0        -0.5         0.0 
   108   270    -96.9295035681               0.0       -0.45         0.0 
   108   270     96.9295035681               0.0        0.45         0.0 
   108   270     107.699448409               0.0         0.5         0.0 
   108   272   -108.6508530215               0.0        -0.5         0.0 
   108   272    -97.7857677194               0.0       -0.45         0.0 
   108   272     97.7857677194               0.0        0.45         0.0 
   108   272    108.6508530215               0.0         0.5         0.0 
   110   264   -105.8066951829               0.0        -0.5         0.0 
   110   264    -95.2260256646               0.0       -0.45         0.0 
   110   264     95.2260256646               0.0        0.45         0.0 
   110   264    105.8066951829               0.0         0.5         0.0 
   110   266   -106.7513938197               0.0        -0.5         0.0 
   110   266    -96.0762544378               0.0       -0.45         0.0 
   110   266     96.0762544378               0.0        0.45         0.0 
   110   266    106.7513938197               0.0         0.5         0.0 
   110   268    -107.699448409               0.0        -0.5         0.0 
   110   268    -96.9295035681               0.0       -0.45         0.0 
   110   268     96.9295035681               0.0        0.45         0.0 
   110   268     107.699448409               0.0         0.5         0.0 
   112   192    -74.9059733923               0.0        -0.5         0.0 
   112   192    -67.4153760531               0.0       -0.45         0.0 
   112   192     67.4153760531               0.0        0.45         0.0 
   112   192     74.9059733923               0.0         0.5         0.0 
   112   216    -85.0191748233               0.0        -0.5         0.0 
   112   216     -76.517257341               0.0       -0.45         0.0 
   112   216      76.517257341               0.0        0.45         0.0 
   112   216     85.0191748233               0.0         0.5         0.0 
   112   264   -106.7513938197               0.0        -0.5         0.0 
   112   264    -96.0762544378               0.0       -0.45         0.0 
   112   264     96.0762544378               0.0        0.45         0.0 
   112   264    106.7513938197               0.0         0.5         0.0 
   112   266    -107.699448409               0.0        -0.5         0.0 
   112   266    -96.9295035681               0.0       -0.45         0.0 
   112   266     96.9295035681               0.0        0.45         0.0 
   112   266     107.699448409               0.0         0.5         0.0 
   112   268   -108.6508530215               0.0        -0.5         0.0 
   112   268    -97.7857677194               0.0       -0.45         0.0 
   112   268     97.7857677194               0.0        0.45         0.0 
   112   268    108.6508530215               0.0         0.5         0.0 
   114   266   -108.6508530215               0.0        -0.5         0.0 
   114   266    -97.7857677194               0.0       -0.45         0.0 
   114   266     97.7857677194               0.0        0.45         0.0 
   114   266    108.6508530215               0.0         0.5         0.0 
   114   268   -109.6056017696               0.0        -0.5         0.0 
   114   268    -98.6450415926               0.0       -0.45         0.0 
   114   268     98.6450415926               0.0        0.45         0.0 
   114   268    109.6056017696               0.0         0.5         0.0 
   114   280   -115.4039965238               0.0        -0.5         0.0 
   114   280   -103.8635968714               0.0       -0.45         0.0 
   114   280    103.8635968714               0.0        0.45         0.0 
   114   280    115.4039965238               0.0         0.5         0.0 
   114   282   -116.3819927641               0.0        -0.5         0.0 
   114   282   -104.7437934877               0.0       -0.45         0.0 
   114   282    104.7437934877               0.0        0.45         0.0 
   114   282    116.3819927641               0.0         0.5         0.0 
   114   288   -119.3357502395               0.0        -0.5         0.0 
   114   288   -107.4021752156               0.0       -0.45         0.0 
   114   288    107.4021752156               0.0        0.45         0.0 
   114   288    119.3357502395               0.0         0.5         0.0 
   116   190    -75.7291106847               0.0        -0.5         0.0 
   116   190    -68.1561996162               0.0       -0.45         0.0 
   116   190     68.1561996162               0.0        0.45         0.0 
   116   190     75.7291106847               0.0         0.5         0.0 
   116   266   -109.6056017696               0.0        -0.5         0.0 
   116   266    -98.6450415926               0.0       -0.45         0.0 
   116   266     98.6450415926               0.0        0.45         0.0 
   116   266    109.6056017696               0.0         0.5         0.0 
   116   268   -110.5636888067               0.0        -0.5         0.0 
   116   268    -99.5073199261               0.0       -0.45         0.0 
   116   268     99.5073199261               0.0        0.45         0.0 
   116   268    110.5636888067               0.0         0.5         0.0 
   116   270   -111.5251083273               0.0        -0.5         0.0 
   116   270   -100.3725974945               0.0       -0.45         0.0 
   116   270    100.3725974945               0.0        0.45         0.0 
   116   270    111.5251083273               0.0         0.5         0.0 
   116   272   -112.4898545656               0.0        -0.5         0.0 
   116   272    -101.240869109               0.0       -0.45         0.0 
   116   272     101.240869109               0.0        0.45         0.0 
   116   272    112.4898545656               0.0         0.5         0.0 
   116   282   -117.3632874802               0.0        -0.5         0.0 
   116   282   -105.6269587322               0.0       -0.45         0.0 
   116   282    105.6269587322               0.0        0.45         0.0 
   116   282    117.3632874802               0.0         0.5         0.0 
   116   284   -118.3478751379               0.0        -0.5         0.0 
   116   284   -106.5130876241               0.0       -0.45         0.0 
   116   284    106.5130876241               0.0        0.45         0.0 
   116   284    118.3478751379               0.0         0.5         0.0 
   118   190    -76.5558424744               0.0        -0.5         0.0 
   118   190     -68.900258227               0.0       -0.45         0.0 
   118   190      68.900258227               0.0        0.45         0.0 
   118   190     76.5558424744               0.0         0.5         0.0 
   118   266   -110.5636888067               0.0        -0.5         0.0 
   118   266    -99.5073199261               0.0       -0.45         0.0 
   118   266     99.5073199261               0.0        0.45         0.0 
   118   266    110.5636888067               0.0         0.5         0.0 
   118   268   -111.5251083273               0.0        -0.5         0.0 
   118   268   -100.3725974945               0.0       -0.45         0.0 
   118   268    100.3725974945               0.0        0.45         0.0 
   118   268    111.5251083273               0.0         0.5         0.0 
   118   270   -112.4898545656               0.0        -0.5         0.0 
   118   270    -101.240869109               0.0       -0.45         0.0 
   118   270     101.240869109               0.0        0.45         0.0 
   118   270    112.4898545656               0.0         0.5         0.0 
   118   272   -113.4579217957               0.0        -0.5         0.0 
   118   272   -102.1121296162               0.0       -0.45         0.0 
   118   272    102.1121296162               0.0        0.45         0.0 
   118   272    113.4579217957               0.0         0.5         0.0 
   120   190    -77.3861609643               0.0        -0.5         0.0 
   120   190    -69.6475448679               0.0       -0.45         0.0 
   120   190     69.6475448679               0.0        0.45         0.0 
   120   190     77.3861609643               0.0         0.5         0.0 
   120   216    -88.5032613875               0.0        -0.5         0.0 
   120   216    -79.6529352488               0.0       -0.45         0.0 
   120   216     79.6529352488               0.0        0.45         0.0 
   120   216     88.5032613875               0.0         0.5         0.0 
   120   264   -110.5636888067               0.0        -0.5         0.0 
   120   264    -99.5073199261               0.0       -0.45         0.0 
   120   264     99.5073199261               0.0        0.45         0.0 
   120   264    110.5636888067               0.0         0.5         0.0 
   120   266   -111.5251083273               0.0        -0.5         0.0 
   120   266   -100.3725974945               0.0       -0.45         0.0 
   120   266    100.3725974945               0.0        0.45         0.0 
   120   266    111.5251083273               0.0         0.5         0.0 
   120   268   -112.4898545656               0.0        -0.5         0.0 
   120   268    -101.240869109               0.0       -0.45         0.0 
   120   268     101.240869109               0.0        0.45         0.0 
   120   268    112.4898545656               0.0         0.5         0.0 
   120   270   -113.4579217957               0.0        -0.5         0.0 
   120   270   -102.1121296162               0.0       -0.45         0.0 
   120   270    102.1121296162               0.0        0.45         0.0 
   120   270    113.4579217957               0.0         0.5         0.0 
   120   272   -114.4293043311               0.0        -0.5         0.0 
   120   272    -102.986373898               0.0       -0.45         0.0 
   120   272     102.986373898               0.0        0.45         0.0 
   120   272    114.4293043311               0.0         0.5         0.0 
