Z      N      A       Binding_Energy_(MeV)    Quad_Def_Beta2_P     Quad_Def_Beta2_N     Quad_Def_Beta2_total   Quad_Moment_Q2_P_(fm^2)    Quad_Moment_Q2_N_(fm^2)    Quad_Moment_Q2_total_(fm^2)     Octupole_Moment_Q3_P_(fm^3)     Octupole_Moment_Q3_N_(fm^3)     Octupole_Moment_Q3_total_(fm^3)      Pairing_gap_P_(MeV)     Pairing_gap_N_(MeV)   RMS_radius_P_(fm)    RMS_radius_N_(fm)    RMS_radius_total_(fm)    Charge_Radius_(fm)     File_ID        Converged            
12     2      14             7.697941             -0.35827            -0.031894              -0.347216               -1.15803                  -0.003614                      -1.161644                         0.0                             0.0                                0.0                         1.423974                0.446006              4.620716             2.119126               4.352287               4.704643            86              YES
12     14     26          -211.275556             -0.16963            -0.158554               -0.16352               -0.22312                  -0.256587                      -0.479707                         0.0                             0.0                                0.0                           0.8758                1.243236              2.947625             3.026981               2.990617               3.058602            90              YES
16     4      20            -19.25017            -0.015424            -0.007709              -0.014837              -0.057075                  -0.002352                      -0.059427                         0.0                             0.0                                0.0                         1.304431                0.787558              4.281594              2.45876               3.984311               4.370929            10              YES
24     36     60          -510.862654             0.070566             0.054318               0.060285               0.286146                   0.379523                        0.66567                         0.0                             0.0                                0.0                         0.819981                0.855718              3.659609             3.922301               3.819393               3.744408            96              YES
26     24     50          -417.550408             0.210672             0.221853               0.215898               0.919084                    0.84931                       1.768394                         0.0                             0.0                                0.0                         0.646971                0.801952              3.646968              3.55582               3.603505               3.741017            99              YES
26     34     60          -524.004962             0.142518             0.125013               0.132267               0.640075                   0.793445                       1.433519                         0.0                             0.0                                0.0                          0.76006                0.761786              3.700318             3.846685               3.783954               3.787153           104              YES
26     36     62          -537.382875             0.101177             0.084886               0.091325               0.459324                   0.589554                       1.048878                         0.0                             0.0                                0.0                         0.824142                0.772736              3.720283             3.910555               3.831914                3.80549           107              YES
46     36     82          -596.766725             0.109567             0.113464               0.111169               1.182575                   0.854646                       2.037222                         0.0                             0.0                                0.0                         0.667759                0.731311              4.312607             4.072477               4.208872               4.394283           111              YES
52     72     124         -1050.10194            -0.120384            -0.119969              -0.120137              -1.704977                  -2.495128                      -4.200105                         0.0                             0.0                                0.0                         0.769705                0.472909               4.64642             4.785098               4.727438               4.714919           114              YES
52     74     126         -1065.73274             0.113795             0.105408               0.108737               1.620355                   2.281158                       3.901513                         0.0                             0.0                                0.0                         0.757164                0.455802              4.658938             4.814702               4.751038               4.726784           120              YES
56     56     112         -898.248159             0.230794             0.225913               0.228394               3.512878                   3.325273                       6.838151                         0.0                             0.0                                0.0                         0.497249                0.607347              4.641626             4.564513               4.603231               4.714933           123              YES
56     78     134        -1126.020265            -0.102629            -0.089834              -0.095012              -1.645345                  -2.118338                      -3.763684                         0.0                             0.0                                0.0                         0.565903                0.720783              4.763692             4.895261               4.840712                4.83043           126              YES
56     90     146        -1198.040027             0.209158             0.195102               0.200178               3.525268                   5.816743                       9.342011                         0.0                             0.0                                0.0                         0.545376                0.476884              4.884385             5.124282               5.033619               4.946981           131              YES
56     118    174        -1275.649511             0.177573             0.133027               0.145683               3.270495                   6.173475                        9.44397                         0.0                             0.0                                0.0                          0.59951                0.397729              5.105863             5.583404               5.434294               5.160155           135              YES
58     88     146        -1207.885674             0.195924             0.178176               0.184902               3.436244                   5.121303                       8.557547                         0.0                             0.0                                0.0                         0.488793                0.575258              4.895861             5.088256               5.012709               4.959365           140              YES
58     90     148        -1218.226189             0.244222             0.220279               0.229205               4.349169                   6.600503                      10.949672                         0.0                             0.0                                0.0                         0.519917                0.527913              4.933346             5.137186               5.058282               4.995973           144              YES
60     60     120         -949.831046             0.393656             0.387596               0.390678               6.966996                   6.628619                      13.595616                         0.0                             0.0                                0.0                          0.45223                0.554457              4.835414             4.753257               4.794512               4.905826            40              YES
60     74     134        -1110.425146            -0.246299            -0.233458              -0.239141              -4.397531                  -5.249638                      -9.647169                         0.0                             0.0                                0.0                         0.555475                0.648867              4.856718             4.907826               4.885008               4.924075           145              YES
60     86     146        -1212.054622             0.154503             0.138353               0.144756               2.806781                   3.826592                       6.633373                         0.0                             0.0                                0.0                         0.432586                0.685403              4.898976             5.049019               4.987903               4.963421           151              YES
60     88     148        -1224.389269             0.212167             0.188861               0.197949               3.912526                   5.448897                       9.361423                         0.0                             0.0                                0.0                         0.486434                0.630356              4.935817             5.097853               5.032792               4.999401           156              YES
60     136    196        -1365.730157            -0.097284            -0.108638               -0.10567              -2.038264                  -6.431257                      -8.469521                         0.0                             0.0                                0.0                         0.459345                0.470065              5.261127             5.873974               5.693378               5.312089           158              YES
60     138    198        -1365.679673            -0.112077            -0.122226              -0.119622              -2.359117                  -7.452849                      -9.811966                         0.0                             0.0                                0.0                         0.495147                0.463721              5.273343             5.918132               5.730408               5.323825           162              YES
60     140    200        -1365.010965            -0.150809            -0.153784              -0.153031              -3.205844                  -9.641686                      -12.84753                         0.0                             0.0                                0.0                         0.541422                0.449726              5.299405             5.958017               5.768335                5.34928           165              YES
62     134    196        -1401.734367            -0.085492            -0.092712              -0.090717              -1.860095                  -5.285067                      -7.145161                         0.0                             0.0                                0.0                         0.450204                0.474798              5.274162             5.806978               5.643876               5.326148           173              YES
62     136    198        -1403.110681             0.107636             0.119409               0.116215               2.355499                    7.01767                        9.37317                         0.0                             0.0                                0.0                         0.484588                0.484705              5.289469             5.852656               5.682311               5.340956           179              YES
62     138    200        -1403.317753            -0.142319            -0.139099              -0.139959              -3.141876                  -8.425655                     -11.567531                         0.0                             0.0                                0.0                         0.535413                 0.45445              5.312666             5.898545               5.723341               5.363581           182              YES
64     132    196        -1434.890166            -0.069577            -0.067559              -0.068146              -1.569732                  -3.717396                      -5.287127                         0.0                             0.0                                0.0                         0.434254                0.526619              5.286098             5.748243               5.601532               5.339042           186              YES
64     134    198        -1436.520203            -0.097536            -0.093899              -0.094938              -2.212785                  -5.329683                      -7.542468                         0.0                             0.0                                0.0                         0.472255                0.498513              5.300799             5.794451               5.639615               5.353259           190              YES
64     136    200         -1437.99867            -0.135478            -0.125002              -0.127947              -3.101587                  -7.316736                     -10.418323                         0.0                             0.0                                0.0                         0.521175                0.466102              5.324916             5.840847                5.68085               5.376804           194              YES
66     88     154        -1262.396503             0.234901             0.204358               0.217199                4.97387                   5.965335                      10.939205                         0.0                             0.0                                0.0                         0.479433                0.659685              5.042874             5.127728               5.091535                5.10664           200              YES
66     132    198        -1466.794542             -0.08122            -0.071517              -0.074428              -1.909188                  -3.923312                        -5.8325                         0.0                             0.0                                0.0                         0.446321                0.567559              5.313334             5.739561                5.60109               5.366686           202              YES
66     134    200        -1469.124288            -0.119812             -0.10393              -0.108618              -2.838797                  -5.880317                      -8.719114                         0.0                             0.0                                0.0                         0.498577                0.513298              5.334451             5.785258               5.640476               5.387267           206              YES
66     136    202        -1471.511038              -0.1568             -0.13537              -0.141606              -3.752869                  -7.893664                     -11.646534                         0.0                             0.0                                0.0                         0.538951                0.459544              5.361444               5.8298               5.681021               5.413672           210              YES
68     92     160         -1304.93526             0.301204             0.274375               0.285543               6.810733                   8.700662                      15.511395                         0.0                             0.0                                0.0                         0.539817                0.530358              5.134015             5.227026                 5.1877               5.196444           215              YES
68     132    200        -1492.122537             0.422326             0.370311               0.386506              11.022416                  21.376881                      32.399297                         0.0                             0.0                                0.0                         0.632382                0.375051              5.515758             5.887713               5.763942               5.567783           219              YES
70     136    206        -1532.619356             -0.16021            -0.134229              -0.142266               -4.15401                  -7.770341                     -11.924351                         0.0                             0.0                                0.0                          0.57668                0.486402              5.418569             5.808603               5.679073               5.471501           230              YES
72     130    202        -1541.551652             0.458044               0.4232               0.434803              13.047271                  24.144707                      37.191978                         0.0                             0.0                                0.0                         0.570482                0.373234              5.599963             5.898091               5.793587               5.652607           239              YES
74     96     170         -1362.66914             0.299265             0.287477               0.292536               7.715376                   9.856374                       17.57175                         0.0                             0.0                                0.0                         0.486659                0.544485              5.255082             5.320674               5.292222               5.316697           244              YES
74     98     172        -1380.629128             0.323158             0.306386               0.313485                 8.4219                  10.879597                      19.301497                         0.0                             0.0                                0.0                         0.464683                0.531253              5.283565              5.35925               5.326819               5.344558           248              YES
74     136    210        -1586.960549             -0.12959            -0.112549              -0.118104              -3.602865                  -6.469828                     -10.072693                         0.0                             0.0                                0.0                          0.62343                 0.50644              5.457166              5.78831               5.673827               5.510834           250              YES
76     98     174        -1386.488707              0.30692             0.297338               0.301469               8.276093                  10.578595                      18.854688                         0.0                             0.0                                0.0                         0.457703                0.541303              5.303207             5.364399               5.337758               5.364354           256              YES
80     96     176        -1369.519631             -0.32586             -0.31504              -0.319949              -9.599589                 -11.175845                     -20.775434                         0.0                             0.0                                0.0                         0.509511                0.474173              5.402702             5.412111               5.407836               5.463686           258              YES
86     134    220        -1689.332445            -0.325541            -0.304922              -0.312701             -11.623884                 -17.969946                      -29.59383                         0.0                             0.0                                0.0                         0.522957                  0.4571              5.736783             5.904342               5.839414               5.790663           265              YES
86     136    222        -1700.470565            -0.350787            -0.323995              -0.334001             -12.709464                 -19.691702                     -32.401165                         0.0                             0.0                                0.0                         0.510481                0.437849              5.778802             5.951794               5.885382               5.832062           269              YES
88     136    224        -1712.901035             -0.34741            -0.322535              -0.331995              -12.97494                 -19.627152                     -32.602092                         0.0                             0.0                                0.0                           0.5083                0.465723              5.800093             5.955468               5.894916               5.853516           285              YES
88     138    226        -1724.405142            -0.361289            -0.333185              -0.343763             -13.636351                 -20.836272                     -34.472623                         0.0                             0.0                                0.0                         0.506038                0.439441              5.830765             5.993388               5.930596               5.883685           289              YES
88     140    228        -1735.228099            -0.365972            -0.336688              -0.347592             -13.909321                 -21.570009                      -35.47933                         0.0                             0.0                                0.0                         0.510339                 0.42602              5.851035             6.022714               5.957038               5.903551           293              YES
88     196    284        -1889.637061               0.5052             0.443881               0.461068              22.311881                  50.338756                      72.650637                         0.0                             0.0                                0.0                          0.55248                0.331382              6.307248             6.772277               6.631671                6.35018           299              YES
88     198    286        -1890.690392              0.50443             0.442669               0.459812              22.364288                  51.079449                      73.443737                         0.0                             0.0                                0.0                          0.56464                0.327069              6.319469             6.796666               6.653483               6.362112           303              YES
88     200    288        -1891.592885             0.503963             0.441661               0.458787               22.42874                  51.851325                      74.280065                         0.0                             0.0                                0.0                         0.574095                0.324311              6.331502             6.821273               6.675434               6.373857           307              YES
88     202    290        -1893.049058            -0.253775            -0.228218              -0.235079             -10.561134                 -25.881085                     -36.442219                         0.0                             0.0                                0.0                         0.596714                0.324911              6.122579             6.670913               6.509406               6.166156           310              YES
90     134    224        -1711.212044            -0.312401            -0.297158              -0.303113             -11.821619                 -17.539667                     -29.361286                         0.0                             0.0                                0.0                         0.534761                0.478674              5.773063             5.908936               5.854723               5.827298           321              YES
90     136    226        -1723.787633            -0.337871            -0.317246              -0.325223             -12.965165                 -19.302686                     -32.267851                         0.0                             0.0                                0.0                         0.511553                0.473275              5.813493             5.955065               5.899094               5.867134           325              YES
90     138    228        -1736.086877             0.423823             0.390009               0.402977              16.502064                  24.412745                      40.914809                         0.0                             0.0                                0.0                         0.543342                0.460657              5.855992             5.996201               5.941251               5.909028           332              YES
90     194    284         -1918.53688             0.505622             0.445476               0.462883              22.901525                  49.538467                      72.439991                         0.0                             0.0                                0.0                         0.538705                0.331887              6.316013             6.740674               6.609053               6.359541           335              YES
90     196    286        -1920.331612             0.506597             0.446076               0.463427              23.056255                  50.510122                      73.566377                         0.0                             0.0                                0.0                         0.549653                0.327595              6.331213             6.767088               6.633013               6.374435           339              YES
90     198    288        -1921.931146              0.50897             0.447945               0.465278              23.289401                  51.666994                      74.956396                         0.0                             0.0                                0.0                         0.559638                0.323961              6.348289             6.795268               6.658811               6.391194           343              YES
90     200    290        -1923.507452            -0.279002            -0.255396              -0.261956             -12.004376                 -28.553844                     -40.558221                         0.0                             0.0                                0.0                         0.571921                0.347323               6.15588             6.656646               6.505362               6.199907           345              YES
90     202    292        -1925.060565             -0.27987            -0.254839              -0.261727             -12.091392                 -29.001143                     -41.092535                         0.0                             0.0                                0.0                         0.575713                0.348192              6.168558             6.682574                6.52846               6.212289           350              YES
92     134    226        -1719.806617            -0.315419            -0.299705              -0.305949             -12.317917                 -17.752275                     -30.070192                         0.0                             0.0                                0.0                         0.523656                 0.46655              5.800637             5.919328               5.871301               5.854938           361              YES
92     136    228        -1733.258811             0.410384             0.382785               0.393657              16.320375                  23.423637                      39.744012                         0.0                             0.0                                0.0                         0.542975                0.468436              5.853568             5.972073                5.92454               5.907168           367              YES
92     138    230        -1746.529083             0.427938             0.397526               0.409384              17.198897                  24.999302                      42.198198                         0.0                             0.0                                0.0                         0.525155                0.454231              5.884519             6.010168               5.960226               5.937627           372              YES
92     192    284        -1944.411282             0.515874             0.453905               0.472405              24.006269                  49.632883                      73.639152                         0.0                             0.0                                0.0                         0.533877                0.354994              6.332008             6.718876               6.596038               6.376052           375              YES
92     194    286        -1946.997808             0.516657             0.454023               0.472548              24.157874                   50.54871                      74.706584                         0.0                             0.0                                0.0                         0.542983                0.354093              6.347155             6.744664               6.619399               6.390896           379              YES
92     196    288        -1949.301157             0.522426              0.45823               0.477049              24.597714                  52.022106                       76.61982                         0.0                             0.0                                0.0                         0.555258                0.350245              6.369218              6.77593               6.648713               6.412612           383              YES
92     198    290        -1951.645226            -0.284886            -0.257548              -0.265397             -12.598887                 -28.280026                     -40.878913                         0.0                             0.0                                0.0                         0.576253                0.350981              6.172793              6.63015                6.48855               6.217356           386              YES
92     200    292        -1953.841805            -0.288079            -0.260796              -0.268556             -12.801745                 -29.159407                     -41.961152                         0.0                             0.0                                0.0                         0.569757                0.351806              6.187711             6.656846               6.512684               6.231964           390              YES
94     130    224        -1694.433247            -0.441352            -0.424668              -0.431566             -18.736784                 -25.575712                     -44.312495                         0.0                             0.0                                0.0                         0.454995                0.396397              5.983236             6.059858               6.027823               6.036601           393              YES
94     132    226        -1711.411146             0.402503             0.382873               0.390892               16.29425                  22.442598                      38.736848                         0.0                             0.0                                0.0                         0.551949                0.471606              5.842699             5.932905               5.895553               5.897126           399              YES
94     134    228        -1726.595666             0.408494             0.386989               0.395682              16.643838                  23.237663                      39.881501                         0.0                             0.0                                0.0                         0.539335                0.467675              5.861585             5.959906               5.919568                5.91563           403              YES
94     136    230        -1741.174577             0.417775             0.394251               0.403662              17.151231                  24.272278                      41.423509                         0.0                             0.0                                0.0                         0.521656                0.463745              5.883794              5.99024               5.946966               5.937429           407              YES
94     138    232        -1755.119848             0.439711             0.412182               0.423089              18.279158                  26.114562                       44.39372                         0.0                             0.0                                0.0                         0.500779                0.456172               5.92073             6.032568               5.987506               5.973826           412              YES
94     190    284         -1967.40108             0.519286             0.459568               0.477932              24.774101                  49.374469                      74.148571                         0.0                             0.0                                0.0                         0.530176                  0.3666              6.342736             6.694906                6.58043               6.387302           415              YES
94     192    286        -1970.863621             0.518198             0.457318               0.475865              24.818861                   49.99157                      74.810431                         0.0                             0.0                                0.0                         0.537685                0.367911              6.355123             6.717904               6.600868                6.39941           419              YES
94     194    288        -1973.990052             0.520081             0.458073               0.476794              25.040889                  50.995432                      76.036321                         0.0                             0.0                                0.0                         0.548486                  0.3675              6.371921             6.744385               6.625119                 6.4159           423              YES
94     196    290        -1976.862634            -0.288645            -0.258793              -0.267643             -13.108878                 -27.891143                     -41.000022                         0.0                             0.0                                0.0                         0.589981                0.341036              6.188451             6.601975               6.470832               6.233526           426              YES
94     198    292        -1979.881672            -0.291985            -0.262498              -0.271156              -13.32284                 -28.815263                     -42.138103                         0.0                             0.0                                0.0                         0.580809                0.339638              6.202962             6.629189               6.495032               6.247734           430              YES
96     128    224        -1682.004567             0.399874             0.387397               0.392681              16.506686                  21.775011                      38.281697                         0.0                             0.0                                0.0                         0.561317                0.480453              5.838181             5.899847               5.873498               5.893348           435              YES
96     130    226        -1699.161693             0.405747             0.391642               0.397551              16.852246                  22.559678                      39.411924                         0.0                             0.0                                0.0                          0.55319                0.483403              5.856132             5.926459               5.896688               5.910927           439              YES
96     132    228        -1712.653911            -0.456658            -0.438077              -0.445804             -20.278666                 -27.323912                     -47.602577                         0.0                             0.0                                0.0                         0.463791                0.430962              6.055272             6.120037               6.092851               6.108083           441              YES
96     134    230        -1731.823549             0.415934             0.397834               0.405261              17.491697                   24.03819                      41.529886                         0.0                             0.0                                0.0                         0.519996                0.480333              5.892684             5.978507               5.942836               5.946736           447              YES
96     188    284        -1987.469681             0.517487             0.461591               0.479287              25.277974                  48.671829                      73.949804                         0.0                             0.0                                0.0                         0.529468                0.378136              6.350834             6.667703               6.562304               6.395915           452              YES
96     190    286        -1991.785233              0.51472             0.456997               0.475099              25.218106                  49.006863                      74.224969                         0.0                             0.0                                0.0                         0.532459                0.377302              6.360335             6.688669               6.580286                6.40516           455              YES
96     192    288        -1995.771075             0.515011             0.456581               0.474741              25.346015                   49.82949                      75.175506                         0.0                             0.0                                0.0                         0.543281                0.375757              6.374647              6.71241               6.601742               6.419184           460              YES
96     194    290        -1999.478444             0.517138             0.457686               0.475999              25.587185                  50.870006                       76.45719                         0.0                             0.0                                0.0                         0.553631                0.373091              6.391717             6.738932               6.626007               6.435948           464              YES
96     196    292        -2003.010324            -0.292609            -0.262042              -0.271297              -13.68926                 -28.230979                     -41.920239                         0.0                             0.0                                0.0                         0.598497                0.328406              6.215202             6.600774               6.476544               6.260487           466              YES
96     198    294        -2006.595419            -0.295317            -0.265157              -0.274201             -13.877832                 -29.089265                     -42.967097                         0.0                             0.0                                0.0                         0.586071                0.325694              6.229113             6.627161               6.499867               6.274105           470              YES
98     128    226        -1682.925461             0.405156             0.395425               0.399605              17.250327                  22.355674                      39.606002                         0.0                             0.0                                0.0                         0.559527                0.490417                5.8684             5.917007               5.895979               5.923553           475              YES
98     130    228        -1700.955984             0.410342             0.398849               0.403735              17.575774                  23.102005                       40.67778                         0.0                             0.0                                0.0                         0.547835                0.494071              5.885944             5.942837                5.91845               5.940734           479              YES
98     132    230        -1718.462769             0.415397             0.401736               0.407485              17.902111                  23.831689                        41.7338                         0.0                             0.0                                0.0                         0.529021                0.493366              5.904079             5.968495               5.941134               5.958504           483              YES
98     186    284        -2004.669504              0.51109             0.458545               0.475647              25.497475                  47.409527                      72.907002                         0.0                             0.0                                0.0                         0.519048                0.390944              6.352313             6.637892               6.540757               6.397932           488              YES
98     188    286        -2009.786704             0.507248             0.453377               0.470749              25.372054                  47.648345                      73.020399                         0.0                             0.0                                0.0                         0.527215                0.390073              6.360619             6.656719               6.556764               6.405993           492              YES
98     190    288        -2014.642341             0.504035             0.448603               0.466312              25.282868                  47.935872                       73.21874                         0.0                             0.0                                0.0                          0.53331                0.388352              6.369635             6.676782               6.573878               6.414761           495              YES
98     192    290        -2019.196699             0.505299             0.449265               0.467008              25.469124                  48.869125                      74.338249                         0.0                             0.0                                0.0                         0.543261                0.385769              6.385054             6.701319                6.59614               6.429888           500              YES
98     194    292        -2023.275721             0.441679              0.39243               0.407853              21.844107                  42.567002                      64.411109                         0.0                             0.0                                0.0                         0.534061                0.433282              6.324783             6.657318               6.547597               6.369854           503              YES
98     196    294        -2027.450561            -0.293995            -0.263147              -0.272678             -14.154182                 -28.332976                     -42.487158                         0.0                             0.0                                0.0                         0.602369                0.319267              6.240285             6.598787                6.48149               6.285774           506              YES
98     198    296        -2031.600754            -0.296731            -0.266322              -0.275629             -14.349474                 -29.197584                     -43.547058                         0.0                             0.0                                0.0                         0.588473                0.315435              6.254157             6.624948               6.504527               6.299358           510              YES
98     262    360         -2053.89641            -0.296982             -0.26419              -0.271764             -15.949735                 -47.240751                     -63.190486                         0.0                             0.0                                0.0                         0.560524                0.251628               6.59088             7.355199               7.155226                6.62807           514              YES
100    126    226        -1663.013947             0.390006             0.381923               0.385483              16.950814                  21.089376                       38.04019                         0.0                             0.0                                0.0                         0.570238                0.447083              5.869546             5.893913               5.883144                5.92514           519              YES
100    128    228        -1679.938502            -0.457031            -0.437738              -0.446184             -21.374502                 -26.289459                     -47.663961                         0.0                             0.0                                0.0                         0.386096                 0.53399               6.08864             6.098508               6.094182               6.142062           521              YES
100    130    230        -1701.264855             0.414147              0.40317               0.407904              18.279543                  23.464982                      41.744525                         0.0                             0.0                                0.0                         0.543774                0.482981              5.914938             5.957162                5.93884                5.96972           527              YES
100    132    232        -1719.624389             0.421351             0.408073               0.413742              18.722404                  24.338399                      43.060804                         0.0                             0.0                                0.0                         0.518663                0.488018              5.934769             5.984603               5.963174               5.989177           531              YES
100    184    284        -2018.952565             0.498595             0.451474               0.467211              25.317953                   45.71835                      71.036303                         0.0                             0.0                                0.0                         0.503893                0.407614              6.344323             6.604879               6.514323               6.390525           536              YES
100    186    286        -2024.892292             0.491167             0.443022               0.458953              24.973088                  45.548163                      70.521251                         0.0                             0.0                                0.0                         0.515217                0.407345              6.348435             6.619286               6.525861               6.394426           540              YES
100    188    288        -2030.577249             0.482136              0.43273               0.448926              24.530536                  45.146526                      69.677061                         0.0                             0.0                                0.0                          0.52407                 0.40875              6.350583             6.632387               6.535915               6.396377           543              YES
100    190    290        -2035.997336               0.4725             0.422305                0.43861              24.056526                  44.689727                      68.746253                         0.0                             0.0                                0.0                         0.529858                0.414112              6.352734             6.644449               6.545327               6.398331           547              YES
100    192    292        -2040.380803            -0.286418             -0.25445              -0.264712             -14.043673                 -26.388341                     -40.432014                         0.0                             0.0                                0.0                         0.612732                0.336225              6.234268             6.543334                6.43916                6.28054           550              YES
100    194    294         -2045.40871            -0.291092            -0.259642              -0.269644             -14.344853                 -27.437062                     -41.781915                         0.0                             0.0                                0.0                         0.610839                0.329588              6.249973             6.570903               6.463532               6.295946           554              YES
100    196    296        -2050.279686            -0.294674             -0.26372              -0.273473              -14.58957                 -28.384031                     -42.973601                         0.0                             0.0                                0.0                         0.601953                0.324528               6.26463             6.597546               6.486985               6.310311           558              YES
100    198    298        -2054.973256            -0.297466            -0.266947              -0.276473             -14.793026                 -29.252432                     -44.045458                         0.0                             0.0                                0.0                         0.587724                0.320864              6.278486             6.623403               6.509697               6.323884           562              YES
100    260    360        -2091.815506             0.495562              0.42675               0.443342              28.606088                  77.530562                     106.136651                         0.0                             0.0                                0.0                          0.54136                0.342459              6.764337             7.442317               7.260343               6.801206           568              YES
100    262    362        -2090.603318            -0.298705            -0.264152              -0.272334             -16.500893                 -47.028449                     -63.529343                         0.0                             0.0                                0.0                         0.571221                0.273522              6.617247             7.339183               7.147047               6.654756           570              YES
100    264    364        -2089.409535             -0.29977            -0.265373               -0.27345             -16.612387                 -47.923246                     -64.535633                         0.0                             0.0                                0.0                         0.562831                0.270857               6.62776             7.363553                7.16894               6.665036           574              YES
102    128    230        -1677.435514            -0.459003            -0.440238              -0.448567             -22.125768                 -26.589395                     -48.715163                         0.0                             0.0                                0.0                         0.383394                0.549379              6.120493             6.115763               6.117861               6.173875           577              YES
102    184    286        -2037.162171             0.471349             0.432445               0.445637              24.326267                  43.500173                       67.82644                         0.0                             0.0                                0.0                         0.505614                0.416581              6.333026             6.582884               6.494877               6.379639           584              YES
102    186    288        -2043.707851             0.461238             0.421759               0.435024              23.815701                  43.037113                      66.852814                         0.0                             0.0                                0.0                          0.51794                0.415102              6.334525              6.59444               6.503575               6.380948           588              YES
102    188    290        -2050.014268             0.444807             0.405425               0.418534              22.928928                  41.884694                      64.813622                         0.0                             0.0                                0.0                         0.531026                0.412854              6.329229             6.599919               6.505995               6.375512           591              YES
102    190    292        -2056.209252             0.393408             0.361943               0.372309               20.02889                  37.506836                      57.535726                         0.0                             0.0                                0.0                         0.557202                0.393649              6.290014             6.575114               6.476951               6.336403           595              YES
102    192    294        -2062.268103             0.360977              0.33419               0.342933              18.291712                   34.94845                      53.240162                         0.0                             0.0                                0.0                         0.579067                0.351675              6.275266             6.570703               6.469733               6.321584           599              YES
102    194    296        -2068.030111             0.318839             0.290785               0.299865              16.064577                  30.613928                      46.678505                         0.0                             0.0                                0.0                         0.617304                0.302972              6.257398               6.5587               6.456461               6.303667           603              YES
102    196    298        -2071.468538            -0.295791             -0.26542              -0.275164             -15.043255                 -28.574299                     -43.617554                         0.0                             0.0                                0.0                         0.598994                0.332236              6.286709             6.598387               6.493389               6.332584           606              YES
102    260    362        -2127.732183             0.483207             0.419001               0.434818              28.508872                  75.630961                     104.139833                         0.0                             0.0                                0.0                           0.5427                 0.34082              6.771239             7.418231               7.241781               6.808505           611              YES
102    262    364        -2126.540435             0.489822             0.423559               0.439759              29.062843                  77.658077                     106.720919                         0.0                             0.0                                0.0                         0.541283                0.333134              6.790393             7.447849               7.269616               6.827387           616              YES
102    264    366        -2125.334562             0.496598             0.427818               0.444507              29.633171                    79.6798                     109.312972                         0.0                             0.0                                0.0                          0.54002                0.325056              6.809752             7.478041                7.29795               6.846475           620              YES
104    184    288        -2054.069226             0.447683             0.417049               0.427595              23.528323                  41.749933                      65.278256                         0.0                             0.0                                0.0                         0.513909                0.398476              6.329048             6.567054               6.482115               6.376005           624              YES
104    186    290         -2061.28086             0.434964             0.404095               0.414626              22.853943                  41.001545                      63.855488                         0.0                             0.0                                0.0                         0.532603                0.390204               6.32823             6.575778               6.488088               6.375018           628              YES
104    188    292        -2068.330118             0.416046             0.384984               0.395486              21.812174                  39.513152                      61.325326                         0.0                             0.0                                0.0                         0.545796                0.376232              6.321312             6.578327               6.487955               6.367976           631              YES
104    190    294        -2075.259429             0.397973             0.367055               0.377417              20.830876                  38.115258                      58.946135                         0.0                             0.0                                0.0                         0.549218                0.361401              6.316192              6.58191               6.489158               6.362718           635              YES
104    192    296        -2081.920922             0.384529             0.354468               0.364455              20.129677                  37.298997                      57.428674                         0.0                             0.0                                0.0                         0.548364                0.347054              6.316581             6.591045               6.495933               6.362928           639              YES
104    194    298        -2088.174462             0.369395             0.340387               0.349942              19.336922                  36.278951                      55.615872                         0.0                             0.0                                0.0                         0.558212                0.326477              6.316501             6.599104               6.501873               6.362673           643              YES
104    196    300        -2094.094018             0.347274             0.317362               0.327133              18.149552                  34.189896                      52.339448                         0.0                             0.0                                0.0                         0.578685                0.300081              6.311391             6.600675               6.501847               6.357425           647              YES
104    260    364        -2162.427442             0.461282              0.40643               0.420215              27.727102                  72.782191                     100.509293                         0.0                             0.0                                0.0                          0.54671                0.327446              6.768574             7.388867               7.217083               6.806272           651              YES
104    262    366         -2161.60473             0.465748             0.408463               0.422747               28.12212                   74.24717                      102.36929                         0.0                             0.0                                0.0                         0.547263                0.323609              6.783862             7.415802               7.241845               6.821312           655              YES
104    264    368        -2160.673047             0.469774             0.410178               0.424923              28.490975                  75.666031                     104.157005                         0.0                             0.0                                0.0                         0.547885                0.318953              6.798884             7.442304               7.266246               6.836088           659              YES
106    184    290        -2069.606154             0.438093             0.411367               0.420712              23.561262                  41.145108                       64.70637                         0.0                             0.0                                0.0                         0.514943                 0.37315              6.341737             6.564179               6.483758               6.388905           664              YES
106    186    292        -2077.468553             0.427088             0.399684               0.409183              22.977821                  40.533073                      63.510894                         0.0                             0.0                                0.0                         0.532457                0.360434              6.342902             6.574075               6.491108               6.389889           668              YES
106    188    294        -2085.162218             0.414231             0.385668               0.395483              22.281812                  39.626799                      61.908611                         0.0                             0.0                                0.0                         0.542049                0.346349              6.342287              6.58194               6.496554               6.389107           671              YES
106    190    296        -2092.674405             0.403954              0.37398               0.384193              21.743186                  38.950328                      60.693514                         0.0                             0.0                                0.0                         0.539914                 0.33664              6.344361             6.591728               6.504225               6.390994           675              YES
106    260    366        -2196.179087             0.437897             0.390778                0.40286              26.814431                  69.396167                      96.210597                         0.0                             0.0                                0.0                         0.561146                  0.2884               6.76691             7.358017               7.191821                6.80502           679              YES
106    262    368        -2195.640626             0.437558             0.389991               0.402087              26.868474                  70.221946                       97.09042                         0.0                             0.0                                0.0                         0.566032                0.286332              6.776348             7.380804               7.211891               6.814244           683              YES
106    264    370        -2195.014338             0.434284             0.386546               0.398587              26.717913                  70.502891                      97.220804                         0.0                             0.0                                0.0                         0.573352                0.283239              6.782756             7.400243               7.228734               6.820456           687              YES
108    186    294        -2091.949796             0.431493             0.404341               0.413905              23.860008                  41.117948                      64.977956                         0.0                             0.0                                0.0                          0.51997                0.348696              6.370616             6.583096               6.505849               6.417694           692              YES
108    262    370        -2228.420782             0.429575             0.382904               0.395028              27.002731                  68.587419                       95.59015                         0.0                             0.0                                0.0                         0.571797                 0.26208              6.792308             7.361585               7.200071               6.830505           695              YES
108    264    372         -2228.12885             0.426792             0.379677               0.391819              26.884977                  68.888185                      95.773163                         0.0                             0.0                                0.0                         0.577811                0.258488              6.799546             7.380883               7.216933               6.837546           699              YES
108    266    374        -2227.746546             0.422989              0.37532               0.387509              26.693896                  68.944458                      95.638354                         0.0                             0.0                                0.0                          0.58161                0.254225              6.805725             7.398663               7.232434               6.843533           703              YES
108    268    376        -2227.265467             0.418524             0.370277               0.382518              26.453968                  68.838809                      95.292777                         0.0                             0.0                                0.0                         0.582745                0.248798              6.811114              7.41534               7.246945               6.848735           707              YES
108    270    378        -2226.678938             0.413694             0.364845               0.377144              26.185662                  68.628593                      94.814256                         0.0                             0.0                                0.0                         0.582196                 0.24311              6.815935             7.431242               7.260762               6.853373           711              YES
108    272    380        -2225.977318             0.408663             0.359072               0.371463               25.90002                  68.324371                      94.224391                         0.0                             0.0                                0.0                         0.581092                0.236899              6.820253              7.44659               7.274066                6.85751           715              YES
110    264    374        -2259.267038             0.425996             0.379002               0.391373              27.542221                  68.574706                      96.116926                         0.0                             0.0                                0.0                         0.571675                0.248224              6.825671             7.370626               7.214619               6.863902           719              YES
110    266    376        -2259.237318             0.420894             0.373346               0.385769              27.257579                  68.362913                      95.620491                         0.0                             0.0                                0.0                         0.575031                0.243963              6.831342             7.386835               7.228743               6.869388           723              YES
110    268    378        -2259.107894             0.415888             0.367808               0.380276              26.976507                  68.149804                      95.126311                         0.0                             0.0                                0.0                         0.574781                0.239832              6.836805             7.402853               7.242695               6.874667           727              YES
112    188    300         -2124.94027              0.44109             0.411101               0.421905              25.821098                  42.735872                       68.55697                         0.0                             0.0                                0.0                          0.50706                0.357806              6.436644             6.620462               6.552439               6.483633            63              YES
112    192    304        -2143.105335             0.419754             0.390584               0.400917               24.61189                  41.749939                      66.361829                         0.0                             0.0                                0.0                         0.495733                0.333674              6.441853             6.643016                6.56962               6.488485           732              YES
112    216    328         -2222.23712             0.434735             0.382124               0.399103               26.67747                  49.210374                      75.887843                         0.0                             0.0                                0.0                         0.638922                 0.32069              6.590156             6.874553               6.778783               6.633872           735              YES
112    264    376         -2288.87287             0.441253             0.392376               0.405499              29.357944                  71.125255                     100.483199                         0.0                             0.0                                0.0                         0.558034                0.286657              6.862064              7.37741               7.227746               6.900454           739              YES
112    266    378        -2289.212605             0.422746             0.374083               0.387055              28.081574                  68.368124                      96.449698                         0.0                             0.0                                0.0                           0.5643                0.270068              6.856571             7.379841               7.228748                6.89484           743              YES
112    268    380        -2289.475319             0.413747             0.364972               0.377878              27.502644                  67.424416                       94.92706                         0.0                             0.0                                0.0                         0.563463                0.260426              6.858922              7.39191               7.238898               6.897028           747              YES
114    266    380        -2316.383571            -0.363545            -0.322763              -0.333822             -24.744437                 -59.041672                     -83.786108                         0.0                             0.0                                0.0                         0.545798                0.268521              6.879425             7.383149               7.235715               6.917918           750              YES
114    268    382        -2318.537269             0.429835             0.378893               0.392629              29.383019                  70.155151                      99.538169                         0.0                             0.0                                0.0                          0.55523                0.292592              6.894295             7.400297               7.252987               6.932558           755              YES
114    280    394        -2319.124223             0.394141             0.344693               0.357459              27.170265                  68.282754                      95.453019                         0.0                             0.0                                0.0                         0.546438                0.258791              6.923304             7.488674               7.329575                6.96053           759              YES
114    282    396        -2318.565269             0.392267             0.342625               0.355341              27.090374                   68.71399                      95.804364                         0.0                             0.0                                0.0                         0.555552                0.256422              6.929617             7.508158                7.34628               6.966664           763              YES
114    288    402         -2314.59897             -0.34747            -0.298726              -0.310944             -24.229958                 -62.273924                     -86.503882                         0.0                             0.0                                0.0                         0.597556                0.258166              6.963223             7.574703               7.406428               6.999655           766              YES
116    190    306        -2152.163915            -0.368299            -0.343476              -0.352605              -22.70037                 -36.393807                     -59.094177                         0.0                             0.0                                0.0                         0.500527                0.310205              6.489809             6.648652               6.588888               6.536778           770              YES
116    266    382        -2344.360462            -0.368296            -0.328179              -0.339257             -25.696655                 -60.026672                     -85.723327                         0.0                             0.0                                0.0                         0.549649                0.246099              6.904873             7.382795               7.241002               6.943561           774              YES
116    268    384        -2345.197363            -0.366313            -0.325433              -0.336641             -25.617613                 -60.245612                     -85.863225                         0.0                             0.0                                0.0                         0.558187                0.243932              6.912883             7.399626               7.256032               6.951383           778              YES
116    270    386        -2345.902006             -0.36392            -0.322256                -0.3336             -25.504233                 -60.366129                     -85.870362                         0.0                             0.0                                0.0                         0.565077                0.242982              6.920207             7.415821               7.270432               6.958522           782              YES
116    272    388         -2346.48915            -0.361522            -0.319111              -0.330577             -25.387958                 -60.481764                     -85.869722                         0.0                             0.0                                0.0                         0.571063                0.242527              6.927272             7.431938               7.284723               6.965404           786              YES
116    282    398        -2348.778014             0.402315             0.352345               0.365399              28.553159                  70.722378                      99.275537                         0.0                             0.0                                0.0                         0.546227                0.275772               6.96402             7.511291                7.35599               7.001238           791              YES
116    284    400         -2348.38259             0.403232             0.353569               0.366442              28.692571                  71.899576                     100.592148                         0.0                             0.0                                0.0                         0.556023                0.273011              6.973055              7.53376               7.375545               7.010082           795              YES
118    190    308        -2160.352343            -0.372546            -0.347786              -0.357018             -23.543503                 -36.970421                     -60.513924                         0.0                             0.0                                0.0                         0.506255                0.290206              6.515527             6.659463                6.60469               6.562557           798              YES
118    266    384        -2370.948727            -0.375022            -0.335292              -0.346459              -26.84172                 -61.386779                     -88.228499                         0.0                             0.0                                0.0                         0.553021                0.230993              6.933952             7.386348               7.250335               6.972802           802              YES
118    268    386        -2372.081684            -0.374092            -0.333735                 -0.345             -26.849082                 -61.859364                     -88.708447                         0.0                             0.0                                0.0                         0.566415                0.230129              6.943517             7.404221               7.266485               6.982173           806              YES
118    270    388        -2373.074648            -0.372446            -0.331389              -0.342771             -26.796393                 -62.164446                     -88.960839                         0.0                             0.0                                0.0                          0.58007                0.229564              6.952016             7.421044               7.281599               6.990484           810              YES
118    272    390        -2373.951133            -0.370467            -0.328717              -0.340211             -26.714299                 -62.394313                     -89.108612                         0.0                             0.0                                0.0                         0.589805                0.229355              6.959873             7.437415               7.296226               6.998158           814              YES
120    190    310        -2166.731934            -0.380348            -0.353762              -0.363815             -24.698173                  -37.77871                     -62.476884                         0.0                             0.0                                0.0                         0.520398                 0.27548              6.549319             6.674764               6.626486               6.596344           818              YES
120    216    336        -2286.610706             -0.42161            -0.395403              -0.404381              -29.27367                 -52.681805                     -81.955475                         0.0                             0.0                                0.0                         0.538376                 0.29273               6.77232             6.992439                6.91463               6.815962           822              YES
120    240    360        -2360.056839             0.498604             0.434052               0.454393               35.69781                  67.543734                     103.241544                         0.0                             0.0                                0.0                          0.50165                 0.26735              6.876975             7.169041               7.073026               6.918279            82              YES
120    264    384        -2394.508786            -0.387974            -0.346593               -0.35852             -28.497262                 -62.865646                     -91.362908                         0.0                             0.0                                0.0                         0.549056                0.211848              6.965539             7.379723               7.252832               7.004663           826              YES
120    266    386        -2396.298454            -0.388632            -0.346628              -0.358653             -28.642225                 -63.684821                     -92.327046                         0.0                             0.0                                0.0                         0.556853                0.211731              6.977317             7.399299               7.270737               7.016238           830              YES
120    268    388        -2397.845072              -0.3894            -0.346833              -0.358939               -28.8001                 -64.546564                     -93.346664                         0.0                             0.0                                0.0                         0.569924                0.211609              6.989618             7.419144               7.289005               7.028333           834              YES
120    270    390        -2399.194418            -0.389824            -0.346686              -0.358873             -28.929422                 -65.341351                     -94.270773                         0.0                             0.0                                0.0                         0.585057                0.211801              7.001478             7.438562                7.30686               7.039991           838              YES
120    272    392        -2400.389638              -0.3897            -0.345961              -0.358235             -29.010522                 -66.017564                     -95.028086                         0.0                             0.0                                0.0                         0.599753                0.211926                7.0124              7.45722               7.323921               7.050715           842              YES
