Z      N      A      Binding_Energy_(MeV)    beta2_total    beta3_total    fileID    Convergence    
12     2      14     8.561464                0.787333       3.432048       4245      YES            
14     2      16     19.643775               0.654544       -4.678944      5742      YES            
16     4      20     -17.635083              0.657357       2.42102        7227      YES            
18     6      24     -65.317335              0.928459       3.971676       8955      YES            
20     8      28     -109.725806             1.056322       6.42739        10905     YES            
36     38     74     -629.632162             0.410058       -0.003226      12765     YES            
36     62     98     -804.499649             0.360551       -0.000512      13664     YES            
36     64     100    -810.816069             0.356063       -0.000131      13739     YES            
38     36     74     -607.627011             0.414134       0.001187       15315     YES            
38     38     76     -636.472109             0.425375       -0.000292      15390     YES            
38     60     98     -825.987088             0.368325       -0.000439      16215     YES            
38     62     100    -835.375839             0.382003       -0.001582      16290     YES            
38     64     102    -843.439554             0.383313       -0.000223      16365     YES            
38     66     104    -850.433691             0.372761       0.000921       16453     YES            
38     68     106    -856.707824             0.351707       0.000135       16568     YES            
40     62     102    -861.785731             0.376754       -0.000564      1215      YES            
40     64     104    -871.583767             0.382343       0.00034        1290      YES            
40     66     106    -880.124028             0.372596       -3.1e-05       1363      YES            
56     62     118    -972.673915             0.360704       0.000112       390       YES            
56     64     120    -995.253337             0.353192       -0.000103      465       YES            
58     60     118    -950.027227             0.364073       -4.7e-05       3540      YES            
58     62     120    -975.691724             0.380798       -0.00012       3615      YES            
58     64     122    -999.706787             0.378221       0.001006       3690      YES            
58     66     124    -1022.166343            0.352488       4.9e-05        3765      YES            
60     58     118    -919.135826             0.361461       -8.8e-05       7065      YES            
60     60     120    -949.032891             0.381402       -0.000544      7140      YES            
60     62     122    -976.356958             0.391374       0.035494       7245      YES            
60     64     124    -1001.791056            0.386374       -0.000681      7290      YES            
60     66     126    -1025.58035             0.370221       0.000807       7365      YES            
60     68     128    -1048.505761            0.350276       0.000245       7440      YES            
62     60     122    -944.876135             0.390835       -0.000563      10665     YES            
62     62     124    -973.898241             0.396116       -0.000469      10740     YES            
62     64     126    -1000.903791            0.390104       -0.000895      10815     YES            
62     66     128    -1026.261634            0.374949       -0.001346      10890     YES            
62     68     130    -1050.747               0.358948       0.001335       10980     YES            
62     70     132    -1074.154431            0.351696       0.000447       11055     YES            
64     62     126    -968.615692             0.393986       0.00059        15        YES            
64     64     128    -997.34121              0.385733       -0.001929      90        YES            
64     66     130    -1024.555357            0.369958       2.6e-05        165       YES            
64     68     132    -1050.882135            0.355111       0.000663       240       YES            
66     66     132    -1020.884828            0.360437       -0.000483      3840      YES            
104    134    238    -1736.103523            0.372937       -1.3e-05       10438     YES            
106    194    300    -2106.576697            0.362787       0.000294       2040      YES            
106    238    344    -2187.611739            0.369913       0.000113       3690      YES            
106    240    346    -2188.711144            0.371569       6.8e-05        3764      YES            
106    242    348    -2189.687935            0.374097       -6.4e-05       3839      YES            
106    244    350    -2190.538995            0.376804       -9.9e-05       3944      YES            
108    188    296    -2100.40052             0.399384       -0.000377      6390      YES            
108    190    298    -2108.351298            0.391795       0.000353       6463      YES            
108    192    300    -2116.049305            0.383434       -1.4e-05       6538      YES            
108    194    302    -2123.496601            0.375119       -4.2e-05       6612      YES            
108    196    304    -2130.475352            0.366828       1.2e-05        6687      YES            
108    198    306    -2137.026466            0.354683       5e-05          6762      YES            
108    238    346    -2215.892923            0.378913       0.00188        8280      YES            
108    240    348    -2217.504618            0.379876       0.000326       8340      YES            
108    242    350    -2218.987783            0.404045       0.173818       8473      YES            
108    244    352    -2220.35398             0.404732       0.174226       8548      YES            
108    246    354    -2221.566398            0.40522        0.173993       8623      YES            
108    248    356    -2222.586747            0.405611       0.173242       8698      YES            
108    250    358    -2223.314193            0.38485        0.000403       8729      YES            
108    252    360    -2223.711204            0.385243       0.000486       8804      YES            
110    186    296    -2104.861716            0.411715       -0.000146      1440      YES            
110    188    298    -2113.698604            0.404851       0.000318       1513      YES            
110    190    300    -2122.251912            0.397861       0.000199       1588      YES            
110    192    302    -2130.540193            0.390485       2.3e-05        1663      YES            
110    194    304    -2138.551826            0.382114       -3.1e-05       1737      YES            
110    196    306    -2146.150327            0.374744       5.7e-05        1812      YES            
110    198    308    -2153.27292             0.36688        0.023393       1902      YES            
110    200    310    -2160.078499            0.371167       0.130634       2006      YES            
110    244    354    -2247.716331            0.412367       0.179277       3673      YES            
110    246    356    -2249.41644             0.410782       0.179946       3748      YES            
110    248    358    -2250.935298            0.410097       0.179981       3823      YES            
110    250    360    -2252.188135            0.409652       0.178614       3898      YES            
110    252    362    -2253.072294            0.388089       0.032431       3930      YES            
112    188    300    -2125.083802            0.411954       0.001422       6403      YES            
112    190    302    -2134.271754            0.403658       -4.2e-05       6463      YES            
112    192    304    -2143.202065            0.396381       2.6e-05        6538      YES            
112    194    306    -2151.790507            0.394821       0.085697       6645      YES            
112    196    308    -2160.016768            0.381162       4.5e-05        6687      YES            
112    198    310    -2167.794328            0.374023       -6e-06         6762      YES            
112    200    312    -2175.162754            0.381964       0.137577       6881      YES            
112    202    314    -2182.100598            0.35268        0.000134       6915      YES            
112    248    360    -2277.596032            0.419567       0.18149        8698      YES            
112    250    362    -2279.305667            0.397515       0.065958       8745      YES            
114    188    302    -2134.982598            0.42687        5.4e-05        11415     YES            
114    190    304    -2144.675194            0.414843       3.4e-05        11490     YES            
114    192    306    -2154.182243            0.405923       -0.000483      11565     YES            
114    194    308    -2163.382802            0.39858        -0.0           11637     YES            
114    196    310    -2172.146306            0.391644       -3.6e-05       11712     YES            
114    198    312    -2180.488102            0.383914       4.6e-05        11787     YES            
114    200    314    -2188.426694            0.376433       2.4e-05        11862     YES            
114    272    386    -2313.237506            0.350293       -8e-06         14562     YES            
116    186    302    -2135.216785            0.61385        -0.000142      1065      YES            
116    192    308    -2163.847669            0.420139       -0.000355      1290      YES            
116    194    310    -2173.56568             0.445632       0.234885       1425      YES            
116    266    382    -2342.130852            0.545971       0.282714       4125      YES            
118    198    316    -2199.755531            -0.370947      4.6e-05        6751      YES            
118    200    318    -2210.66362             0.424948       0.189271       6900      YES            
118    262    380    -2367.045192            0.563374       0.266279       9225      YES            
118    264    382    -2368.54422             0.556549       0.273428       9285      YES            
118    266    384    -2369.897467            0.554512       0.277302       9375      YES            
118    268    386    -2371.087624            0.554929       0.278619       9450      YES            
118    270    388    -2372.11107             0.556846       0.277017       9525      YES            
118    272    390    -2372.963363            0.560716       0.272961       9600      YES            
118    274    392    -2373.633167            0.567901       0.267318       9660      YES            
120    166    286    -2003.872887            -0.377432      0.118599       10681     YES            
120    198    318    -2209.088913            -0.377274      -5.5e-05       11851     YES            
120    200    320    -2219.856132            0.436421       0.183519       12000     YES            
120    202    322    -2228.391287            -0.38144       5.7e-05        12001     YES            
120    226    346    -2324.034719            0.661437       0.242792       12975     YES            
120    260    380    -2390.434509            0.567887       0.264978       14250     YES            
120    262    382    -2392.578773            0.560758       0.271252       14310     YES            
120    264    384    -2394.589593            0.557828       0.274589       14400     YES            
120    266    386    -2396.434845            0.557134       0.275903       14460     YES            
120    268    388    -2398.11337             0.557866       0.27532        14550     YES            
120    270    390    -2399.616545            0.559685       0.272674       14625     YES            
120    272    392    -2400.932922            0.562738       0.268209       14700     YES            
120    274    394    -2402.046474            0.567548       0.263266       14775     YES            
