Z      N      A      E_oct(MeV)          BE_gs(MeV)          BE_control(MeV)     beta3_gs       beta2_gs       beta2_control  delta_beta2    
4      6      10     -0.008694           -71.633333          -71.624639          -0.273508      0.287928       0.001439       0.286489       
6      4      10     -0.003656           -67.280093          -67.276437          -0.035779      0.082679       0.00072        0.081959       
18     12     30     -0.007777           -215.226238         -215.218461         0.122472       0.212347       0.001153       0.211194       
24     18     42     -0.001757           -321.711078         -321.709321         -0.033103      0.102586       0.000141       0.102445       
54     72     126    0.004584            -1063.490727        -1063.495311        0.017776       0.153686       0.150123       0.003563       
56     66     122    0.007771            -1014.260033        -1014.267804        0.023749       0.258471       0.257628       0.000843       
64     90     154    -0.001305           -1265.41519         -1265.413885        0.038329       0.280239       0.277623       0.002616       
66     90     156    -0.000984           -1276.609517        -1276.608533        0.012444       0.271759       0.271494       0.000265       
68     154    222    -0.000614           -1524.427334        -1524.42672         0.079623       0.298432       0.291357       0.007075       
70     88     158    -0.001282           -1274.620145        -1274.618863        0.034239       0.181495       0.175605       0.00589        
70     148    218    -0.006161           -1555.899224        -1555.893063        0.070556       0.27625        0.2676         0.00865        
72     90     162    -2.3e-05            -1298.508774        -1298.508751        0.021109       0.192787       0.190919       0.001868       
74     88     162    -0.002724           -1282.154571        -1282.151847        0.020572       0.131097       0.124776       0.006321       
76     90     166    -0.000173           -1304.36411         -1304.363937        0.012998       0.133205       0.131554       0.001651       
78     140    218    -0.008635           -1652.289568        -1652.280933        0.01449        0.104688       0.101294       0.003394       
78     160    238    0.039622            -1698.711729        -1698.751351        0.018729       -0.148335      -0.151819      0.003484       
84     162    246    -0.000801           -1785.124832        -1785.124031        0.010405       -0.095895      -0.098184      0.002289       
86     158    244    0.049484            -1796.835813        -1796.885297        0.013799       0.172123       0.170637       0.001486       
86     200    286    -0.005242           -1857.447889        -1857.442647        0.026933       0.125007       0.118164       0.006843       
86     202    288    -0.006788           -1856.550022        -1856.543234        0.031104       0.137766       0.130197       0.007569       
88     112    200    -0.005471           -1528.948441        -1528.94297         -0.026658      0.172521       0.169561       0.00296        
88     132    220    -0.273617           -1694.919986        -1694.646369        0.061186       0.111295       0.103614       0.007681       
88     134    222    -0.451957           -1707.087132        -1706.635175        0.08298        0.137665       0.132226       0.005439       
88     136    224    -0.419634           -1718.624929        -1718.205295        0.090439       0.15538        0.152998       0.002382       
88     138    226    -0.263382           -1729.65018         -1729.386798        0.085477       0.170522       0.170466       5.6e-05        
88     140    228    -0.083027           -1740.261821        -1740.178794        0.05696        0.184674       0.185291       -0.000617      
88     154    242    0.04459             -1803.288269        -1803.332859        0.013287       0.213331       0.212328       0.001003       
88     162    250    0.059297            -1830.594553        -1830.65385         0.014626       0.178923       0.177661       0.001262       
88     170    258    -0.005433           -1853.347429        -1853.341996        0.012766       0.119954       0.117966       0.001988       
88     194    282    -0.062205           -1890.231389        -1890.169184        0.023603       0.096081       0.089357       0.006724       
88     196    284    -0.065466           -1890.750611        -1890.685145        0.062135       0.125328       0.11639        0.008938       
88     198    286    -0.088223           -1891.042426        -1890.954203        0.075261       0.142914       0.133881       0.009033       
88     200    288    -0.057001           -1891.094113        -1891.037112        0.073964       0.156355       0.148191       0.008164       
88     202    290    -0.021628           -1890.962263        -1890.940635        0.059867       0.167186       0.160104       0.007082       
90     132    222    -0.589858           -1702.191143        -1701.601285        0.093178       0.134611       0.128023       0.006588       
90     134    224    -0.718998           -1715.483865        -1714.764867        0.112493       0.158518       0.1573         0.001218       
90     136    226    -0.538711           -1728.147396        -1727.608685        0.121505       0.177581       0.181883       -0.004302      
90     138    228    -0.172881           -1740.269788        -1740.096907        0.109933       0.195954       0.202292       -0.006338      
90     156    246    0.052836            -1828.993129        -1829.045965        0.018438       0.230397       0.229255       0.001142       
90     158    248    0.046655            -1836.618769        -1836.665424        0.035677       0.224758       0.220645       0.004113       
90     194    284    -0.485381           -1920.153997        -1919.668616        0.109124       0.13097        0.111861       0.019109       
90     196    286    -0.48786            -1921.42735         -1920.93949         0.123036       0.149374       0.138856       0.010518       
90     198    288    -0.360744           -1922.401834        -1922.04109         0.128069       0.16435        0.159093       0.005257       
90     200    290    -0.146416           -1923.151073        -1923.004657        0.113118       0.174566       0.175339       -0.000773      
90     202    292    -0.004195           -1923.733015        -1923.72882         0.068053       0.186422       0.187917       -0.001495      
92     120    212    0.035296            -1606.35934         -1606.394636        0.012881       -0.10402       -0.108595      0.004575       
92     130    222    -0.308065           -1692.697026        -1692.388961        0.069393       0.104049       0.090855       0.013194       
92     132    224    -0.564263           -1707.583417        -1707.019154        0.105769       0.149193       0.150151       -0.000958      
92     134    226    -0.52675            -1721.946971        -1721.420221        0.124289       0.176331       0.184325       -0.007994      
92     136    228    -0.152397           -1735.753243        -1735.600846        0.118657       0.200605       0.211526       -0.010921      
92     160    252    0.049069            -1861.973027        -1862.022096        0.040079       0.238341       0.233984       0.004357       
92     162    254    0.024916            -1869.509885        -1869.534801        0.059105       0.232816       0.222282       0.010534       
92     164    256    0.032428            -1876.704812        -1876.73724         0.050434       0.218142       0.209451       0.008691       
92     166    258    0.025065            -1883.598782        -1883.623847        0.050848       0.205446       0.195308       0.010138       
92     170    262    0.019426            -1896.53197         -1896.551396        0.013443       0.159326       0.158258       0.001068       
92     192    284    -0.521005           -1946.10192         -1945.580915        0.107996       0.112686       0.0            0.112686       
92     194    286    -0.676182           -1948.281865        -1947.605683        0.133532       0.142078       0.134416       0.007662       
92     196    288    -0.500756           -1950.227228        -1949.726472        0.145238       0.163718       0.167748       -0.00403       
92     198    290    -0.153594           -1951.943621        -1951.790027        0.131853       0.180941       0.188765       -0.007824      
94     120    214    0.024323            -1605.197844        -1605.222167        0.019516       -0.117692      -0.124329      0.006637       
94     130    224    -0.268619           -1695.53196         -1695.263341        0.076787       0.111247       0.10887        0.002377       
94     132    226    -0.268127           -1711.28613         -1711.018003        0.102665       0.168745       0.181037       -0.012292      
94     144    238    0.011976            -1797.151912        -1797.163888        0.018739       0.271259       0.270479       0.00078        
94     160    254    0.034988            -1878.732646        -1878.767634        0.045852       0.265956       0.261723       0.004233       
94     162    256    0.044044            -1886.827465        -1886.871509        0.051297       0.259548       0.253868       0.00568        
94     168    262    0.003638            -1908.984832        -1908.98847         0.055366       0.221182       0.210583       0.010599       
94     170    264    0.016382            -1915.789603        -1915.805985        0.067434       0.203003       0.184186       0.018817       
94     192    286    -0.721177           -1971.933752        -1971.212575        0.119434       0.11035        0.002244       0.108106       
94     194    288    -0.480413           -1974.64053         -1974.160117        0.144675       0.148427       0.178596       -0.030169      
96     130    226    -0.115837           -1696.824681        -1696.708844        0.091993       0.119772       0.135418       -0.015646      
96     158    254    0.050427            -1884.813606        -1884.864033        0.022836       0.28298        0.282306       0.000674       
96     164    260    0.011318            -1911.225224        -1911.236542        0.056106       0.287392       0.282255       0.005137       
96     166    262    0.038148            -1919.182611        -1919.220759        0.066432       0.290088       0.282707       0.007381       
96     192    288    -0.828262           -1996.218565        -1995.390303        0.121346       0.098194       0.080833       0.017361       
96     220    316    -0.001099           -2024.169724        -2024.168625        0.073952       0.276646       0.265907       0.010739       
96     238    334    -0.002825           -2014.202559        -2014.199734        0.102762       0.298639       0.280959       0.01768        
98     160    258    0.022005            -1907.700945        -1907.72295         0.061904       0.29799        0.291898       0.006092       
98     162    260    0.034778            -1917.19846         -1917.233238        0.120153       0.316346       0.294138       0.022208       
98     188    286    -0.043636           -2011.219425        -2011.175789        0.029795       0.00447        3.8e-05        0.004432       
98     190    288    -0.41278            -2015.163671        -2014.750891        0.076607       0.029189       -8e-05         0.029269       
98     192    290    -0.104794           -2019.004362        -2018.899568        0.119323       0.08126        0.278094       -0.196834      
98     218    316    -0.009623           -2055.551974        -2055.542351        0.096789       0.285984       0.268501       0.017483       
98     236    334    -0.015979           -2052.15398         -2052.138001        0.117407       0.313378       0.292874       0.020504       
98     246    344    -0.009707           -2043.558322        -2043.548615        0.01806        0.311819       0.311319       0.0005         
100    158    258    0.017941            -1908.707148        -1908.725089        0.031659       0.294454       0.293104       0.00135        
100    162    262    0.038752            -1929.656224        -1929.694976        0.116201       0.317746       0.297577       0.020169       
100    188    288    -0.226872           -2031.325499        -2031.098627        0.059223       0.017878       -0.000202      0.01808        
100    190    290    -0.210524           -2035.879967        -2035.669443        0.08765        0.032311       0.315435       -0.283124      
100    216    316    -0.001858           -2083.616489        -2083.614631        0.108977       0.288422       0.2656         0.022822       
100    228    328    -0.020556           -2088.163165        -2088.142609        0.122685       0.303856       0.278699       0.025157       
100    230    330    -0.012605           -2088.036952        -2088.024347        0.107531       0.301959       0.28306        0.018899       
100    232    332    -0.030879           -2087.708358        -2087.677479        0.108122       0.305388       0.28685        0.018538       
100    234    334    -0.027064           -2087.17862         -2087.151556        0.105605       0.308249       0.290247       0.018002       
100    236    336    -0.016749           -2086.463313        -2086.446564        0.102558       0.311373       0.294794       0.016579       
100    238    338    -0.018601           -2085.540876        -2085.522275        0.096253       0.313841       0.299512       0.014329       
100    240    340    -0.011433           -2084.448476        -2084.437043        0.084193       0.315201       0.30429        0.010911       
100    242    342    -0.014974           -2083.172336        -2083.157362        0.060113       0.314559       0.308994       0.005565       
100    244    344    -0.007105           -2081.730946        -2081.723841        0.128634       0.334046       0.31325        0.020796       
100    260    360    -0.019919           -2067.428889        -2067.40897         0.025264       0.002906       0.000781       0.002125       
100    262    362    -0.083835           -2064.228594        -2064.144759        0.043966       0.006483       0.001143       0.00534        
100    264    364    -0.152655           -2060.657692        -2060.505037        0.067378       0.032298       -0.000319      0.032617       
102    154    256    0.012536            -1893.154717        -1893.167253        0.032732       0.292082       0.290529       0.001553       
102    156    258    0.024681            -1905.806085        -1905.830766        0.096646       0.304535       0.289178       0.015357       
102    174    276    0.023065            -1997.377917        -1997.400982        0.129508       0.342175       0.321496       0.020679       
102    188    290    -0.205001           -2049.818288        -2049.613287        0.055906       0.007231       0.000204       0.007027       
102    230    332    -0.01205            -2119.355714        -2119.343664        0.090961       0.287869       0.272298       0.015571       
102    232    334    -0.019257           -2119.519701        -2119.500444        0.090923       0.291406       0.276329       0.015077       
102    234    336    -0.033755           -2119.473614        -2119.439859        0.091575       0.295801       0.280932       0.014869       
102    238    340    -0.005857           -2118.744294        -2118.738437        0.086291       0.303966       0.29156        0.012406       
102    242    344    -0.009552           -2117.280738        -2117.271186        0.128627       0.325985       0.303098       0.022887       
102    244    346    -0.006032           -2116.293071        -2116.287039        0.130842       0.331625       0.308922       0.022703       
102    260    362    -0.040043           -2104.556221        -2104.516178        0.033686       0.003565       0.001865       0.0017         
102    262    364    -0.11125            -2101.785615        -2101.674365        0.050957       0.006122       0.001422       0.0047         
102    264    366    -0.138436           -2098.55774         -2098.419304        0.064286       0.011716       0.001564       0.010152       
104    148    252    0.02884             -1854.675995        -1854.704835        0.017627       0.288209       0.287891       0.000318       
104    154    258    0.032762            -1898.93406         -1898.966822        0.089415       0.297557       0.28357        0.013987       
104    172    276    0.030095            -2001.090832        -2001.120927        0.117422       0.310668       0.391507       -0.080839      
104    176    280    0.364455            -2019.346995        -2019.71145         0.122287       0.324872       0.397732       -0.07286       
104    180    284    0.014549            -2036.736345        -2036.750894        0.013261       0.390885       0.391641       -0.000756      
104    192    296    -0.00753            -2080.204499        -2080.196969        0.127653       0.345145       0.326752       0.018393       
104    198    302    -0.022489           -2097.978729        -2097.95624         0.132164       0.318241       0.290931       0.02731        
104    230    334    -0.003129           -2149.234109        -2149.23098         0.080738       0.272243       0.257889       0.014354       
104    232    336    -0.018564           -2149.888142        -2149.869578        0.079937       0.274268       0.260191       0.014077       
104    234    338    -0.010794           -2150.286262        -2150.275468        0.085976       0.27926        0.264592       0.014668       
104    250    354    -0.001259           -2147.129713        -2147.128454        0.183705       0.398146       0.369953       0.028193       
104    262    366    -0.056109           -2137.993143        -2137.937034        0.040732       0.002951       0.001977       0.000974       
104    264    368    -0.138507           -2135.242108        -2135.103601        0.05716        0.004382       0.323634       -0.319252      
106    144    250    0.039865            -1821.643573        -1821.683438        0.015383       0.283371       0.283429       -5.8e-05       
106    150    256    0.022363            -1872.391652        -1872.414015        0.077659       0.290828       0.280111       0.010717       
106    166    272    0.005359            -1980.463255        -1980.468614        0.020394       0.257528       0.256503       0.001025       
106    176    282    -0.020056           -2031.552258        -2031.532202        0.113027       0.298578       0.275635       0.022943       
106    200    306    -0.022867           -2122.685906        -2122.663039        0.133436       0.31399        0.284939       0.029051       
106    202    308    -0.02132            -2128.450092        -2128.428772        0.131119       0.305177       0.274923       0.030254       
106    230    336    -0.009961           -2177.504276        -2177.494315        0.076852       0.258764       0.245653       0.013111       
106    236    342    -0.001005           -2180.160868        -2180.159863        0.065723       0.258046       0.248887       0.009159       
106    238    344    -0.007071           -2180.557446        -2180.550375        0.064176       0.260505       0.252948       0.007557       
106    242    348    -0.009823           -2180.767502        -2180.757679        0.126767       0.292559       0.262125       0.030434       
108    148    256    0.027789            -1855.672153        -1855.699942        0.063512       0.284069       0.276501       0.007568       
108    194    302    -0.000431           -2120.053811        -2120.05338         0.149294       0.373054       0.351282       0.021772       
108    198    306    -0.035022           -2133.713583        -2133.678561        0.142171       0.349088       0.324865       0.024223       
108    200    308    -0.019595           -2140.137937        -2140.118342        0.137997       0.333073       0.30672        0.026353       
108    202    310    -0.030503           -2146.375477        -2146.344974        0.133939       0.316631       0.287788       0.028843       
108    244    352    -0.006161           -2210.32022         -2210.314059        0.04547        0.242936       0.238309       0.004627       
108    248    356    -0.003374           -2210.906833        -2210.903459        0.147987       0.390664       0.372876       0.017788       
108    252    360    -0.01474            -2210.725986        -2210.711246        0.173898       0.397488       0.373019       0.024469       
110    156    266    0.035033            -1921.465522        -1921.500555        0.070124       0.269268       0.258587       0.010681       
110    164    274    0.02849             -1979.969324        -1979.997814        0.053966       0.246156       0.238558       0.007598       
110    174    284    0.024034            -2040.200006        -2040.22404         0.136283       0.499875       0.493637       0.006238       
110    190    300    0.03726             -2118.247529        -2118.284789        0.041989       0.379152       0.377578       0.001574       
110    196    306    0.028049            -2142.069           -2142.097049        0.07068        0.364801       0.359909       0.004892       
110    204    314    -0.005055           -2169.181977        -2169.176922        0.133808       0.325674       0.228461       0.097213       
110    232    342    -0.004963           -2230.620008        -2230.615045        0.014966       0.218645       0.217959       0.000686       
112    162    274    0.033258            -1968.107098        -1968.140356        0.048448       0.239278       0.232755       0.006523       
112    190    302    0.029448            -2129.984583        -2130.014031        0.052294       0.403321       0.401156       0.002165       
114    192    306    -0.012172           -2149.479754        -2149.467582        0.029412       0.096243       0.068545       0.027698       
114    198    312    0.015798            -2175.923247        -2175.939045        0.154332       0.432312       0.416498       0.015814       
114    200    314    -0.001107           -2183.858005        -2183.856898        0.12109        0.426861       0.416961       0.0099         
114    208    322    -0.001384           -2213.216714        -2213.21533         0.017456       0.197716       0.19654        0.001176       
114    220    334    -0.001097           -2250.329214        -2250.328117        0.020439       0.20759        0.206124       0.001466       
114    244    358    -0.011438           -2291.441653        -2291.430215        0.037221       0.159241       0.150042       0.009199       
116    212    328    -0.002166           -2241.513633        -2241.511467        0.023558       0.196151       0.194126       0.002025       
116    214    330    -0.000675           -2248.385008        -2248.384333        0.013241       0.197887       0.197261       0.000626       
116    228    344    -0.004431           -2288.524175        -2288.519744        0.038934       0.191132       0.184173       0.006959       
116    240    356    -0.007328           -2310.884822        -2310.877494        0.038234       0.160661       0.150715       0.009946       
118    218    336    -0.002038           -2276.275563        -2276.273525        0.023942       0.196705       0.194598       0.002107       
118    236    354    -0.000908           -2324.783055        -2324.782147        0.019377       0.151172       0.148356       0.002816       
118    238    356    -0.016236           -2328.689696        -2328.67346         0.037442       0.151777       0.140344       0.011433       
118    240    358    -0.002184           -2332.281706        -2332.279522        0.03897        0.145638       0.13184        0.013798       
120    166    286    0.018333            -1996.142548        -1996.160881        0.018996       0.498353       0.498542       -0.000189      
120    168    288    0.018001            -2012.888565        -2012.906566        0.019079       0.496441       0.496349       9.2e-05        
120    232    352    -0.006286           -2332.88782         -2332.881534        0.027169       0.153842       0.149638       0.004204       
120    280    400    -0.00602            -2383.000995        -2382.994975        0.018401       0.077684       0.062786       0.014898       
120    294    414    -0.013109           -2377.649241        -2377.636132        0.053963       0.215426       0.204733       0.010693       
120    298    418    -0.003394           -2374.910247        -2374.906853        0.064186       0.219827       0.205548       0.014279       
106    190    296    -1.486227           -2090.152179        -2088.665952        2.5e-05        0.355345       -9e-06         0.355354       
106    244    350    -0.195721           -2180.781889        -2180.586168        0.004384       0.365934       0.268611       0.097323       
106    264    370    -0.451686           -2170.997646        -2170.54596         4.7e-05        0.357111       0.003635       0.353476       
112    198    310    -1.254483           -2163.345752        -2162.091269        0.000245       0.375793       0.166161       0.209632       
120    284    404    -0.297816           -2381.934595        -2381.636779        -1.6e-05       -0.363477      0.094171       -0.457648      
120    286    406    -0.263077           -2381.325769        -2381.062692        1.8e-05        -0.363506      0.182776       -0.546282      
