Z      N      A      E_oct(MeV)          BE_gs(MeV)          BE_control(MeV)     beta3_gs       beta2_gs       beta2_control  delta_beta2    
4      20     24     -0.029975           -50.930417          -50.900442          0.494758       0.450852       -0.0           0.450852       
10     36     46     -0.035918           -198.455934         -198.420016         0.225351       0.388905       0.097122       0.291783       
12     12     24     0.007014            -196.849431         -196.856445         0.028049       0.305582       0.3039         0.001682       
16     28     44     -5.6e-05            -354.323675         -354.323619         0.01257        -0.142175      -0.143411      0.001236       
22     14     36     -0.001459           -245.538518         -245.537059         -0.035117      0.101362       -0.006943      0.108305       
32     46     78     0.008717            -677.272148         -677.280865         0.020768       0.163722       0.160975       0.002747       
34     48     82     -0.000311           -713.254568         -713.254257         0.023715       0.133361       0.127619       0.005742       
34     62     96     -2.2e-05            -772.377838         -772.377816         0.011844       -0.229378      -0.229848      0.00047        
34     66     100    -0.016323           -780.924713         -780.90839          0.014152       -0.222936      -0.223749      0.000813       
36     48     84     -0.000312           -732.792848         -732.792536         0.012995       0.084816       0.080047       0.004769       
36     54     90     0.003532            -771.413084         -771.416616         0.014197       0.133641       0.132151       0.00149        
36     60     96     -0.000169           -797.798897         -797.798728         0.018075       -0.246319      -0.247327      0.001008       
40     34     74     -0.001206           -576.616654         -576.615448         0.011758       -0.190224      -0.190941      0.000717       
40     70     110    0.00798             -894.881821         -894.889801         0.02038        0.382001       0.381876       0.000125       
42     64     106    -0.000102           -895.386041         -895.385939         0.015176       -0.206992      -0.208009      0.001017       
44     34     78     -0.009718           -566.208171         -566.198453         -0.030086      0.143373       0.136176       0.007197       
44     68     112    -0.010253           -941.881715         -941.871462         -0.03831       -0.207505      -0.213949      0.006444       
52     62     114    -0.000337           -958.3848           -958.384463         0.057702       0.264667       0.257214       0.007453       
52     92     144    -0.005581           -1151.922259        -1151.916678        0.04499        0.182283       0.172087       0.010196       
52     94     146    -8.1e-05            -1156.455435        -1156.455354        0.015151       0.220746       0.220054       0.000692       
54     88     142    -0.106399           -1165.571865        -1165.465466        0.097954       0.175077       0.165264       0.009813       
54     90     144    -0.097774           -1172.397278        -1172.299504        0.102058       0.191124       0.185969       0.005155       
54     92     146    -0.021007           -1178.55296         -1178.531953        0.075889       0.211508       0.207097       0.004411       
54     94     148    -0.000237           -1184.655512        -1184.655275        0.029113       0.234767       0.232539       0.002228       
56     54     110    -0.013643           -867.654226         -867.640583         0.011442       0.20655        0.205222       0.001328       
56     56     112    -0.080477           -895.222825         -895.142348         0.044629       0.2274         0.224964       0.002436       
56     58     114    -0.007505           -920.608161         -920.600656         -0.01739       0.24719        0.247034       0.000156       
56     86     142    -0.152701           -1176.809304        -1176.656603        0.100529       0.161519       0.149395       0.012124       
56     88     144    -0.504639           -1186.76425         -1186.259611        0.149614       0.194021       0.18127        0.012751       
56     90     146    -0.483392           -1195.25137         -1194.767978        0.125048       0.207134       0.205777       0.001357       
56     92     148    -0.310569           -1202.986268        -1202.675699        0.104241       0.232476       0.238539       -0.006063      
56     136    192    -0.188641           -1263.448775        -1263.260134        0.079642       0.166098       0.160838       0.00526        
56     138    194    -0.292232           -1260.44142         -1260.149188        0.093377       0.18302        0.176823       0.006197       
58     56     114    -0.018372           -890.737254         -890.718882         0.018853       0.257002       0.256179       0.000823       
58     66     124    0.010929            -1018.441364        -1018.452293        0.103525       0.364029       0.353788       0.010241       
58     84     142    -0.001947           -1181.966922        -1181.964975        0.028627       0.110491       0.096318       0.014173       
58     86     144    -0.271387           -1193.542059        -1193.270672        0.121008       0.164687       0.154065       0.010622       
58     88     146    -0.5496             -1204.827816        -1204.278216        0.161313       0.201136       0.193456       0.00768        
58     90     148    -0.142132           -1214.774321        -1214.632189        0.12892        0.2237         0.240941       -0.017241      
58     132    190    -0.005396           -1309.842354        -1309.836958        0.012252       0.108904       0.108513       0.000391       
58     134    192    -0.384826           -1308.19284         -1307.808014        0.103717       0.148798       0.140675       0.008123       
58     136    194    -0.619054           -1306.29081         -1305.671756        0.124938       0.171051       0.1625         0.008551       
58     138    196    -0.756113           -1304.099635        -1303.343522        0.131883       0.189325       0.183755       0.00557        
60     68     128    0.002435            -1044.734104        -1044.736539        0.078041       0.366107       0.36063        0.005477       
60     86     146    -0.236929           -1208.009687        -1207.772758        0.121647       0.160009       0.155293       0.004716       
60     88     148    -0.353468           -1220.550007        -1220.196539        0.148356       0.208102       0.207055       0.001047       
60     132    192    -0.324481           -1349.209941        -1348.88546         0.091184       0.108016       0.095047       0.012969       
60     134    194    -0.716957           -1348.054542        -1347.337585        0.128099       0.141968       0.133313       0.008655       
60     136    196    -1.032273           -1346.824631        -1345.792358        0.144664       0.167205       0.163482       0.003723       
60     138    198    -0.502372           -1345.395593        -1344.893221        0.149208       0.190655       0.239776       -0.049121      
62     86     148    -0.078828           -1220.516067        -1220.437239        0.106502       0.153224       0.157826       -0.004602      
62     88     150    -0.026721           -1234.464971        -1234.43825         0.076039       0.224619       0.220431       0.004188       
62     132    194    -0.619116           -1386.54397         -1385.924854        0.111331       0.095964       0.073352       0.022612       
62     134    196    -1.046523           -1385.93055         -1384.884027        0.142422       0.131929       0.130776       0.001153       
62     136    198    -1.276636           -1385.355532        -1384.078896        0.15608        0.162287       0.175615       -0.013328      
64     130    194    -0.240247           -1421.165974        -1420.925727        0.061311       0.047713       0.0            0.047713       
64     132    196    -0.87288            -1421.697307        -1420.824427        0.117902       0.081933       0.059302       0.022631       
64     134    198    -1.02355            -1421.687327        -1420.663777        0.150917       0.123905       0.140462       -0.016557      
64     136    200    -0.812158           -1421.8678          -1421.055642        0.158217       0.162178       0.195986       -0.033808      
66     130    196    -0.27184            -1453.135784        -1452.863944        0.070596       0.049463       0.017414       0.032049       
66     132    198    -0.860786           -1454.505193        -1453.644407        0.120973       0.077318       0.082463       -0.005145      
66     134    200    -0.507266           -1455.294703        -1454.787437        0.149653       0.129339       0.150059       -0.02072       
66     136    202    -0.287862           -1456.426464        -1456.138602        0.155308       0.172374       0.192862       -0.020488      
66     168    234    -0.007372           -1445.796368        -1445.788996        0.066634       0.230205       0.219211       0.010994       
66     170    236    -0.024935           -1442.650499        -1442.625564        0.053332       0.206949       0.200585       0.006364       
68     130    198    -0.068391           -1483.095887        -1483.027496        0.041622       0.046195       0.041426       0.004769       
68     132    200    -0.182835           -1485.184964        -1485.002129        0.107877       0.081127       0.110833       -0.029706      
68     134    202    -0.051629           -1487.168015        -1487.116386        0.092829       0.148669       0.15206        -0.003391      
68     162    230    -0.012489           -1497.80557         -1497.793081        0.08268        0.271649       0.265234       0.006415       
68     164    232    -0.01348            -1495.69794         -1495.68446         0.080004       0.257939       0.245306       0.012633       
68     170    238    -0.010221           -1488.526703        -1488.516482        0.064481       0.215701       0.203256       0.012445       
70     86     156    -0.00219            -1254.355925        -1254.353735        0.033036       0.157092       0.149239       0.007853       
70     164    234    -0.016652           -1537.926822        -1537.91017         0.081102       0.2515         0.237082       0.014418       
70     166    236    -0.017725           -1536.561595        -1536.54387         0.076781       0.239912       0.225621       0.014291       
70     168    238    -0.015315           -1534.882047        -1534.866732        0.071534       0.226639       0.212577       0.014062       
70     170    240    -0.016816           -1532.72961         -1532.712794        0.063639       0.208392       0.194978       0.013414       
72     86     158    -0.001629           -1258.553602        -1258.551973        0.029512       0.151979       0.145184       0.006795       
72     166    238    -0.022576           -1577.227169        -1577.204593        0.074332       0.229189       0.213815       0.015374       
72     168    240    -0.01908            -1576.339298        -1576.320218        0.06882        0.215638       0.200585       0.015053       
72     174    246    -0.010272           -1570.995208        -1570.984936        0.040118       0.153257       0.142719       0.010538       
82     140    222    -0.008111           -1681.266115        -1681.258004        0.017639       0.000281       0.0            0.000281       
84     134    218    -0.001144           -1676.441607        -1676.440463        0.026712       0.100871       0.099963       0.000908       
84     156    240    -0.006358           -1752.427361        -1752.421003        0.07499        0.256677       0.243937       0.01274        
84     160    244    -0.019208           -1762.292436        -1762.273228        0.076141       0.238823       0.222873       0.01595        
84     162    246    -0.026695           -1766.533887        -1766.507192        0.07222        0.223559       0.206627       0.016932       
84     196    280    -0.035885           -1792.416943        -1792.381058        0.056921       0.106843       0.104648       0.002195       
86     130    216    -0.043844           -1669.349401        -1669.305557        0.019396       0.077408       0.075772       0.001636       
86     132    218    -0.533476           -1679.961588        -1679.428112        0.102753       0.119574       0.108262       0.011312       
86     134    220    -0.677594           -1689.725931        -1689.048337        0.128804       0.140783       0.130026       0.010757       
86     136    222    -0.574468           -1698.942884        -1698.368416        0.144732       0.159387       0.150365       0.009022       
86     138    224    -0.275123           -1707.889471        -1707.614348        0.1279         0.177657       0.169604       0.008053       
86     140    226    -0.025916           -1716.693578        -1716.667662        0.049943       0.188167       0.186191       0.001976       
86     152    238    -0.001501           -1763.076156        -1763.074655        0.050695       0.247467       0.241358       0.006109       
86     154    240    -0.005211           -1769.195832        -1769.190621        0.065463       0.249042       0.238755       0.010287       
86     156    242    -0.009518           -1775.213184        -1775.203666        0.071811       0.247535       0.234762       0.012773       
86     158    244    -0.011037           -1781.048246        -1781.037209        0.074129       0.241167       0.226425       0.014742       
86     192    278    -0.136328           -1831.180504        -1831.044176        0.073354       0.099017       0.084551       0.014466       
86     194    280    -0.367954           -1829.83274         -1829.464786        0.115438       0.12286        0.11122        0.01164        
86     196    282    -0.364614           -1828.371102        -1828.006488        0.129575       0.139933       0.131909       0.008024       
86     198    284    -0.042943           -1826.75537         -1826.712427        0.063652       0.152226       0.15134        0.000886       
88     130    218    -0.803592           -1677.896045        -1677.092453        0.102117       0.107839       0.093129       0.01471        
88     132    220    -1.59444            -1690.213072        -1688.618632        0.13944        0.140765       0.125389       0.015376       
88     134    222    -1.82366            -1701.514342        -1699.690682        0.167107       0.162781       0.150794       0.011987       
88     136    224    -1.669555           -1712.1923          -1710.522745        0.188186       0.182669       0.174897       0.007772       
88     138    226    -1.18922            -1722.409969        -1721.220749        0.193085       0.202211       0.194097       0.008114       
88     140    228    -0.433573           -1731.981704        -1731.548131        0.156114       0.217252       0.20828        0.008972       
88     142    230    -0.018996           -1741.451073        -1741.432077        0.029485       0.220841       0.22045        0.000391       
88     152    240    -0.000723           -1782.970076        -1782.969353        0.026579       0.242953       0.241246       0.001707       
88     154    242    -0.00315            -1789.745987        -1789.742837        0.060947       0.246215       0.237083       0.009132       
88     156    244    -0.01237            -1796.457856        -1796.445486        0.069637       0.244201       0.231834       0.012367       
88     192    280    -1.01774            -1863.472072        -1862.454332        0.125167       0.117135       0.096342       0.020793       
88     194    282    -1.506621           -1863.297989        -1861.791368        0.146803       0.137353       0.122476       0.014877       
88     196    284    -1.57675            -1862.881214        -1861.304464        0.156194       0.153367       0.145824       0.007543       
88     198    286    -0.901611           -1861.979355        -1861.077744        0.113798       0.170031       0.166258       0.003773       
88     200    288    -0.194958           -1860.998745        -1860.803787        0.065196       0.182497       0.181784       0.000713       
90     118    208    -0.002259           -1585.340726        -1585.338467        0.023009       0.137964       0.132949       0.005015       
90     130    220    -1.256995           -1684.430084        -1683.173089        0.123882       0.117031       0.101865       0.015166       
90     132    222    -1.9245             -1697.921235        -1695.996735        0.159588       0.151707       0.14032        0.011387       
90     134    224    -1.859357           -1710.552411        -1708.693054        0.187741       0.1753         0.173871       0.001429       
90     136    226    -1.191097           -1722.580741        -1721.389644        0.209532       0.196797       0.20219        -0.005393      
90     138    228    -0.636241           -1734.132901        -1733.49666         0.196802       0.212481       0.219419       -0.006938      
90     154    244    -6.8e-05            -1808.636883        -1808.636815        0.045583       0.24753        0.242584       0.004946       
90     156    246    -0.011122           -1816.035335        -1816.024213        0.066429       0.247189       0.236299       0.01089        
90     158    248    -0.015559           -1823.305835        -1823.290276        0.072485       0.241861       0.227829       0.014032       
90     160    250    -0.02258            -1830.330206        -1830.307626        0.073519       0.233181       0.217071       0.01611        
90     190    280    -0.239275           -1893.18            -1892.940725        0.110371       0.089774       -0.0           0.089774       
90     192    282    -1.661327           -1893.784035        -1892.122708        0.143148       0.12226        0.099578       0.022682       
90     194    284    -2.108034           -1894.419253        -1892.311219        0.115378       0.147863       0.132098       0.015765       
90     196    286    -1.913813           -1894.871499        -1892.957686        0.122813       0.167038       0.160857       0.006181       
90     198    288    -1.064605           -1894.849988        -1893.785383        0.126601       0.179857       0.181405       -0.001548      
90     224    314    -0.004709           -1877.047526        -1877.042817        0.107173       0.242921       0.211464       0.031457       
92     130    222    -1.473401           -1689.207741        -1687.73434         0.136064       0.117578       0.107369       0.010209       
92     132    224    -1.853622           -1703.691872        -1701.83825         0.171916       0.156579       0.154154       0.002425       
92     134    226    -1.468669           -1717.630061        -1716.161392        0.201118       0.184949       0.192921       -0.007972      
92     136    228    -0.598345           -1731.032594        -1730.434249        0.222874       0.210331       0.221115       -0.010784      
92     138    230    -0.149602           -1743.959286        -1743.809684        0.192902       0.226388       0.237229       -0.010841      
92     156    248    -0.001773           -1833.926224        -1833.924451        0.04767        0.250741       0.245426       0.005315       
92     158    250    -0.006406           -1841.768944        -1841.762538        0.068481       0.248448       0.236789       0.011659       
92     160    252    -0.017352           -1849.365976        -1849.348624        0.074037       0.241419       0.226406       0.015013       
92     162    254    -0.027141           -1856.388878        -1856.361737        0.074119       0.231292       0.214299       0.016993       
92     190    282    -0.670208           -1921.257022        -1920.586814        0.126297       0.087923       -0.0           0.087923       
92     192    284    -2.02802            -1922.2996          -1920.27158         0.15397        0.120642       0.101165       0.019477       
92     194    286    -2.243337           -1923.60978         -1921.366443        0.120985       0.150004       0.142376       0.007628       
92     196    288    -1.670448           -1924.848038        -1923.17759         0.18255        0.163826       0.173619       -0.009793      
92     198    290    -0.807342           -1925.714468        -1924.907126        0.132425       0.185739       0.192505       -0.006766      
94     130    224    -1.568739           -1692.484703        -1690.915964        0.143035       0.111          0.111525       -0.000525      
94     132    226    -1.369811           -1707.634622        -1706.264811        0.178952       0.156364       0.16532        -0.008956      
94     134    228    -0.856254           -1722.668686        -1721.812432        0.207459       0.194444       0.204436       -0.009992      
94     136    230    -0.402424           -1737.487124        -1737.0847          0.221843       0.226477       0.229755       -0.003278      
94     138    232    -0.437014           -1751.95128         -1751.514266        0.133842       0.24183        0.244089       -0.002259      
94     140    234    -0.091442           -1765.359557        -1765.268115        0.059904       0.254925       0.255024       -9.9e-05       
94     158    252    -0.000207           -1858.661283        -1858.661076        0.038688       0.251334       0.247814       0.00352        
94     160    254    -0.006006           -1866.80196         -1866.795954        0.069762       0.249285       0.237034       0.012251       
94     162    256    -0.017693           -1874.369633        -1874.35194         0.074872       0.239952       0.224134       0.015818       
94     190    284    -1.939035           -1947.954368        -1946.015333        0.137535       0.082701       -0.00026       0.082961       
94     192    286    -2.421806           -1949.387128        -1946.965322        0.112855       0.120336       0.104519       0.015817       
94     194    288    -2.167513           -1951.12048         -1948.952967        0.125075       0.146784       0.149664       -0.00288       
94     196    290    -1.247948           -1952.887019        -1951.639071        0.136224       0.168332       0.182511       -0.014179      
94     198    292    -0.303839           -1954.450422        -1954.146583        0.134085       0.189107       0.200205       -0.011098      
96     128    224    -0.464082           -1678.81793         -1678.353848        0.091349       0.046457       -0.000318      0.046775       
96     130    226    -1.581771           -1694.37227         -1692.790499        0.150442       0.101771       0.114721       -0.01295       
96     132    228    -0.845004           -1710.050022        -1709.205018        0.183221       0.151885       0.173073       -0.021188      
96     134    230    -0.321363           -1726.056816        -1725.735453        0.205019       0.201107       0.215303       -0.014196      
96     136    232    -0.014622           -1741.967449        -1741.952827        0.054799       0.236148       0.237081       -0.000933      
96     162    258    -0.009204           -1890.956754        -1890.94755         0.072338       0.246907       0.233269       0.013638       
96     164    260    -0.023645           -1898.137628        -1898.113983        0.074241       0.232468       0.215564       0.016904       
96     174    270    -0.000327           -1934.323599        -1934.323272        0.036277       -0.103484      -0.122395      0.018911       
96     186    282    -0.165443           -1968.271279        -1968.105836        0.050558       0.015549       0.00024        0.015309       
96     188    284    -1.606319           -1970.510719        -1968.9044          0.09773        0.052495       0.000527       0.051968       
96     190    286    -2.939699           -1973.081283        -1970.141584        0.12214        0.076412       0.071859       0.004553       
96     192    288    -2.673446           -1974.95768         -1972.284234        0.167114       0.103691       0.109872       -0.006181      
96     194    290    -2.056146           -1977.040532        -1974.984386        0.184668       0.135388       0.15168        -0.016292      
96     196    292    -1.118548           -1979.338373        -1978.219825        0.140068       0.165995       0.188138       -0.022143      
96     198    294    -0.206094           -1981.554738        -1981.348644        0.13416        0.189742       0.2069         -0.017158      
98     126    224    -0.102678           -1662.947199        -1662.844521        0.042441       0.005846       0.0            0.005846       
98     128    226    -0.971662           -1678.757281        -1677.785619        0.103297       0.042663       -0.000341      0.043004       
98     130    228    -1.503748           -1694.865706        -1693.361958        0.157203       0.093613       0.116601       -0.022988      
98     132    230    -0.550181           -1711.193251        -1710.64307         0.187782       0.146353       0.175843       -0.02949       
98     162    260    -0.00289            -1906.127202        -1906.124312        0.061966       0.250047       0.240592       0.009455       
98     184    282    -0.141923           -1986.993019        -1986.851096        0.049211       0.013944       0.000208       0.013736       
98     186    284    -0.877232           -1989.966878        -1989.089646        0.083736       0.027329       0.000315       0.027014       
98     188    286    -2.488514           -1993.007349        -1990.518835        0.11124        0.053396       0.000776       0.05262        
98     190    288    -3.291337           -1996.257285        -1992.965948        0.131571       0.073964       0.084375       -0.010411      
98     192    290    -2.694317           -1998.808824        -1996.114507        0.144941       0.097315       0.116856       -0.019541      
98     194    292    -1.948445           -2001.471438        -1999.522993        0.192221       0.134647       0.150884       -0.016237      
98     196    294    -1.267284           -2004.4755          -2003.208216        0.143586       0.165458       0.191462       -0.026004      
98     198    296    -0.356734           -2007.324242        -2006.967508        0.141703       0.184967       0.215916       -0.030949      
98     262    360    -0.141346           -1981.800127        -1981.658781        0.048113       0.04329        0.033813       0.009477       
100    126    226    -0.33581            -1660.367384        -1660.031574        0.065061       0.009179       0.0            0.009179       
100    128    228    -1.177847           -1677.037567        -1675.85972         0.105944       0.033891       0.0            0.033891       
100    130    230    -1.227054           -1693.817454        -1692.5904          0.159413       0.08679        0.117181       -0.030391      
100    132    232    -0.361341           -1710.976848        -1710.615507        0.193983       0.144915       0.332268       -0.187353      
100    162    262    -0.000152           -1919.845699        -1919.845547        0.018287       0.246156       0.245344       0.000812       
100    168    268    -0.023784           -1943.981933        -1943.958149        0.069781       0.213414       0.194645       0.018769       
100    182    282    -0.302288           -1999.225779        -1998.923491        0.05226        0.017064       0.001448       0.015616       
100    184    284    -0.440109           -2006.300049        -2005.85994         0.07099        0.007229       0.00024        0.006989       
100    186    286    -1.283386           -2010.01986         -2008.736474        0.103746       0.025844       0.000368       0.025476       
100    188    288    -2.787203           -2013.576512        -2010.789309        0.123889       0.04431        0.00106        0.04325        
100    190    290    -3.226589           -2017.522835        -2014.296246        0.1404         0.073039       0.091779       -0.01874       
100    192    292    -2.518038           -2020.878718        -2018.36068         0.154849       0.096319       0.122235       -0.025916      
100    194    294    -1.659311           -2024.258975        -2022.599664        0.140908       0.144665       0.310179       -0.165514      
100    196    296    -1.17291            -2027.980222        -2026.807312        0.142671       0.16596        0.194747       -0.028787      
100    198    298    -0.257699           -2031.436294        -2031.178595        0.124197       0.187045       0.231468       -0.044423      
100    258    358    -0.068459           -2030.615932        -2030.547473        0.041829       0.003605       0.000374       0.003231       
100    260    360    -0.209677           -2025.923521        -2025.713844        0.06727        0.018855       0.016161       0.002694       
100    262    362    -0.764476           -2020.983769        -2020.219293        0.096209       0.036602       0.030136       0.006466       
100    264    364    -1.925432           -2016.592349        -2014.666917        0.118752       0.061577       0.048705       0.012872       
102    128    230    -0.906313           -1673.510059        -1672.603746        0.098477       0.020829       0.0            0.020829       
102    130    232    -0.176082           -1691.112686        -1690.936604        0.167039       0.090417       0.486316       -0.395899      
102    136    238    -0.025265           -1746.57201         -1746.546745        0.119253       0.355545       0.338854       0.016691       
102    182    284    -0.299419           -2016.388774        -2016.089355        0.055096       0.013468       0.002024       0.011444       
102    184    286    -0.475987           -2024.045511        -2023.569524        0.075006       0.003895       0.000253       0.003642       
102    186    288    -1.209087           -2028.291848        -2027.082761        0.098359       0.019808       0.000388       0.01942        
102    188    290    -2.528343           -2032.291405        -2029.763062        0.126361       0.038878       0.001394       0.037484       
102    190    292    -2.935534           -2037.056971        -2034.121437        0.147816       0.074391       0.324406       -0.250015      
102    192    294    -1.477825           -2041.218057        -2039.740232        0.161599       0.094737       0.320984       -0.226247      
102    194    296    -0.157077           -2045.116922        -2044.959845        0.151753       0.137482       0.321641       -0.184159      
102    256    358    -0.022966           -2069.216986        -2069.19402         0.02693        0.001797       0.000846       0.000951       
102    258    360    -0.132753           -2067.719037        -2067.586284        0.052442       0.003925       0.000542       0.003383       
102    260    362    -0.514495           -2063.453275        -2062.93878         0.076335       0.018642       0.011226       0.007416       
102    262    364    -1.114284           -2058.792416        -2057.678132        0.101892       0.034934       0.025386       0.009548       
102    264    366    -2.207975           -2054.859049        -2052.651074        0.126004       0.058961       0.053209       0.005752       
104    136    240    -0.024258           -1745.978572        -1745.954314        0.135504       0.387313       0.371326       0.015987       
104    166    270    -0.001471           -1961.364562        -1961.363091        0.066314       0.238471       0.225987       0.012484       
104    170    274    -0.030119           -1979.463292        -1979.433173        0.067499       0.207896       0.189171       0.018725       
104    182    286    -0.123796           -2032.15613         -2032.032334        0.045536       0.005669       -0.024011      0.02968        
104    184    288    -0.286615           -2040.295668        -2040.009053        0.066949       -0.000601      0.000261       -0.000862      
104    186    290    -0.854994           -2045.012667        -2044.157673        0.093832       0.00536        0.000386       0.004974       
104    188    292    -1.961975           -2049.460758        -2047.498783        0.119889       0.039513       0.394758       -0.355245      
104    190    294    -1.269162           -2054.920352        -2053.65119         0.150521       0.072725       0.369615       -0.29689       
104    258    362    -0.085973           -2103.556715        -2103.470742        0.046248       0.001008       0.000602       0.000406       
104    260    364    -0.412977           -2099.550542        -2099.137565        0.075799       0.007941       0.000664       0.007277       
104    262    366    -1.149215           -2095.231946        -2094.082731        0.102511       0.032528       0.01719        0.015338       
104    264    368    -2.248448           -2091.791156        -2089.542708        0.130001       0.058548       0.054989       0.003559       
106    184    290    -0.075824           -2055.268271        -2055.192447        0.046859       0.005478       0.000264       0.005214       
106    186    292    -0.456035           -2060.437509        -2059.981474        0.081189       -0.000606      0.000364       -0.00097       
106    188    294    -0.416247           -2065.299228        -2064.882981        0.114636       0.033977       0.393493       -0.359516      
106    190    296    0.001904            -2071.703195        -2071.705099        0.086346       0.385408       0.379897       0.005511       
106    192    298    0.002653            -2078.334567        -2078.33722         0.055013       0.368798       0.367034       0.001764       
106    258    364    -0.005747           -2138.217326        -2138.211579        0.026331       -0.000311      0.000583       -0.000894      
106    260    366    -0.247506           -2134.535337        -2134.287831        0.064938       0.014094       0.001682       0.012412       
106    262    368    -0.918292           -2130.466767        -2129.548475        0.100159       0.030202       0.004466       0.025736       
106    264    370    -2.122595           -2127.422123        -2125.299528        0.130291       0.055871       0.053328       0.002543       
108    186    294    -0.100214           -2074.680442        -2074.580228        0.056654       0.005804       0.000314       0.00549        
108    188    296    0.01944             -2080.247687        -2080.267127        0.120201       0.409824       0.399769       0.010055       
108    190    298    0.014505            -2087.646203        -2087.660708        0.089019       0.394207       0.388456       0.005751       
108    192    300    0.014425            -2094.881848        -2094.896273        0.059011       0.381723       0.379403       0.00232        
108    194    302    0.01367             -2101.84531         -2101.85898         0.040069       0.370031       0.369461       0.00057        
108    260    368    -0.029016           -2168.337666        -2168.30865         0.042206       -0.000167      0.001683       -0.00185       
108    262    370    -0.551346           -2164.537658        -2163.986312        0.094462       0.028142       0.004766       0.023376       
108    264    372    -0.587755           -2161.85241         -2161.264655        0.12831        0.052783       0.384183       -0.3314        
108    266    374    -0.293936           -2159.021835        -2158.727899        0.144642       0.062812       0.378632       -0.31582       
110    188    298    0.022586            -2093.974954        -2093.99754         0.134241       0.419681       0.407968       0.011713       
110    190    300    0.018467            -2102.036919        -2102.055386        0.108027       0.404618       0.396325       0.008293       
110    194    304    0.020002            -2117.63108         -2117.651082        0.040661       0.381858       0.380971       0.000887       
110    196    306    0.013233            -2124.803646        -2124.816879        0.010084       0.368153       0.368836       -0.000683      
110    262    372    -0.096772           -2197.562585        -2197.465813        0.013574       0.387359       0.388312       -0.000953      
112    162    274    0.025236            -1964.491029        -1964.516265        0.041205       0.23355        0.228618       0.004932       
112    188    300    0.032632            -2106.087626        -2106.120258        0.140216       0.428315       0.416163       0.012152       
112    190    302    0.025118            -2114.844379        -2114.869497        0.109987       0.411575       0.403333       0.008242       
112    192    304    0.030409            -2123.506812        -2123.537221        0.072031       0.399306       0.395688       0.003618       
112    274    386    -0.002347           -2219.377714        -2219.375367        0.088033       0.358883       0.352047       0.006836       
112    276    388    -0.000363           -2217.39212         -2217.391757        0.066316       0.35169        0.347667       0.004023       
112    284    396    -0.026962           -2206.572103        -2206.545141        0.095149       0.23825        0.214352       0.023898       
112    286    398    -0.03572            -2204.221647        -2204.185927        0.09531        0.241094       0.21792        0.023174       
114    160    274    0.021683            -1949.008245        -1949.029928        0.037384       0.225017       0.220648       0.004369       
114    162    276    -0.000202           -1965.524131        -1965.523929        0.031726       0.220432       0.217117       0.003315       
114    190    304    0.03563             -2126.007565        -2126.043195        0.122599       0.424479       0.414875       0.009604       
114    192    306    0.03005             -2135.186895        -2135.216945        0.097994       0.412857       0.406378       0.006479       
114    272    386    -0.001118           -2253.447492        -2253.446374        0.076812       0.367445       0.362527       0.004918       
114    274    388    -0.000524           -2252.116593        -2252.116069        0.051681       0.359079       0.356757       0.002322       
114    284    398    -0.034024           -2240.882087        -2240.848063        0.096391       0.245963       0.222638       0.023325       
114    286    400    -0.033993           -2238.951233        -2238.91724         0.095543       0.245784       0.223235       0.022549       
114    288    402    -0.028997           -2236.910331        -2236.881334        0.094172       0.24602        0.224599       0.021421       
114    290    404    -0.019925           -2234.705071        -2234.685146        0.092105       0.245418       0.225105       0.020313       
114    292    406    -0.006466           -2232.255802        -2232.249336        0.089826       0.24409        0.22471        0.01938        
114    296    410    -0.003779           -2226.342038        -2226.338259        0.085813       0.240889       0.222728       0.018161       
116    160    276    0.019633            -1947.692986        -1947.712619        0.03385        0.215482       0.211578       0.003904       
116    190    306    0.034194            -2135.885075        -2135.919269        0.136813       0.441798       0.430914       0.010884       
116    192    308    0.03541             -2145.41947         -2145.45488         0.112963       0.428275       0.420307       0.007968       
116    194    310    0.033681            -2154.770601        -2154.804282        0.071387       0.415962       0.412684       0.003278       
116    284    400    0.077827            -2274.263419        -2274.341246        0.078822       0.28727        0.335336       -0.048066      
116    286    402    -0.016658           -2272.310238        -2272.29358         0.096271       0.262932       0.246966       0.015966       
116    288    404    -0.036178           -2270.585736        -2270.549558        0.092605       0.247674       0.229364       0.01831        
116    290    406    -0.030316           -2268.777605        -2268.747289        0.090279       0.245358       0.225847       0.019511       
116    292    408    -0.017638           -2266.756842        -2266.739204        0.087264       0.242862       0.22433        0.018532       
116    294    410    -0.004739           -2264.401484        -2264.396745        0.085039       0.240664       0.222761       0.017903       
116    296    412    -0.00433            -2261.681658        -2261.677328        0.082895       0.238673       0.221383       0.01729        
116    298    414    -0.01265            -2258.710966        -2258.698316        0.081129       0.236914       0.220093       0.016821       
116    300    416    -0.009956           -2255.638179        -2255.628223        0.078255       0.234409       0.218814       0.015595       
118    190    308    -0.175793           -2143.946722        -2143.770929        0.051352       0.050399       -0.04173       0.092129       
118    194    312    0.040361            -2164.213358        -2164.253719        0.088463       0.430324       0.42563        0.004694       
118    208    326    -0.000698           -2220.713739        -2220.713041        0.10163        0.265319       0.241672       0.023647       
118    210    328    -0.001281           -2228.197678        -2228.196397        0.098793       0.256922       0.231976       0.024946       
118    264    382    -0.66253            -2316.759753        -2316.097223        0.08637        0.047715       0.002631       0.045084       
118    266    384    -1.709175           -2315.79082         -2314.081645        0.115728       0.055264       -0.011744      0.067008       
118    286    404    -0.003363           -2304.82203         -2304.818667        0.082797       0.279028       0.269435       0.009593       
118    288    406    -0.005394           -2303.105496        -2303.100102        0.083517       0.263396       0.249931       0.013465       
118    290    408    -0.020586           -2301.499297        -2301.478711        0.082981       0.244223       0.228778       0.015445       
118    292    410    -0.017369           -2299.884541        -2299.867172        0.084438       0.239784       0.222464       0.01732        
118    294    412    -0.019057           -2297.965661        -2297.946604        0.081996       0.236929       0.219954       0.016975       
118    296    414    -0.014965           -2295.686527        -2295.671562        0.079757       0.234704       0.218305       0.016399       
118    298    416    -0.006814           -2293.166141        -2293.159327        0.077124       0.232657       0.217109       0.015548       
118    300    418    -0.000371           -2290.569566        -2290.569195        0.02647        0.218019       0.216031       0.001988       
120    190    310    -0.289053           -2151.396999        -2151.107946        0.064905       0.045109       -0.020336      0.065445       
120    192    312    -0.276083           -2160.715856        -2160.439773        0.0904         0.064046       -0.193631      0.257677       
120    196    316    0.048625            -2182.339089        -2182.387714        0.113151       0.476378       0.471055       0.005323       
120    198    318    0.042974            -2191.81451         -2191.857484        0.050992       0.472181       0.472119       6.2e-05        
120    210    330    0.014258            -2240.449326        -2240.463584        0.094853       0.248567       -0.394546      0.643113       
120    212    332    -0.00109            -2248.100779        -2248.099689        0.095548       0.247484       0.221904       0.02558        
120    266    386    -1.770393           -2343.468683        -2341.69829         0.113613       0.053999       -0.163684      0.217683       
120    268    388    -1.409721           -2342.701577        -2341.291856        0.129915       0.056555       -0.167327      0.223882       
120    288    408    -0.002017           -2334.678927        -2334.67691         0.067734       0.26765        0.259186       0.008464       
120    290    410    -0.002609           -2333.163454        -2333.160845        0.070911       0.251772       0.241151       0.010621       
120    292    412    -0.01551            -2331.784953        -2331.769443        0.081222       0.237241       0.221253       0.015988       
120    294    414    -0.011167           -2330.284629        -2330.273462        0.07903        0.233144       0.216711       0.016433       
120    296    416    -0.006302           -2328.446303        -2328.440001        0.076162       0.230439       0.214746       0.015693       
120    298    418    -0.000786           -2326.394251        -2326.393465        0.037275       0.217812       0.213782       0.00403        
36     64     100    -0.253265           -810.922628         -810.669363         0.001774       0.357252       -0.234818      0.59207        
38     60     98     -1.133034           -825.841467         -824.708433         0.000483       0.387452       -0.215298      0.60275        
38     62     100    -1.82327            -835.195951         -833.372681         -0.000202      0.387033       -0.220237      0.60727        
38     64     102    -1.840594           -843.328055         -841.487461         -0.001556      0.382779       -0.215458      0.598237       
40     64     104    -0.662379           -870.683775         -870.021396         0.000858       0.381989       -0.203753      0.585742       
40     66     106    -0.392585           -879.685652         -879.293067         0.001141       0.374668       -0.206659      0.581327       
102    132    234    -0.766411           -1709.939142        -1709.172731        -1.1e-05       0.353334       0.161448       0.191886       
106    194    300    -4.014321           -2084.740901        -2080.72658         2e-06          0.350328       -0.221054      0.571382       
108    196    304    -4.877189           -2108.521076        -2103.643887        0.000457       0.353571       -0.227551      0.581122       
108    268    376    -2.70283            -2156.297993        -2153.595163        0.000125       0.366279       0.102395       0.263884       
108    270    378    -2.707067           -2153.717412        -2151.010345        0.000178       0.358116       -0.298368      0.656484       
108    272    380    -2.444982           -2151.107934        -2148.662952        4e-06          0.350793       0.14443        0.206363       
110    198    308    -5.986291           -2131.663108        -2125.676817        0.001549       0.353362       -0.235343      0.588705       
110    264    374    -2.160758           -2195.578279        -2193.417521        0.001642       0.384007       -0.012217      0.396224       
110    266    376    -3.050895           -2193.473798        -2190.422903        0.001584       0.378124       0.074256       0.303868       
110    268    378    -3.562065           -2191.305307        -2187.743242        -9.8e-05       0.370537       0.09663        0.273907       
110    270    380    -3.483017           -2189.138462        -2185.655445        4.7e-05        0.361556       -0.300792      0.662348       
110    272    382    -3.484358           -2186.941687        -2183.457329        -1.7e-05       0.354613       -0.301977      0.65659        
112    196    308    -4.854718           -2139.588212        -2134.733494        -4.4e-05       0.380709       0.145898       0.234811       
112    198    310    -5.938856           -2146.809706        -2140.87085         0.003353       0.364258       -0.23614       0.600398       
112    200    312    -6.388154           -2153.668749        -2147.280595        0.001161       0.354038       -0.245308      0.599346       
112    202    314    -6.291686           -2159.846821        -2153.555135        0.002517       0.350604       -0.254216      0.60482        
112    264    376    -1.869133           -2227.853392        -2225.984259        0.000182       0.386653       -0.008711      0.395364       
112    266    378    -3.092262           -2226.209097        -2223.116835        0.000612       0.379954       0.065827       0.314127       
112    268    380    -3.521677           -2224.539775        -2221.018098        0.000835       0.371977       -0.244598      0.616575       
112    270    382    -3.777401           -2222.882963        -2219.105562        -7.8e-05       0.36348        -0.252097      0.615577       
112    272    384    -4.1072             -2221.178824        -2217.071624        0.000216       0.357168       -0.258853      0.616021       
114    194    308    -4.141543           -2144.087939        -2139.946396        0.00134        0.400038       -0.214546      0.614584       
114    196    310    -4.737123           -2152.31427         -2147.577147        0.008025       0.393447       0.129066       0.264381       
114    264    378    -1.282753           -2258.639283        -2257.35653         0.000289       0.39399        -0.005782      0.399772       
114    266    380    -2.71491            -2257.375649        -2254.660739        0.000609       0.387241       0.054093       0.333148       
114    268    382    -3.128324           -2256.064149        -2252.935825        0.001488       0.378853       -0.242009      0.620862       
114    270    384    -3.406071           -2254.748627        -2251.342556        0.000508       0.370459       -0.249911      0.62037        
116    196    312    -4.154637           -2163.518407        -2159.36377         -0.000222      0.40619        -0.221778      0.627968       
116    198    314    -4.202645           -2171.421443        -2167.218798        0.000706       0.399308       0.132745       0.266563       
116    264    380    -0.777942           -2288.210403        -2287.432461        0.004056       0.403934       -0.00397       0.407904       
116    266    382    -2.26366            -2287.290081        -2285.026421        0.000128       0.397353       0.03265        0.364703       
116    268    384    -2.905688           -2286.27893         -2283.373242        -0.000449      0.388665       -0.238732      0.627397       
116    270    386    -3.130557           -2285.264286        -2282.133729        0.000911       0.379033       -0.24918       0.628213       
116    272    388    -3.435138           -2284.312881        -2280.877743        0.000357       0.369817       -0.25742       0.627237       
118    192    310    -2.017112           -2154.598967        -2152.581855        -0.002269      0.485612       -0.122136      0.607748       
118    196    314    -3.631463           -2173.527037        -2169.895574        0.000521       0.418272       -0.214925      0.633197       
118    198    316    -3.836987           -2182.003388        -2178.166401        0.000378       0.412709       -0.222644      0.635353       
118    268    386    -2.478196           -2315.203145        -2312.724949        0.0001         0.399564       -0.168588      0.568152       
118    270    388    -2.838734           -2314.494757        -2311.656023        0.00111        0.386585       -0.173944      0.560529       
118    272    390    -3.163521           -2313.912623        -2310.749102        0.000172       0.375013       -0.259765      0.634778       
120    200    320    -3.669574           -2199.904101        -2196.234527        -3.4e-05       0.41892        -0.222063      0.640983       
120    208    328    -0.452687           -2232.79876         -2232.346073        -7.9e-05       -0.392608      0.228778       -0.621386      
120    264    384    -1.050225           -2344.208158        -2343.157933        0.000558       0.463811       0.001851       0.46196        
120    270    390    -1.753672           -2342.408898        -2340.655226        0.000212       0.393384       -0.16989       0.563274       
120    272    392    -2.378564           -2342.215582        -2339.837018        -1.2e-05       0.378757       -0.173501      0.552258       
