 Nrows 
   369 
    Z     N          Q20                 Q30           beta2       beta3
     4    20              -0.0      0.0023761706        -0.0        0.01 
    10    36           0.90084      0.0087291266    0.139946        0.01 
    12    12          0.740642      0.0023761706    0.340277        0.01 
    16    28         -0.962247      0.0079865733   -0.160981        0.01 
    22    14         -0.035355      0.0053463838   -0.008264        0.01 
    32    46          2.584393      0.0250983016    0.166511        0.01 
    34    48          2.199565      0.0277384911    0.130384        0.01 
    34    62         -5.571019      0.0380187291   -0.253937        0.01 
    34    66          -5.85752      0.0412529612   -0.249435        0.01 
    36    48          1.399679      0.0291080895    0.079703        0.01 
    36    54          2.740632      0.0334148986    0.139109        0.01 
    36    60         -5.860977      0.0380187291   -0.267153        0.01 
    40    34         -2.961252      0.0225901216   -0.208289        0.01 
    40    70         11.729017      0.0499160831    0.426105        0.01 
    42    64           -5.7676      0.0463518273   -0.222875        0.01 
    44    34          2.251729      0.0250983016    0.145078        0.01 
    44    68         -6.453387      0.0517477146    -0.22751        0.01 
    52    62          7.996344      0.0536123484    0.273711        0.01 
    52    92          7.839019      0.0855421404    0.181789        0.01 
    52    94         10.400832      0.0879348122    0.235716        0.01 
    54    88          7.230993      0.0831824711    0.171643        0.01 
    54    90          8.432119      0.0855421404    0.195543        0.01 
    54    92          9.685061      0.0879348122    0.219495        0.01 
    54    94         11.205744      0.0903604863    0.248264        0.01 
    56    54          5.977227      0.0499160831    0.217147        0.01 
    56    56          6.780537      0.0517477146    0.239043        0.01 
    56    58          7.703833      0.0536123484    0.263699        0.01 
    56    86          6.472794      0.0831824711    0.153646        0.01 
    56    88          8.143766      0.0855421404    0.188856        0.01 
    56    90          9.569872      0.0879348122    0.216884        0.01 
    56    92         11.427739      0.0903604863    0.253182        0.01 
    56   136         12.288132      0.1520749163    0.176425        0.01 
    56   138         13.864986       0.155259645    0.195656        0.01 
    58    56          8.025345      0.0536123484    0.274704        0.01 
    58    66          12.88826      0.0634305532    0.383473        0.01 
    58    84          4.068778      0.0831824711    0.096581        0.01 
    58    86          6.856226      0.0855421404    0.158998        0.01 
    58    88          8.911997      0.0879348122    0.201974        0.01 
    58    90         11.436681      0.0903604863    0.253381        0.01 
    58   132          7.926176      0.1489231901    0.115802        0.01 
    58   134         10.575922      0.1520749163    0.151842        0.01 
    58   136         12.578588       0.155259645    0.177503        0.01 
    58   138         14.620469      0.1584773759     0.20282        0.01 
    60    68         13.889774      0.0675888517    0.391972        0.01 
    60    86          7.078142      0.0879348122    0.160413        0.01 
    60    88          9.761157      0.0903604863    0.216259        0.01 
    60   132          7.046297      0.1520749163    0.101166        0.01 
    60   134         10.175888       0.155259645    0.143597        0.01 
    60   136          12.83583      0.1584773759    0.178063        0.01 
    60   138         19.325001      0.1617281093    0.263585        0.01 
    62    86          7.337688      0.0903604863    0.162567        0.01 
    62    88         10.644817      0.0928191628    0.230619        0.01 
    62   132          5.483074       0.155259645    0.077374        0.01 
    62   134         10.128161      0.1584773759    0.140501        0.01 
    62   136         13.946826      0.1617281093    0.190229        0.01 
    64   130               0.0       0.155259645         0.0        0.01 
    64   132          4.486373      0.1584773759    0.062236        0.01 
    64   134         10.983035      0.1617281093    0.149804        0.01 
    64   136         15.726217       0.165011845    0.210936        0.01 
    66   130          1.256056      0.1584773759    0.017424        0.01 
    66   132          6.345611      0.1617281093    0.086551        0.01 
    66   134         11.853617       0.165011845    0.158993        0.01 
    66   136         15.656757      0.1683285831     0.20655        0.01 
    66   168         23.856684      0.2258847146    0.246316        0.01 
    66   170         22.150515       0.229762493    0.225479        0.01 
    68   130          3.038648      0.1617281093    0.041446        0.01 
    68   132           8.59182       0.165011845    0.115242        0.01 
    68   134         12.154032      0.1683285831    0.160341        0.01 
    68   162         27.787423       0.218228165    0.295265        0.01 
    68   164         26.075171      0.2220399386    0.273101        0.01 
    68   170         22.544985      0.2336732737     0.22629        0.01 
    70    86          7.522902      0.1003932065     0.15267        0.01 
    70   164         25.265728      0.2258847146    0.260864        0.01 
    70   166         24.420133       0.229762493    0.248583        0.01 
    70   168         23.352725      0.2336732737    0.234397        0.01 
    70   170         21.716788      0.2376170568    0.214958        0.01 
    72    86          7.425276      0.1029838925    0.147523        0.01 
    72   166         23.293679      0.2336732737    0.233804        0.01 
    72   168         22.164676      0.2376170568    0.219391        0.01 
    72   174         16.289865      0.2496464203     0.15474        0.01 
    82   140               0.0      0.2033110942         0.0        0.01 
    84   134          8.723658       0.196050573    0.101356        0.01 
    84   156         26.182539      0.2376170568    0.259161        0.01 
    84   160         24.573036      0.2456036301     0.23662        0.01 
    84   162         23.034597      0.2496464203    0.218809        0.01 
    84   196         14.565487      0.3234232162    0.111508        0.01 
    86   130          6.426716       0.192469816    0.075824        0.01 
    86   132          9.494059       0.196050573    0.110306        0.01 
    86   134         11.687136      0.1996643324    0.133735        0.01 
    86   136         13.788893      0.2033110942    0.155424        0.01 
    86   138         15.861008      0.2069908584    0.176127        0.01 
    86   140         17.773662      0.2107036249    0.194464        0.01 
    86   152         25.494646      0.2336732737    0.255896        0.01 
    86   154          25.58455      0.2376170568    0.253242        0.01 
    86   156         25.499546      0.2415938423    0.248933        0.01 
    86   158         24.931853      0.2456036301    0.240075        0.01 
    86   192          11.47163      0.3188193857    0.088878        0.01 
    86   194         15.481558      0.3234232162    0.118521        0.01 
    86   196         18.700277       0.328060049    0.141474        0.01 
    86   198         21.818298      0.3327298843     0.16313        0.01 
    88   130          8.082156       0.196050573    0.093902        0.01 
    88   132         11.213917      0.1996643324     0.12832        0.01 
    88   134         13.799551      0.2033110942    0.155544        0.01 
    88   136         16.319917      0.2069908584    0.181223        0.01 
    88   138         18.468592      0.2107036249    0.202067        0.01 
    88   140         20.198834      0.2144493938    0.217777        0.01 
    88   142         21.760568       0.218228165    0.231224        0.01 
    88   152         25.796879      0.2376170568    0.255343        0.01 
    88   154         25.715109      0.2415938423    0.251038        0.01 
    88   156         25.482699      0.2456036301     0.24538        0.01 
    88   192         13.259854      0.3234232162    0.101512        0.01 
    88   194         17.233355       0.328060049    0.130376        0.01 
    88   196         20.882036      0.3327298843     0.15613        0.01 
    88   198         24.202926      0.3374327218    0.178855        0.01 
    88   200         26.873758      0.3421685618    0.196299        0.01 
    90   118         10.790166      0.1784768115    0.135571        0.01 
    90   130          9.018331      0.1996643324    0.103196        0.01 
    90   132         12.774547      0.2033110942     0.14399        0.01 
    90   134         16.139166      0.2069908584    0.179216        0.01 
    90   136         19.159183      0.2107036249    0.209623        0.01 
    90   138         21.212477      0.2144493938    0.228705        0.01 
    90   154          26.62459      0.2456036301    0.256375        0.01 
    90   156         26.279884      0.2496464203    0.249636        0.01 
    90   158         25.653928      0.2537222129    0.240424        0.01 
    90   160         24.735815      0.2578310078    0.228737        0.01 
    90   190              -0.0      0.3234232162        -0.0        0.01 
    90   192         13.855279       0.328060049     0.10482        0.01 
    90   194         18.778227      0.3327298843      0.1404        0.01 
    90   196         23.252105      0.3374327218    0.171828        0.01 
    90   198         26.651545      0.3421685618    0.194675        0.01 
    90   224         36.901407      0.4067376967    0.233383        0.01 
    92   130          9.686265      0.2033110942     0.10918        0.01 
    92   132         14.265542      0.2069908584    0.158411        0.01 
    92   134         18.226827      0.2107036249    0.199422        0.01 
    92   136         21.307751      0.2144493938    0.229732        0.01 
    92   138         23.295359       0.218228165    0.247533        0.01 
    92   156         27.603425      0.2537222129    0.258694        0.01 
    92   158         26.966072      0.2578310078     0.24936        0.01 
    92   160          26.09729      0.2619728051    0.238143        0.01 
    92   162         24.973719      0.2661476048    0.224907        0.01 
    92   190              -0.0       0.328060049        -0.0        0.01 
    92   192         14.283278      0.3327298843    0.106792        0.01 
    92   194         20.414594      0.3374327218     0.15086        0.01 
    92   196         25.376571      0.3421685618    0.185362        0.01 
    92   198         28.615745      0.3469374041    0.206626        0.01 
    94   130         10.235949      0.2069908584    0.113664        0.01 
    94   132           15.5642      0.2107036249     0.17029        0.01 
    94   134         19.720867      0.2144493938    0.212623        0.01 
    94   136         22.605931       0.218228165    0.240207        0.01 
    94   138         24.433562      0.2220399386    0.255907        0.01 
    94   140         25.942636      0.2258847146    0.267853        0.01 
    94   158         28.554946      0.2619728051    0.260569        0.01 
    94   160          27.65137      0.2661476048    0.249021        0.01 
    94   162         26.439895      0.2703554068    0.235019        0.01 
    94   190         -0.036129      0.3327298843    -0.00027        0.01 
    94   192         14.962006      0.3374327218    0.110566        0.01 
    94   194         21.689689      0.3421685618    0.158432        0.01 
    94   196         26.983776      0.3469374041    0.194842        0.01 
    94   198         30.106726      0.3517392488    0.214916        0.01 
    96   128         -0.028937      0.2069908584   -0.000321        0.01 
    96   130         10.704116      0.2107036249    0.117115        0.01 
    96   132         16.587065      0.2144493938    0.178836        0.01 
    96   134         21.146948       0.218228165    0.224704        0.01 
    96   136         23.708464      0.2220399386    0.248313        0.01 
    96   162         27.864547      0.2745962113    0.244491        0.01 
    96   164         26.071742       0.278870018    0.225835        0.01 
    96   174        -15.620846      0.3007340875    -0.12706        0.01 
    96   186          0.032136       0.328060049    0.000243        0.01 
    96   188          0.071324      0.3327298843    0.000533        0.01 
    96   190          10.13628      0.3374327218    0.074905        0.01 
    96   192         15.885442      0.3421685618    0.116035        0.01 
    96   194         22.267488      0.3469374041    0.160787        0.01 
    96   196         28.167702      0.3517392488    0.201074        0.01 
    96   198         31.455278      0.3565740959    0.222002        0.01 
    98   126               0.0      0.2069908584         0.0        0.01 
    98   128         -0.031513      0.2107036249   -0.000345        0.01 
    98   130         11.055089      0.2144493938    0.119192        0.01 
    98   132         17.137216       0.218228165    0.182097        0.01 
    98   162         29.133856       0.278870018    0.252359        0.01 
    98   184          0.029661       0.328060049    0.000224        0.01 
    98   186           0.04298      0.3327298843    0.000321        0.01 
    98   188          0.106502      0.3374327218    0.000787        0.01 
    98   190         11.999717      0.3421685618    0.087652        0.01 
    98   192         17.043935      0.3469374041    0.123069        0.01 
    98   194         22.440501      0.3517392488    0.160191        0.01 
    98   196         28.952877      0.3565740959    0.204341        0.01 
    98   198         33.108235      0.3614419453    0.231043        0.01 
    98   262          7.093332      0.5346383778    0.035721        0.01 
   100   126               0.0      0.2107036249         0.0        0.01 
   100   128               0.0      0.2144493938         0.0        0.01 
   100   130         11.279243       0.218228165    0.119851        0.01 
   100   132         33.707764      0.2220399386    0.353042        0.01 
   100   162          30.13274      0.2831768272    0.257699        0.01 
   100   168         24.676958      0.2962952689    0.203225        0.01 
   100   182          0.186198       0.328060049    0.001409        0.01 
   100   184          0.034501      0.3327298843    0.000258        0.01 
   100   186          0.050901      0.3374327218    0.000376        0.01 
   100   188          0.147366      0.3421685618    0.001076        0.01 
   100   190         13.168934      0.3469374041    0.095089        0.01 
   100   192         17.987233      0.3517392488    0.128401        0.01 
   100   194         47.372185      0.3565740959    0.334339        0.01 
   100   196         29.715442      0.3614419453    0.207367        0.01 
   100   198         35.828354      0.3663427971    0.247235        0.01 
   100   258          0.049135      0.5287144526     0.00025        0.01 
   100   260          3.115563      0.5346383778    0.015689        0.01 
   100   262          6.245503      0.5405953054    0.031162        0.01 
   100   264         10.603401      0.5465852354    0.052423        0.01 
   102   128               0.0       0.218228165         0.0        0.01 
   102   130         35.162162      0.2220399386    0.368275        0.01 
   102   136         35.938462      0.2336732737    0.360723        0.01 
   102   182          0.263104      0.3327298843    0.001967        0.01 
   102   184          0.036675      0.3374327218    0.000271        0.01 
   102   186          0.054314      0.3421685618    0.000397        0.01 
   102   188          0.195741      0.3469374041    0.001413        0.01 
   102   190         49.188358      0.3517392488    0.351129        0.01 
   102   192         49.182695      0.3565740959    0.347117        0.01 
   102   194         49.821754      0.3614419453    0.347677        0.01 
   102   256           0.17493      0.5287144526    0.000889        0.01 
   102   258          0.100229      0.5346383778    0.000505        0.01 
   102   260          2.224258      0.5405953054    0.011098        0.01 
   102   262          5.201799      0.5465852354    0.025717        0.01 
   102   264         11.590872      0.5526081677    0.056784        0.01 
   104   136         40.247471      0.2376170568    0.398379        0.01 
   104   166         29.067072      0.3007340875    0.236431        0.01 
   104   170         24.836987      0.3097107319    0.197132        0.01 
   104   182         -3.145993      0.3374327218   -0.023248        0.01 
   104   184          0.037999      0.3421685618    0.000278        0.01 
   104   186          0.054535      0.3469374041    0.000394        0.01 
   104   188          0.241856      0.3517392488    0.001726        0.01 
   104   190         13.733084      0.3565740959    0.096924        0.01 
   104   258          0.122072      0.5405953054    0.000609        0.01 
   104   260          0.117936      0.5465852354    0.000583        0.01 
   104   262          3.572562      0.5526081677    0.017502        0.01 
   104   264         12.058845      0.5586641024    0.058542        0.01 
   106   184          0.038836      0.3469374041     0.00028        0.01 
   106   186           0.05203      0.3517392488    0.000371        0.01 
   106   188        -28.715051      0.3565740959   -0.202663        0.01 
   106   190        -30.427965      0.3614419453   -0.212339        0.01 
   106   192         -32.26587      0.3663427971   -0.222652        0.01 
   106   258          0.123242      0.5465852354    0.000609        0.01 
   106   260          0.344994      0.5526081677     0.00169        0.01 
   106   262          0.935404      0.5586641024    0.004541        0.01 
   106   264         11.821078      0.5647530395    0.056872        0.01 
   108   186          0.045552      0.3565740959    0.000321        0.01 
   108   188        -28.937256      0.3614419453   -0.201936        0.01 
   108   190        -30.629845      0.3663427971   -0.211362        0.01 
   108   192        -32.393208      0.3712766512   -0.221052        0.01 
   108   194        -34.248569      0.3762435078   -0.231139        0.01 
   108   260          0.356466      0.5586641024    0.001731        0.01 
   108   262           1.02242      0.5647530395    0.004919        0.01 
   108   264         10.556728       0.570874979    0.050335        0.01 
   108   266          18.27683      0.5770299208    0.086369        0.01 
   110   188         -0.098005      0.3663427971   -0.000676        0.01 
   110   190        -30.551169      0.3712766512   -0.208482        0.01 
   110   194        -34.309476      0.3812433667   -0.229017        0.01 
   110   196        -36.289909       0.386276228   -0.239603        0.01 
   110   262          0.926458       0.570874979    0.004417        0.01 
   112   162           30.0776      0.3097107319    0.238727        0.01 
   112   188         67.212639      0.3712766512    0.458661        0.01 
   112   190        -30.150627      0.3762435078   -0.203483        0.01 
   112   192         65.082737      0.3812433667     0.43443        0.01 
   112   274          89.01319      0.6146526214    0.399072        0.01 
   112   276          88.69748      0.6210385798    0.394247        0.01 
   112   284         55.518694      0.6469124371    0.238519        0.01 
   112   286         56.964458      0.6534634074    0.242684        0.01 
   114   160         29.064973      0.3097107319     0.23069        0.01 
   114   162         28.902914      0.3142485576     0.22664        0.01 
   114   190          8.997856      0.3812433667    0.060061        0.01 
   114   192         67.674083       0.386276228    0.446817        0.01 
   114   272         91.502779      0.6146526214    0.410234        0.01 
   114   274         90.852036      0.6210385798    0.403823        0.01 
   114   284         57.863494      0.6534634074    0.246514        0.01 
   114   286         58.560575        0.66004738    0.247409        0.01 
   114   288         59.468728       0.666664355    0.249166        0.01 
   114   290         60.171579      0.6733143323    0.250034        0.01 
   114   292         60.638793      0.6799973121     0.24991        0.01 
   114   296         61.217184      0.6934622786    0.248205        0.01 
   116   160         28.180613      0.3142485576    0.220976        0.01 
   116   190          6.834032       0.386276228    0.045122        0.01 
   116   192        -20.217036      0.3913420916   -0.132041        0.01 
   116   194        -34.396117      0.3964409576   -0.222237        0.01 
   116   284         89.756179        0.66004738    0.379205        0.01 
   116   286         65.141847       0.666664355    0.272935        0.01 
   116   288          61.01682      0.6733143323    0.253546        0.01 
   116   290         60.669203      0.6799973121    0.250035        0.01 
   116   292         60.841436      0.6867132941      0.2487        0.01 
   116   294          60.98321      0.6934622786    0.247256        0.01 
   116   296         61.157039      0.7002442654    0.245958        0.01 
   116   298         61.337731      0.7070592546    0.244702        0.01 
   116   300         61.519156      0.7139072462    0.243462        0.01 
   118   190         -6.458108      0.3913420916   -0.042179        0.01 
   118   194        -21.446411       0.401572826    -0.13709        0.01 
   118   208         43.078409       0.438419971    0.255941        0.01 
   118   210         41.735622      0.4438158583    0.245448        0.01 
   118   264          0.600885      0.6019797117    0.002741        0.01 
   118   266         -2.721574      0.6082996654   -0.012308        0.01 
   118   286         71.748636      0.6733143323     0.29814        0.01 
   118   288         66.982959      0.6799973121    0.276056        0.01 
   118   290          61.77808      0.6867132941    0.252528        0.01 
   118   292         60.638296      0.6934622786    0.245857        0.01 
   118   294         60.515702      0.7002442654    0.243379        0.01 
   118   296         60.608731      0.7070592546    0.241793        0.01 
   118   298         60.813572      0.7139072462     0.24067        0.01 
   118   300         61.049208      0.7207882401    0.239679        0.01 
   120   190         -3.181704      0.3964409576   -0.020557        0.01 
   120   192          -31.6499       0.401572826   -0.202313        0.01 
   120   196         84.398243      0.4119355699    0.528159        0.01 
   120   198        -36.378957      0.4171664453   -0.225276        0.01 
   120   210          40.56061       0.449244748    0.236133        0.01 
   120   212         40.652891      0.4547066401    0.234299        0.01 
   120   266        -39.224007      0.6146526214   -0.175853        0.01 
   120   268        -40.504467      0.6210385798   -0.180036        0.01 
   120   288         69.982605      0.6867132941    0.286066        0.01 
   120   290          65.49311      0.6934622786    0.265541        0.01 
   120   292         60.554913      0.7002442654    0.243536        0.01 
   120   294         59.857699      0.7070592546    0.238797        0.01 
   120   296         59.850692      0.7139072462    0.236859        0.01 
   120   298         60.113839      0.7207882401    0.236006        0.01 
    36    64         -6.031059      0.0412529612   -0.256824        0.01 
    38    60          -5.27009       0.039619344   -0.232105        0.01 
    38    62          -5.59889      0.0412529612   -0.238421        0.01 
    38    64         -5.691501      0.0429195809   -0.234496        0.01 
    40    64         -5.528532      0.0446192029   -0.220528        0.01 
    40    66         -5.794639      0.0463518273    -0.22392        0.01 
   102   132         16.189751      0.2258847146    0.167156        0.01 
   106   194        -34.369214      0.3712766512   -0.234536        0.01 
   108   196        -36.196831      0.3812433667   -0.241615        0.01 
   108   268         23.782983       0.583217865    0.111394        0.01 
   108   270        -73.031425      0.5894388115   -0.339052        0.01 
   108   272         34.494628      0.5956927604    0.158741        0.01 
   110   198        -38.314608      0.3913420916    -0.25024        0.01 
   110   264         -2.712889      0.5770299208    -0.01282        0.01 
   110   266         17.052773       0.583217865    0.079871        0.01 
   110   268         22.522227      0.5894388115    0.104561        0.01 
   110   270        -74.079592      0.5956927604   -0.340907        0.01 
   110   272        -75.167095      0.6019797117   -0.342898        0.01 
   112   196         23.265104      0.3913420916    0.151949        0.01 
   112   198        -38.774149      0.3964409576   -0.250524        0.01 
   112   200        -40.843738       0.401572826   -0.261082        0.01 
   112   202        -42.928003      0.4067376967   -0.271499        0.01 
   112   264         -1.959716       0.583217865   -0.009179        0.01 
   112   266         15.166669      0.5894388115    0.070412        0.01 
   112   268        -58.698374      0.5956927604   -0.270124        0.01 
   112   270         -61.25023      0.6019797117   -0.279412        0.01 
   112   272        -63.679686      0.6082996654   -0.287977        0.01 
   114   194        -34.570297      0.3913420916   -0.225785        0.01 
   114   196          20.73785      0.3964409576    0.133989        0.01 
   114   264         -1.313666      0.5894388115   -0.006099        0.01 
   114   266         12.514291      0.5956927604    0.057589        0.01 
   114   268        -58.388997      0.6019797117    -0.26636        0.01 
   114   270        -61.037913      0.6082996654   -0.276031        0.01 
   116   196        -36.561792       0.401572826   -0.233711        0.01 
   116   198         21.853645      0.4067376967    0.138214        0.01 
   116   264         -0.902346      0.5956927604   -0.004153        0.01 
   116   266          7.556058      0.6019797117    0.034469        0.01 
   116   268        -57.902063      0.6082996654   -0.261849        0.01 
   116   270        -61.211398      0.6146526214   -0.274429        0.01 
   116   272        -64.008066      0.6210385798   -0.284506        0.01 
   118   192        -19.534038      0.3964409576   -0.126211        0.01 
   118   196        -35.729605      0.4067376967   -0.225972        0.01 
   118   198        -37.532211      0.4119355699   -0.234874        0.01 
   118   268        -40.560895      0.6146526214   -0.181846        0.01 
   118   270        -42.294549      0.6210385798   -0.187993        0.01 
   118   272        -64.918469      0.6274575406   -0.286091        0.01 
   120   200        -38.273632      0.4224303232   -0.234545        0.01 
   120   208          41.09621      0.4438158583    0.241688        0.01 
   120   264          0.430876      0.6082996654    0.001949        0.01 
   120   270        -41.543745      0.6274575406    -0.18308        0.01 
   120   272        -42.877132      0.6339095037   -0.187352        0.01 
