Z      N      A      Binding_Energy_(MeV)    beta2          beta3          fileID    Convergence    
4      20     24     -50.900442              -0.0           0.0            11        YES            
10     36     46     -198.420016             0.155          0.0            36        YES            
12     12     24     -196.856445             0.378          0.0            319       YES            
16     28     44     -354.276103             -0.168         0.0            321       YES            
22     14     36     -245.530714             0.013          0.0            326       YES            
32     46     78     -677.271653             0.173          0.0            331       YES            
34     48     82     -713.246562             0.136          0.0            334       YES            
34     62     96     -772.293605             -0.257         0.0            337       YES            
34     66     100    -780.792364             -0.251         0.0            341       YES            
36     48     84     -732.779369             0.085          0.0            346       YES            
36     54     90     -771.388843             0.141          0.0            350       YES            
36     60     96     -797.763578             -0.274         0.0            353       YES            
40     34     74     -576.565394             -0.212         0.0            356       YES            
40     70     110    -894.889801             0.429          0.0            61        YES            
42     64     106    -895.329531             -0.224         0.0            360       YES            
44     34     78     -566.154587             0.151          0.0            366       YES            
44     68     112    -941.829137             -0.231         0.0            368       YES            
52     62     114    -958.334046             0.277          0.0            374       YES            
52     92     144    -1151.855523            0.184          0.0            379       YES            
52     94     146    -1156.400599            0.236          0.0            383       YES            
54     88     142    -1165.412319            0.174          0.0            387       YES            
54     90     144    -1172.246423            0.196          0.0            391       YES            
54     92     146    -1178.478322            0.22           0.0            395       YES            
54     94     148    -1184.600583            0.248          0.0            399       YES            
56     54     110    -867.595127             0.218          0.0            403       YES            
56     56     112    -895.101213             0.24           0.0            406       YES            
56     58     114    -920.550724             0.264          0.0            410       YES            
56     86     142    -1176.608846            0.156          0.0            415       YES            
56     88     144    -1186.20944             0.19           0.0            419       YES            
56     90     146    -1194.715833            0.217          0.0            423       YES            
56     92     148    -1202.628753            0.253          0.0            427       YES            
56     136    192    -1263.092518            0.182          0.0            430       YES            
56     138    194    -1259.960804            0.202          0.0            434       YES            
58     56     114    -890.677041             0.275          0.0            439       YES            
58     66     124    -1018.452293            0.384          0.0            82        YES            
58     84     142    -1181.903765            0.1            0.0            443       YES            
58     86     144    -1193.214158            0.161          0.0            447       YES            
58     88     146    -1204.22281             0.203          0.0            451       YES            
58     90     148    -1214.593474            0.256          0.0            455       YES            
58     132    190    -1309.731675            0.119          0.0            458       YES            
58     134    192    -1307.677185            0.155          0.0            462       YES            
58     136    194    -1305.524967            0.181          0.0            466       YES            
58     138    196    -1303.177116            0.205          0.0            470       YES            
60     68     128    -1044.736539            0.391          0.0            103       YES            
60     86     146    -1207.704982            0.162          0.0            475       YES            
60     88     148    -1220.142517            0.218          0.0            479       YES            
60     132    192    -1348.797214            0.104          0.0            482       YES            
60     134    194    -1347.230826            0.145          0.0            486       YES            
60     136    196    -1345.664864            0.179          0.0            490       YES            
60     138    198    -1344.700704            0.264          0.0            494       YES            
62     86     148    -1220.365678            0.164          0.0            499       YES            
62     88     150    -1234.384843            0.232          0.0            503       YES            
62     132    194    -1385.835826            0.086          0.0            506       YES            
62     134    196    -1384.789196            0.141          0.0            510       YES            
62     136    198    -1383.958377            0.189          0.0            514       YES            
64     130    194    -1420.575461            -0.025         0.0            517       YES            
64     132    196    -1420.71498             0.074          0.0            522       YES            
64     134    198    -1420.563729            0.15           0.0            526       YES            
64     136    200    -1420.931399            0.211          0.0            530       YES            
66     130    196    -1452.558288            -0.028         0.0            533       YES            
66     132    198    -1453.094877            -0.048         0.0            537       YES            
66     134    200    -1454.700708            0.16           0.0            542       YES            
66     136    202    -1456.041761            0.207          0.0            547       YES            
66     168    234    -1445.531859            0.303          0.0            550       YES            
66     170    236    -1442.397614            0.293          0.0            554       YES            
68     130    198    -1482.636461            -0.036         0.0            557       YES            
68     132    200    -1483.998345            -0.061         0.0            561       YES            
68     134    202    -1485.52078             -0.121         0.0            565       YES            
68     162    230    -1497.660829            0.315          0.0            570       YES            
68     164    232    -1495.398776            0.3            0.0            574       YES            
68     170    238    -1488.275988            0.277          0.0            578       YES            
70     86     156    -1254.299325            0.155          0.0            583       YES            
70     164    234    -1537.662274            0.265          0.0            586       YES            
70     166    236    -1536.237452            0.253          0.0            590       YES            
70     168    238    -1534.499501            0.243          0.0            594       YES            
70     170    240    -1532.292456            0.234          0.0            598       YES            
72     86     158    -1258.499919            0.15           0.0            603       YES            
72     166    238    -1576.970267            0.236          0.0            606       YES            
72     168    240    -1576.027011            0.222          0.0            610       YES            
72     174    246    -1570.408171            -0.155         0.0            613       YES            
82     140    222    -1680.389375            0.19           0.0            618       YES            
84     134    218    -1665.447858            -0.345         0.0            620       YES            
84     156    240    -1752.372058            0.26           0.0            626       YES            
84     160    244    -1762.233778            0.237          0.0            630       YES            
84     162    246    -1766.469208            0.22           0.0            634       YES            
84     196    280    -1783.970041            -0.377         0.0            637       YES            
86     130    216    -1668.466818            -0.014         0.0            641       YES            
86     132    218    -1677.182538            -0.043         0.0            645       YES            
86     134    220    -1678.525389            -0.327         0.0            648       YES            
86     136    222    -1689.352982            -0.361         0.0            652       YES            
86     138    224    -1699.793729            -0.372         0.0            656       YES            
86     140    226    -1709.597816            -0.376         0.0            660       YES            
86     152    238    -1763.023903            0.256          0.0            666       YES            
86     154    240    -1769.136969            0.253          0.0            670       YES            
86     156    242    -1775.156187            0.249          0.0            674       YES            
86     158    244    -1780.990088            0.24           0.0            678       YES            
86     192    278    -1820.033215            -0.376         0.0            681       YES            
86     194    280    -1819.985704            -0.381         0.0            685       YES            
86     196    282    -1819.507994            -0.383         0.0            689       YES            
86     198    284    -1818.433399            -0.383         0.0            693       YES            
88     130    218    -1675.800826            -0.025         0.0            697       YES            
88     132    220    -1685.591123            -0.061         0.0            701       YES            
88     134    222    -1695.29939             -0.085         0.0            705       YES            
88     136    224    -1701.678896            -0.354         0.0            708       YES            
88     138    226    -1713.02352             -0.373         0.0            712       YES            
88     140    228    -1723.680811            -0.378         0.0            716       YES            
88     142    230    -1741.381113            0.231          0.0            722       YES            
88     152    240    -1782.918437            0.255          0.0            726       YES            
88     154    242    -1789.689145            0.251          0.0            730       YES            
88     156    244    -1796.396202            0.245          0.0            734       YES            
88     192    280    -1854.830329            0.49           0.0            738       YES            
88     194    282    -1855.156021            0.491          0.0            742       YES            
88     196    284    -1855.194862            0.498          0.0            746       YES            
88     198    286    -1853.016625            -0.389         0.0            749       YES            
88     200    288    -1852.022857            -0.387         0.0            753       YES            
90     118    208    -1580.955755            -0.438         0.0            756       YES            
90     130    220    -1672.364583            -0.423         0.0            760       YES            
90     132    222    -1692.420771            -0.07          0.0            764       YES            
90     134    224    -1700.447447            -0.318         0.0            768       YES            
90     136    226    -1712.626762            -0.343         0.0            772       YES            
90     138    228    -1724.661569            -0.365         0.0            776       YES            
90     154    244    -1808.586997            0.256          0.0            782       YES            
90     156    246    -1815.977479            0.249          0.0            786       YES            
90     158    248    -1823.239892            0.24           0.0            790       YES            
90     160    250    -1830.260914            0.229          0.0            794       YES            
90     190    280    -1884.962288            0.486          0.0            798       YES            
90     192    282    -1886.288481            0.483          0.0            802       YES            
90     194    284    -1887.279749            0.483          0.0            806       YES            
90     196    286    -1887.954546            0.487          0.0            810       YES            
90     198    288    -1888.3374              0.496          0.0            814       YES            
90     224    314    -1876.753994            0.235          0.0            818       YES            
92     130    222    -1679.489766            -0.479         0.0            820       YES            
92     132    224    -1695.619641            -0.314         0.0            824       YES            
92     134    226    -1709.115999            -0.326         0.0            828       YES            
92     136    228    -1722.219414            -0.34          0.0            832       YES            
92     138    230    -1734.888333            -0.352         0.0            836       YES            
92     156    248    -1833.873837            0.259          0.0            842       YES            
92     158    250    -1841.710924            0.25           0.0            846       YES            
92     160    252    -1849.302315            0.239          0.0            850       YES            
92     162    254    -1856.323136            0.226          0.0            854       YES            
92     190    282    -1913.824825            0.481          0.0            858       YES            
92     192    284    -1915.798606            0.477          0.0            862       YES            
92     194    286    -1917.449148            0.477          0.0            866       YES            
92     196    288    -1918.756888            0.48           0.0            870       YES            
92     198    290    -1919.745582            0.485          0.0            874       YES            
94     130    224    -1683.757473            -0.494         0.0            876       YES            
94     132    226    -1706.196761            0.171          0.0            882       YES            
94     134    228    -1716.08519             -0.33          0.0            884       YES            
94     136    230    -1730.089144            -0.339         0.0            888       YES            
94     138    232    -1744.322692            0.461          0.0            895       YES            
94     140    234    -1765.225518            0.268          0.0            898       YES            
94     158    252    -1858.610893            0.261          0.0            902       YES            
94     160    254    -1866.754712            0.25           0.0            906       YES            
94     162    256    -1874.315807            0.236          0.0            910       YES            
94     190    284    -1940.819123            0.478          0.0            914       YES            
94     192    286    -1943.491135            0.473          0.0            918       YES            
94     194    288    -1945.858119            0.472          0.0            922       YES            
94     196    290    -1947.857511            0.474          0.0            926       YES            
94     198    292    -1949.515147            0.478          0.0            930       YES            
96     128    224    -1669.518337            -0.499         0.0            932       YES            
96     132    228    -1700.009287            -0.46          0.0            941       YES            
96     134    230    -1721.101681            -0.331         0.0            945       YES            
96     136    232    -1736.682608            0.455          0.0            950       YES            
96     162    258    -1890.913384            0.245          0.0            954       YES            
96     164    260    -1898.063449            0.226          0.0            958       YES            
96     174    270    -1934.117954            -0.13          0.0            961       YES            
96     186    282    -1967.217821            -0.003         0.0            965       YES            
96     188    284    -1967.988124            -0.006         0.0            969       YES            
96     190    286    -1966.203517            0.474          0.0            974       YES            
96     192    288    -1969.55685             0.467          0.0            978       YES            
96     194    290    -1972.62986             0.465          0.0            982       YES            
96     196    292    -1975.29963             0.466          0.0            986       YES            
96     198    294    -1977.579905            0.469          0.0            991       YES            
98     126    224    -1654.374677            0.436          0.0            994       YES            
98     132    230    -1710.575388            0.183          0.0            1006      YES            
98     162    260    -1906.093446            0.253          0.0            1010      YES            
98     184    282    -1986.048551            -0.002         0.0            1013      YES            
98     186    284    -1988.246829            -0.003         0.0            1017      YES            
98     188    286    -1989.650227            -0.007         0.0            1021      YES            
98     190    288    -1990.095358            0.465          0.0            1026      YES            
98     192    290    -1994.074414            0.452          0.0            1031      YES            
98     194    292    -1997.78392             0.446          0.0            1035      YES            
98     196    294    -2001.053362            0.443          0.0            1039      YES            
98     198    296    -2003.876288            0.444          0.0            1043      YES            
98     262    360    -1971.072245            -0.279         0.0            1045      YES            
100    130    230    -1691.002444            0.446          0.0            1058      YES            
100    132    232    -1709.31845             0.454          0.0            1062      YES            
100    162    262    -1919.820087            0.258          0.0            1066      YES            
100    168    268    -1942.968395            0.446          0.0            1070      YES            
100    182    282    -1998.434431            -0.028         0.0            1073      YES            
100    184    284    -2005.096544            -0.002         0.0            1077      YES            
100    186    286    -2007.936239            -0.003         0.0            1081      YES            
100    188    288    -2009.96897             -0.008         0.0            1085      YES            
100    190    290    -2013.226327            0.337          0.0            1090      YES            
100    192    292    -2018.117913            0.338          0.0            1094      YES            
100    194    294    -2022.563154            0.336          0.0            1098      YES            
100    196    296    -2026.694296            0.288          0.0            1102      YES            
100    198    298    -2031.012797            0.259          0.0            1106      YES            
100    258    358    -2017.748533            -0.329         0.0            1109      YES            
100    260    360    -2014.575504            -0.333         0.0            1113      YES            
100    262    362    -2011.3408              -0.336         0.0            1117      YES            
100    264    364    -2008.025944            -0.338         0.0            1121      YES            
102    130    232    -1690.064833            0.454          0.0            1130      YES            
102    136    238    -1746.546745            0.362          0.0            120       YES            
102    182    284    -2015.722928            -0.034         0.0            1133      YES            
102    184    286    -2018.76129             -0.176         0.0            1137      YES            
102    186    288    -2023.800063            -0.189         0.0            1141      YES            
102    188    290    -2028.357443            0.451          0.0            1146      YES            
102    190    292    -2034.072062            0.353          0.0            1150      YES            
102    192    294    -2039.703688            0.348          0.0            1154      YES            
102    194    296    -2044.926124            0.348          0.0            1158      YES            
102    256    358    -2061.673978            0.479          0.0            1162      YES            
102    258    360    -2058.63991             0.49           0.0            1166      YES            
102    260    362    -2055.47274             0.5            0.0            1171      YES            
102    262    364    -2052.133103            0.5            0.0            1174      YES            
102    264    366    -2048.648837            0.497          0.0            1179      YES            
104    136    240    -1745.954314            0.4            0.0            146       YES            
104    166    270    -1958.904829            0.452          0.0            1183      YES            
104    170    274    -1978.671228            0.448          0.0            1187      YES            
104    182    286    -2029.412952            -0.159         0.0            1189      YES            
104    184    288    -2035.162631            0.471          0.0            1195      YES            
104    186    290    -2041.353679            0.456          0.0            1198      YES            
104    188    292    -2047.498783            0.433          0.0            1202      YES            
104    190    294    -2053.65119             0.403          0.0            1206      YES            
104    258    362    -2096.378142            0.451          0.0            1210      YES            
104    260    364    -2093.510573            0.455          0.0            1214      YES            
104    262    366    -2090.51348             0.459          0.0            1218      YES            
104    264    368    -2087.397166            0.464          0.0            1223      YES            
106    184    290    -2051.067429            0.467          0.0            1227      YES            
106    186    292    -2057.966819            0.449          0.0            1230      YES            
106    188    294    -2064.882981            0.431          0.0            1234      YES            
106    190    296    -2071.705099            0.415          0.0            1238      YES            
106    192    298    -2078.33722             0.4            0.0            1242      YES            
106    258    364    -2133.045841            0.439          0.0            1246      YES            
106    260    366    -2130.552944            0.441          0.0            1250      YES            
106    262    368    -2127.901249            0.442          0.0            1254      YES            
106    264    370    -2125.124915            0.44           0.0            1258      YES            
108    186    294    -2072.782965            0.456          0.0            1263      YES            
108    188    296    -2080.267127            0.439          0.0            1266      YES            
108    190    298    -2087.660708            0.425          0.0            1270      YES            
108    192    300    -2094.896273            0.415          0.0            1274      YES            
108    194    302    -2101.85898             0.403          0.0            1278      YES            
108    260    368    -2165.934941            0.44           0.0            1282      YES            
108    262    370    -2163.674927            0.44           0.0            1286      YES            
108    264    372    -2161.264655            0.438          0.0            1290      YES            
108    266    374    -2158.727899            0.432          0.0            1294      YES            
110    188    298    -2093.99754             0.448          0.0            1299      YES            
110    190    300    -2102.055386            0.435          0.0            1302      YES            
110    194    304    -2117.651082            0.417          0.0            1306      YES            
110    196    306    -2124.816879            0.402          0.0            1310      YES            
110    262    372    -2197.465813            0.441          0.0            1314      YES            
112    162    274    -1953.135212            -0.411         0.0            1317      YES            
112    188    300    -2106.120258            0.458          0.0            168       YES            
112    190    302    -2114.869497            0.443          0.0            1322      YES            
112    192    304    -2123.537221            0.434          0.0            188       YES            
112    274    386    -2219.375367            0.399          0.0            205       YES            
112    276    388    -2217.391757            0.394          0.0            226       YES            
112    284    396    -2205.702154            0.381          0.0            1326      YES            
112    286    398    -2202.231977            0.362          0.0            1330      YES            
114    160    274    -1940.471262            -0.411         0.0            1333      YES            
114    162    276    -1956.182731            -0.415         0.0            1337      YES            
114    190    304    -2126.043195            0.456          0.0            1342      YES            
114    192    306    -2135.216945            0.446          0.0            251       YES            
114    272    386    -2253.446374            0.41           0.0            268       YES            
114    274    388    -2252.116069            0.404          0.0            289       YES            
114    284    398    -2240.675413            0.38           0.0            1346      YES            
114    286    400    -2237.56303             0.371          0.0            1350      YES            
114    288    402    -2235.990668            0.261          0.0            1354      YES            
114    290    404    -2233.710531            0.257          0.0            1358      YES            
114    292    406    -2231.206641            0.254          0.0            1362      YES            
114    296    410    -2225.265656            0.252          0.0            1366      YES            
116    160    276    -1941.425249            -0.415         0.0            1369      YES            
116    190    306    -2135.919269            0.476          0.0            1374      YES            
116    192    308    -2145.45488             0.463          0.0            1378      YES            
116    194    310    -2154.804282            0.454          0.0            1382      YES            
116    284    400    -2274.20936             0.379          0.0            1386      YES            
116    286    402    -2271.517591            0.374          0.0            1391      YES            
116    288    404    -2268.71971             0.363          0.0            1395      YES            
116    290    406    -2267.952236            0.26           0.0            1398      YES            
116    292    408    -2265.831794            0.253          0.0            1402      YES            
116    294    410    -2263.431459            0.25           0.0            1406      YES            
116    296    412    -2260.702966            0.248          0.0            1410      YES            
116    298    414    -2257.73949             0.247          0.0            1414      YES            
116    300    416    -2254.680889            0.245          0.0            1418      YES            
118    190    308    -2142.887238            -0.385         0.0            1421      YES            
118    194    312    -2164.253719            0.47           0.0            1426      YES            
118    208    326    -2219.336188            -0.437         0.0            1429      YES            
118    210    328    -2226.296171            -0.44          0.0            1433      YES            
118    264    382    -2312.869474            -0.435         0.0            1437      YES            
118    266    384    -2312.512349            -0.445         0.0            1441      YES            
118    286    404    -2304.124618            0.35           0.0            1446      YES            
118    288    406    -2302.787986            0.284          0.0            1450      YES            
118    290    408    -2300.919038            0.267          0.0            1454      YES            
118    292    410    -2299.092201            0.252          0.0            1458      YES            
118    294    412    -2297.10968             0.246          0.0            1462      YES            
118    296    414    -2294.817154            0.243          0.0            1466      YES            
118    298    416    -2292.30276             0.242          0.0            1470      YES            
118    300    418    -2289.70787             0.241          0.0            1474      YES            
120    190    310    -2149.323572            -0.392         0.0            1477      YES            
120    192    312    -2160.24143             -0.398         0.0            1481      YES            
120    196    316    -2180.740006            -0.409         0.0            297       YES            
120    198    318    -2190.119847            -0.416         0.0            1485      YES            
120    210    330    -2240.463584            -0.445         0.0            1489      YES            
120    212    332    -2247.752236            -0.447         0.0            1493      YES            
120    266    386    -2341.144719            -0.453         0.0            1497      YES            
120    268    388    -2341.256252            -0.459         0.0            1501      YES            
120    288    408    -2334.462378            0.291          0.0            1506      YES            
120    290    410    -2332.802526            0.275          0.0            1510      YES            
120    292    412    -2331.131091            0.254          0.0            1514      YES            
120    294    414    -2329.538566            0.242          0.0            1518      YES            
120    296    416    -2327.683836            0.238          0.0            1522      YES            
120    298    418    -2325.628175            0.237          0.0            1526      YES            
