Z      N      A      Binding_Energy_(MeV)    beta2          beta3          fileID    Convergence    
4      4      8      -55.504782              -0.004         0.0            44        YES            
6      4      10     -64.922876              -0.007         0.0            48        YES            
14     16     30     -258.001999             -0.001         0.0            56        YES            
14     24     38     -303.042932             0.19           0.0            62        YES            
46     58     104    -892.955871             0.119          0.0            65        YES            
50     62     112    -953.63534              0.074          0.0            70        YES            
52     60     112    -941.093691             0.124          0.0            74        YES            
52     62     114    -961.203487             0.126          0.0            78        YES            
52     64     116    -980.652399             -0.136         0.0            80        YES            
52     68     120    -1017.121648            -0.117         0.0            84        YES            
56     64     120    -993.116446             0.341          0.0            89        YES            
56     88     144    -1189.685022            0.175          0.0            94        YES            
56     90     146    -1198.917699            0.2            0.0            97        YES            
56     94     150    -1215.879644            0.264          0.0            101       YES            
56     102    158    -1244.622188            0.305          0.0            105       YES            
58     92     150    -1229.213739            0.291          0.0            109       YES            
58     94     152    -1239.290066            0.317          0.0            113       YES            
58     96     154    -1248.638022            0.329          0.0            117       YES            
58     98     156    -1257.394048            0.335          0.0            121       YES            
58     100    158    -1265.470008            0.338          0.0            125       YES            
58     112    170    -1301.241736            0.281          0.0            129       YES            
58     114    172    -1305.807114            0.253          0.0            133       YES            
60     90     150    -1236.628703            0.28           0.0            138       YES            
60     92     152    -1249.014205            0.324          0.0            142       YES            
60     94     154    -1260.497112            0.342          0.0            145       YES            
60     96     156    -1271.117547            0.351          0.0            149       YES            
60     98     158    -1281.069899            0.356          0.0            153       YES            
60     100    160    -1290.302219            0.359          0.0            157       YES            
60     106    166    -1313.428609            0.373          0.0            162       YES            
60     116    176    -1341.403348            0.271          0.0            165       YES            
62     90     152    -1252.417278            0.302          0.0            170       YES            
62     96     158    -1290.697437            0.359          0.0            173       YES            
62     98     160    -1301.866861            0.364          0.0            177       YES            
62     100    162    -1312.295493            0.367          0.0            182       YES            
62     114    176    -1365.457008            0.329          0.0            185       YES            
62     118    180    -1376.232278            0.257          0.0            189       YES            
62     122    184    -1387.34683             -0.023         0.0            192       YES            
62     134    196    -1406.486491            0.183          0.0            197       YES            
64     90     154    -1265.874802            0.298          0.0            202       YES            
64     92     156    -1280.641146            0.332          0.0            206       YES            
64     94     158    -1294.578175            0.347          0.0            210       YES            
64     98     162    -1320.075953            0.359          0.0            214       YES            
66     86     152    -1244.20173             0.178          0.0            218       YES            
66     90     156    -1277.263965            0.281          0.0            222       YES            
66     92     158    -1293.042022            0.316          0.0            226       YES            
66     94     160    -1308.124922            0.335          0.0            230       YES            
68     86     154    -1251.588077            0.169          0.0            234       YES            
68     90     158    -1286.695167            0.262          0.0            238       YES            
68     96     164    -1335.099569            0.331          0.0            242       YES            
70     86     156    -1257.225993            0.157          0.0            246       YES            
70     94     164    -1329.00826             0.296          0.0            250       YES            
72     86     158    -1260.553213            -0.107         0.0            252       YES            
72     88     160    -1280.890352            0.187          0.0            258       YES            
72     132    204    -1555.633522            -0.078         0.0            260       YES            
74     86     160    -1262.92293             -0.09          0.0            264       YES            
74     88     162    -1283.927406            0.165          0.0            270       YES            
74     94     168    -1341.933238            0.235          0.0            274       YES            
76     88     164    -1285.227205            0.138          0.0            277       YES            
76     92     168    -1326.18314             0.183          0.0            282       YES            
76     94     170    -1345.757902            0.201          0.0            286       YES            
76     134    210    -1610.58417             -0.078         0.0            288       YES            
78     90     168    -1306.57306             0.13           0.0            294       YES            
78     92     170    -1327.525946            0.149          0.0            297       YES            
78     94     172    -1347.91664             0.164          0.0            302       YES            
78     96     174    -1367.753726            0.179          0.0            306       YES            
84     138    222    -1694.387027            0.443          0.0            313       YES            
86     132    218    -1686.377263            -0.018         0.0            316       YES            
86     140    226    -1727.235974            0.187          0.0            333       YES            
86     192    278    -1868.497724            -0.042         0.0            336       YES            
86     194    280    -1868.30523             -0.065         0.0            340       YES            
86     196    282    -1868.192703            -0.089         0.0            344       YES            
86     198    284    -1868.144948            -0.11          0.0            348       YES            
86     200    286    -1863.089134            0.451          0.0            353       YES            
86     202    288    -1870.078937            0.181          0.0            357       YES            
88     130    218    -1683.281891            -0.018         0.0            360       YES            
88     132    220    -1694.24254             -0.053         0.0            364       YES            
88     134    222    -1705.016229            -0.093         0.0            367       YES            
88     140    228    -1735.760328            -0.254         0.0            379       YES            
88     190    278    -1897.005141            -0.028         0.0            384       YES            
88     192    280    -1897.329103            -0.049         0.0            388       YES            
88     194    282    -1897.67795             -0.078         0.0            392       YES            
88     196    284    -1895.28318             -0.261         0.0            396       YES            
88     198    286    -1896.742768            -0.266         0.0            400       YES            
88     200    288    -1897.977293            -0.265         0.0            404       YES            
88     202    290    -1903.63714             0.209          0.0            409       YES            
88     204    292    -1904.060882            0.221          0.0            413       YES            
90     134    224    -1712.999787            -0.114         0.0            424       YES            
90     136    226    -1722.483447            0.463          0.0            429       YES            
90     138    228    -1734.884932            0.493          0.0            434       YES            
90     192    282    -1920.478237            -0.267         0.0            440       YES            
90     194    284    -1922.948227            -0.277         0.0            444       YES            
90     196    286    -1925.210085            -0.284         0.0            448       YES            
90     198    288    -1927.224374            -0.289         0.0            452       YES            
90     200    290    -1928.976793            -0.292         0.0            456       YES            
92     128    220    -1674.367698            -0.284         0.0            459       YES            
92     130    222    -1689.286755            -0.295         0.0            463       YES            
92     132    224    -1703.759235            -0.306         0.0            467       YES            
92     134    226    -1717.779641            -0.314         0.0            471       YES            
92     188    280    -1947.837989            -0.018         0.0            475       YES            
92     190    282    -1945.421146            0.492          0.0            481       YES            
92     192    284    -1948.476391            0.498          0.0            485       YES            
92     194    286    -1952.331282            -0.102         0.0            487       YES            
92     196    288    -1953.752563            -0.294         0.0            492       YES            
92     198    290    -1956.348514            -0.298         0.0            496       YES            
94     130    224    -1696.240616            -0.07          0.0            503       YES            
94     132    226    -1709.199008            -0.316         0.0            507       YES            
94     134    228    -1724.24261             0.461          0.0            513       YES            
94     188    282    -1971.718801            -0.018         0.0            515       YES            
94     190    284    -1971.110228            0.474          0.0            521       YES            
94     192    286    -1974.699025            0.477          0.0            525       YES            
94     194    288    -1977.940756            0.479          0.0            530       YES            
94     196    290    -1980.944477            0.48           0.0            534       YES            
94     242    336    -1998.885177            0.268          0.0            537       YES            
96     128    224    -1679.293994            0.464          0.0            541       YES            
96     130    226    -1696.507651            0.465          0.0            545       YES            
96     188    284    -1989.426342            -0.279         0.0            548       YES            
96     190    286    -1993.988188            -0.292         0.0            552       YES            
96     192    288    -2003.08576             0.159          0.0            557       YES            
96     194    290    -2002.517041            -0.301         0.0            560       YES            
98     128    226    -1675.496604            -0.497         0.0            563       YES            
98     186    284    -2012.563725            -0.007         0.0            568       YES            
98     188    286    -2016.37084             0.004          0.0            573       YES            
98     190    288    -2020.657808            0.119          0.0            577       YES            
98     192    290    -2025.517589            0.162          0.0            581       YES            
98     262    360    -2063.914007            0.049          0.0            585       YES            
100    128    228    -1680.657466            0.33           0.0            590       YES            
100    186    286    -2031.88951             -0.007         0.0            592       YES            
100    188    288    -2035.750089            -0.02          0.0            596       YES            
100    190    290    -2040.529103            0.352          0.0            601       YES            
100    262    362    -2095.068986            0.341          0.0            605       YES            
100    264    364    -2098.056643            0.08           0.0            609       YES            
102    128    230    -1677.84255             0.349          0.0            614       YES            
102    186    288    -2049.926756            -0.007         0.0            616       YES            
102    188    290    -2054.376274            -0.022         0.0            620       YES            
102    190    292    -2060.152506            0.372          0.0            625       YES            
102    262    364    -2131.338008            0.361          0.0            629       YES            
104    186    290    -2066.693438            -0.007         0.0            632       YES            
104    188    292    -2071.409186            -0.023         0.0            635       YES            
104    190    294    -2077.855331            0.379          0.0            641       YES            
104    262    366    -2166.224122            0.365          0.0            645       YES            
106    188    294    -2087.818675            -0.022         0.0            648       YES            
106    190    296    -2094.093784            0.391          0.0            653       YES            
108    190    298    -2108.98417             0.401          0.0            657       YES            
108    192    300    -2116.972113            0.391          0.0            661       YES            
110    166    276    -1993.035443            -0.197         0.0            664       YES            
110    190    300    -2122.784408            -0.052         0.0            667       YES            
110    192    302    -2130.904196            0.408          0.0            673       YES            
110    194    304    -2139.084471            0.4            0.0            20        YES            
110    196    306    -2146.821883            0.392          0.0            41        YES            
110    230    340    -2242.188604            0.235          0.0            677       YES            
112    192    304    -2143.279801            0.431          0.0            682       YES            
112    194    306    -2152.00479             0.423          0.0            686       YES            
114    160    274    -1953.061029            -0.203         0.0            688       YES            
114    164    278    -1981.89836             -0.357         0.0            691       YES            
114    166    280    -2003.84547             0.213          0.0            697       YES            
114    192    306    -2154.340846            0.482          0.0            702       YES            
114    194    308    -2163.650016            0.452          0.0            705       YES            
116    168    284    -2014.691586            -0.373         0.0            707       YES            
116    192    308    -2162.57117             -0.391         0.0            712       YES            
116    194    310    -2172.424845            -0.393         0.0            716       YES            
116    196    312    -2181.755971            -0.392         0.0            720       YES            
116    220    336    -2271.938867            -0.361         0.0            724       YES            
116    222    338    -2277.754446            -0.366         0.0            728       YES            
116    224    340    -2283.329346            -0.369         0.0            732       YES            
118    194    312    -2182.013487            -0.4           0.0            736       YES            
118    196    314    -2191.978624            -0.403         0.0            740       YES            
118    198    316    -2201.420228            -0.405         0.0            744       YES            
118    200    318    -2210.438133            -0.404         0.0            748       YES            
118    202    320    -2219.283637            -0.381         0.0            752       YES            
118    220    338    -2288.350384            -0.371         0.0            756       YES            
118    222    340    -2294.793633            -0.375         0.0            760       YES            
118    270    388    -2378.485075            -0.383         0.0            764       YES            
118    272    390    -2379.467737            -0.38          0.0            768       YES            
118    274    392    -2380.305881            -0.378         0.0            772       YES            
120    198    318    -2210.356796            -0.416         0.0            776       YES            
120    202    322    -2229.398865            -0.424         0.0            780       YES            
120    218    338    -2295.439638            -0.386         0.0            784       YES            
120    220    340    -2302.757133            -0.387         0.0            788       YES            
120    222    342    -2309.805748            -0.388         0.0            792       YES            
120    270    390    -2404.242275            -0.395         0.0            796       YES            
120    272    392    -2405.545778            -0.393         0.0            800       YES            
120    274    394    -2406.720037            -0.391         0.0            804       YES            
120    276    396    -2407.756445            -0.39          0.0            808       YES            
