Z      N      A      Binding_Energy_(MeV)    beta2_total    beta3_total    fileID    Convergence    
12     2      14     7.697941                -0.347216      0.0            86        YES            
12     14     26     -211.275556             -0.16352       0.0            90        YES            
16     4      20     -19.25017               -0.014837      0.0            10        YES            
24     36     60     -510.862654             0.060285       0.0            96        YES            
26     24     50     -417.550408             0.215898       0.0            99        YES            
26     34     60     -524.004962             0.132267       0.0            104       YES            
26     36     62     -537.382875             0.091325       0.0            107       YES            
46     36     82     -596.766725             0.111169       0.0            111       YES            
52     72     124    -1050.10194             -0.120137      0.0            114       YES            
52     74     126    -1065.73274             0.108737       0.0            120       YES            
56     56     112    -898.248159             0.228394       0.0            123       YES            
56     78     134    -1126.020265            -0.095012      0.0            126       YES            
56     90     146    -1198.040027            0.200178       0.0            131       YES            
56     118    174    -1275.649511            0.145683       0.0            135       YES            
58     88     146    -1207.885674            0.184902       0.0            140       YES            
58     90     148    -1218.226189            0.229205       0.0            144       YES            
60     60     120    -949.831046             0.390678       0.0            40        YES            
60     74     134    -1110.425146            -0.239141      0.0            145       YES            
60     86     146    -1212.054622            0.144756       0.0            151       YES            
60     88     148    -1224.389269            0.197949       0.0            156       YES            
60     136    196    -1365.730157            -0.10567       0.0            158       YES            
60     138    198    -1365.679673            -0.119622      0.0            162       YES            
60     140    200    -1365.010965            -0.153031      0.0            165       YES            
62     134    196    -1401.734367            -0.090717      0.0            173       YES            
62     136    198    -1403.110681            0.116215       0.0            179       YES            
62     138    200    -1403.317753            -0.139959      0.0            182       YES            
64     132    196    -1434.890166            -0.068146      0.0            186       YES            
64     134    198    -1436.520203            -0.094938      0.0            190       YES            
64     136    200    -1437.99867             -0.127947      0.0            194       YES            
66     88     154    -1262.396503            0.217199       0.0            200       YES            
66     132    198    -1466.794542            -0.074428      0.0            202       YES            
66     134    200    -1469.124288            -0.108618      0.0            206       YES            
66     136    202    -1471.511038            -0.141606      0.0            210       YES            
68     92     160    -1304.93526             0.285543       0.0            215       YES            
68     132    200    -1492.122537            0.386506       0.0            219       YES            
70     136    206    -1532.619356            -0.142266      0.0            230       YES            
72     130    202    -1541.551652            0.434803       0.0            239       YES            
74     96     170    -1362.66914             0.292536       0.0            244       YES            
74     98     172    -1380.629128            0.313485       0.0            248       YES            
74     136    210    -1586.960549            -0.118104      0.0            250       YES            
76     98     174    -1386.488707            0.301469       0.0            256       YES            
80     96     176    -1369.519631            -0.319949      0.0            258       YES            
86     134    220    -1689.332445            -0.312701      0.0            265       YES            
86     136    222    -1700.470565            -0.334001      0.0            269       YES            
88     136    224    -1712.901035            -0.331995      0.0            285       YES            
88     138    226    -1724.405142            -0.343763      0.0            289       YES            
88     140    228    -1735.228099            -0.347592      0.0            293       YES            
88     196    284    -1889.637061            0.461068       0.0            299       YES            
88     198    286    -1890.690392            0.459812       0.0            303       YES            
88     200    288    -1891.592885            0.458787       0.0            307       YES            
88     202    290    -1893.049058            -0.235079      0.0            310       YES            
90     134    224    -1711.212044            -0.303113      0.0            321       YES            
90     136    226    -1723.787633            -0.325223      0.0            325       YES            
90     138    228    -1736.086877            0.402977       0.0            332       YES            
90     194    284    -1918.53688             0.462883       0.0            335       YES            
90     196    286    -1920.331612            0.463427       0.0            339       YES            
90     198    288    -1921.931146            0.465278       0.0            343       YES            
90     200    290    -1923.507452            -0.261956      0.0            345       YES            
90     202    292    -1925.060565            -0.261727      0.0            350       YES            
92     134    226    -1719.806617            -0.305949      0.0            361       YES            
92     136    228    -1733.258811            0.393657       0.0            367       YES            
92     138    230    -1746.529083            0.409384       0.0            372       YES            
92     192    284    -1944.411282            0.472405       0.0            375       YES            
92     194    286    -1946.997808            0.472548       0.0            379       YES            
92     196    288    -1949.301157            0.477049       0.0            383       YES            
92     198    290    -1951.645226            -0.265397      0.0            386       YES            
92     200    292    -1953.841805            -0.268556      0.0            390       YES            
94     130    224    -1694.433247            -0.431566      0.0            393       YES            
94     132    226    -1711.411146            0.390892       0.0            399       YES            
94     134    228    -1726.595666            0.395682       0.0            403       YES            
94     136    230    -1741.174577            0.403662       0.0            407       YES            
94     138    232    -1755.119848            0.423089       0.0            412       YES            
94     190    284    -1967.40108             0.477932       0.0            415       YES            
94     192    286    -1970.863621            0.475865       0.0            419       YES            
94     194    288    -1973.990052            0.476794       0.0            423       YES            
94     196    290    -1976.862634            -0.267643      0.0            426       YES            
94     198    292    -1979.881672            -0.271156      0.0            430       YES            
96     128    224    -1682.004567            0.392681       0.0            435       YES            
96     130    226    -1699.161693            0.397551       0.0            439       YES            
96     132    228    -1712.653911            -0.445804      0.0            441       YES            
96     134    230    -1731.823549            0.405261       0.0            447       YES            
96     188    284    -1987.469681            0.479287       0.0            452       YES            
96     190    286    -1991.785233            0.475099       0.0            455       YES            
96     192    288    -1995.771075            0.474741       0.0            460       YES            
96     194    290    -1999.478444            0.475999       0.0            464       YES            
96     196    292    -2003.010324            -0.271297      0.0            466       YES            
96     198    294    -2006.595419            -0.274201      0.0            470       YES            
98     128    226    -1682.925461            0.399605       0.0            475       YES            
98     130    228    -1700.955984            0.403735       0.0            479       YES            
98     132    230    -1718.462769            0.407485       0.0            483       YES            
98     186    284    -2004.669504            0.475647       0.0            488       YES            
98     188    286    -2009.786704            0.470749       0.0            492       YES            
98     190    288    -2014.642341            0.466312       0.0            495       YES            
98     192    290    -2019.196699            0.467008       0.0            500       YES            
98     194    292    -2023.275721            0.407853       0.0            503       YES            
98     196    294    -2027.450561            -0.272678      0.0            506       YES            
98     198    296    -2031.600754            -0.275629      0.0            510       YES            
98     262    360    -2053.89641             -0.271764      0.0            514       YES            
100    126    226    -1663.013947            0.385483       0.0            519       YES            
100    128    228    -1679.938502            -0.446184      0.0            521       YES            
100    130    230    -1701.264855            0.407904       0.0            527       YES            
100    132    232    -1719.624389            0.413742       0.0            531       YES            
100    184    284    -2018.952565            0.467211       0.0            536       YES            
100    186    286    -2024.892292            0.458953       0.0            540       YES            
100    188    288    -2030.577249            0.448926       0.0            543       YES            
100    190    290    -2035.997336            0.43861        0.0            547       YES            
100    192    292    -2040.380803            -0.264712      0.0            550       YES            
100    194    294    -2045.40871             -0.269644      0.0            554       YES            
100    196    296    -2050.279686            -0.273473      0.0            558       YES            
100    198    298    -2054.973256            -0.276473      0.0            562       YES            
100    260    360    -2091.815506            0.443342       0.0            568       YES            
100    262    362    -2090.603318            -0.272334      0.0            570       YES            
100    264    364    -2089.409535            -0.27345       0.0            574       YES            
102    128    230    -1677.435514            -0.448567      0.0            577       YES            
102    184    286    -2037.162171            0.445637       0.0            584       YES            
102    186    288    -2043.707851            0.435024       0.0            588       YES            
102    188    290    -2050.014268            0.418534       0.0            591       YES            
102    190    292    -2056.209252            0.372309       0.0            595       YES            
102    192    294    -2062.268103            0.342933       0.0            599       YES            
102    194    296    -2068.030111            0.299865       0.0            603       YES            
102    196    298    -2071.468538            -0.275164      0.0            606       YES            
102    260    362    -2127.732183            0.434818       0.0            611       YES            
102    262    364    -2126.540435            0.439759       0.0            616       YES            
102    264    366    -2125.334562            0.444507       0.0            620       YES            
104    184    288    -2054.069226            0.427595       0.0            624       YES            
104    186    290    -2061.28086             0.414626       0.0            628       YES            
104    188    292    -2068.330118            0.395486       0.0            631       YES            
104    190    294    -2075.259429            0.377417       0.0            635       YES            
104    192    296    -2081.920922            0.364455       0.0            639       YES            
104    194    298    -2088.174462            0.349942       0.0            643       YES            
104    196    300    -2094.094018            0.327133       0.0            647       YES            
104    260    364    -2162.427442            0.420215       0.0            651       YES            
104    262    366    -2161.60473             0.422747       0.0            655       YES            
104    264    368    -2160.673047            0.424923       0.0            659       YES            
106    184    290    -2069.606154            0.420712       0.0            664       YES            
106    186    292    -2077.468553            0.409183       0.0            668       YES            
106    188    294    -2085.162218            0.395483       0.0            671       YES            
106    190    296    -2092.674405            0.384193       0.0            675       YES            
106    260    366    -2196.179087            0.40286        0.0            679       YES            
106    262    368    -2195.640626            0.402087       0.0            683       YES            
106    264    370    -2195.014338            0.398587       0.0            687       YES            
108    186    294    -2091.949796            0.413905       0.0            692       YES            
108    262    370    -2228.420782            0.395028       0.0            695       YES            
108    264    372    -2228.12885             0.391819       0.0            699       YES            
108    266    374    -2227.746546            0.387509       0.0            703       YES            
108    268    376    -2227.265467            0.382518       0.0            707       YES            
108    270    378    -2226.678938            0.377144       0.0            711       YES            
108    272    380    -2225.977318            0.371463       0.0            715       YES            
110    264    374    -2259.267038            0.391373       0.0            719       YES            
110    266    376    -2259.237318            0.385769       0.0            723       YES            
110    268    378    -2259.107894            0.380276       0.0            727       YES            
112    188    300    -2124.94027             0.421905       0.0            63        YES            
112    192    304    -2143.105335            0.400917       0.0            732       YES            
112    216    328    -2222.23712             0.399103       0.0            735       YES            
112    264    376    -2288.87287             0.405499       0.0            739       YES            
112    266    378    -2289.212605            0.387055       0.0            743       YES            
112    268    380    -2289.475319            0.377878       0.0            747       YES            
114    266    380    -2316.383571            -0.333822      0.0            750       YES            
114    268    382    -2318.537269            0.392629       0.0            755       YES            
114    280    394    -2319.124223            0.357459       0.0            759       YES            
114    282    396    -2318.565269            0.355341       0.0            763       YES            
114    288    402    -2314.59897             -0.310944      0.0            766       YES            
116    190    306    -2152.163915            -0.352605      0.0            770       YES            
116    266    382    -2344.360462            -0.339257      0.0            774       YES            
116    268    384    -2345.197363            -0.336641      0.0            778       YES            
116    270    386    -2345.902006            -0.3336        0.0            782       YES            
116    272    388    -2346.48915             -0.330577      0.0            786       YES            
116    282    398    -2348.778014            0.365399       0.0            791       YES            
116    284    400    -2348.38259             0.366442       0.0            795       YES            
118    190    308    -2160.352343            -0.357018      0.0            798       YES            
118    266    384    -2370.948727            -0.346459      0.0            802       YES            
118    268    386    -2372.081684            -0.345         0.0            806       YES            
118    270    388    -2373.074648            -0.342771      0.0            810       YES            
118    272    390    -2373.951133            -0.340211      0.0            814       YES            
120    190    310    -2166.731934            -0.363815      0.0            818       YES            
120    216    336    -2286.610706            -0.404381      0.0            822       YES            
120    240    360    -2360.056839            0.454393       0.0            82        YES            
120    264    384    -2394.508786            -0.35852       0.0            826       YES            
120    266    386    -2396.298454            -0.358653      0.0            830       YES            
120    268    388    -2397.845072            -0.358939      0.0            834       YES            
120    270    390    -2399.194418            -0.358873      0.0            838       YES            
120    272    392    -2400.389638            -0.358235      0.0            842       YES            
40     30     70     -506.384236             0.0            0.0            11        YES            
40     32     72     -542.318067             -0.000397      0.0            34        YES            
40     34     74     -576.936424             -0.192726      0.0            47        YES            
40     36     76     -609.145343             -0.0           0.0            74        YES            
40     38     78     -640.307305             -2.5e-05       0.0            94        YES            
40     40     80     -669.210054             -3.3e-05       0.0            119       YES            
40     42     82     -695.288891             -9e-06         0.0            136       YES            
40     44     84     -719.719759             4.3e-05        0.0            159       YES            
40     46     86     -743.07282              -8.1e-05       0.0            183       YES            
40     48     88     -765.44181              -0.0           0.0            200       YES            
40     50     90     -786.030122             0.000616       0.0            229       YES            
40     52     92     -801.550379             -1e-06         0.0            242       YES            
40     54     94     -815.714364             -0.00012       0.0            262       YES            
40     56     96     -828.647502             2.5e-05        0.0            285       YES            
40     58     98     -840.10146              9.7e-05        0.0            304       YES            
40     60     100    -850.817777             -0.18169       0.0            323       YES            
40     62     102    -861.280039             0.375992       0.0            355       YES            
40     64     104    -870.980998             0.37905        0.0            376       YES            
40     66     106    -879.961982             -0.201643      0.0            386       YES            
40     68     108    -888.053537             -0.195639      0.0            407       YES            
40     70     110    -895.392391             -2e-06         0.0            431       YES            
40     72     112    -902.722833             0.0            0.0            452       YES            
40     74     114    -909.367711             -0.000214      0.0            471       YES            
40     76     116    -915.447631             -0.00073       0.0            491       YES            
40     78     118    -921.084614             -0.000698      0.0            512       YES            
40     80     120    -926.321702             -0.00062       0.0            533       YES            
40     82     122    -930.366369             -0.000452      0.0            555       YES            
40     84     124    -932.575005             -0.002301      0.0            576       YES            
40     86     126    -934.136157             -0.031384      0.0            595       YES            
40     88     128    -935.690208             -0.048358      0.0            616       YES            
40     90     130    -937.090505             -0.009535      0.0            639       YES            
40     92     132    -938.423745             -0.005005      0.0            660       YES            
40     94     134    -939.551607             -0.003547      0.0            681       YES            
40     96     136    -939.912365             -0.003144      0.0            702       YES            
40     98     138    -939.287397             -0.003053      0.0            723       YES            
40     100    140    -938.136464             -0.002898      0.0            744       YES            
40     102    142    -936.478312             -0.002597      0.0            765       YES            
54     50     104    -817.913635             0.004409       0.0            795       YES            
54     52     106    -846.77552              0.148768       0.0            817       YES            
54     54     108    -874.134907             0.185004       0.0            838       YES            
54     56     110    -899.805112             0.204469       0.0            859       YES            
54     58     112    -923.756275             0.225485       0.0            880       YES            
54     60     114    -946.54912              0.262441       0.0            901       YES            
54     62     116    -968.637167             0.315716       0.0            922       YES            
54     64     118    -989.663938             0.31443        0.0            943       YES            
54     66     120    -1009.758854            0.298957       0.0            964       YES            
54     68     122    -1028.898232            0.276791       0.0            985       YES            
54     70     124    -1047.043118            0.244534       0.0            1006      YES            
54     72     126    -1064.224783            0.206966       0.0            1027      YES            
54     74     128    -1080.752785            0.173605       0.0            1048      YES            
54     76     130    -1096.825314            0.141807       0.0            1066      YES            
54     78     132    -1112.381914            0.106759       0.0            1086      YES            
54     80     134    -1127.358422            0.03583        0.0            1108      YES            
54     82     136    -1141.843596            -0.000718      0.0            1121      YES            
54     84     138    -1150.798767            0.070413       0.0            1149      YES            
54     86     140    -1159.70591             0.130624       0.0            1170      YES            
54     88     142    -1167.853077            0.160189       0.0            1193      YES            
54     90     144    -1175.239623            0.180271       0.0            1214      YES            
54     92     146    -1182.086893            0.198689       0.0            1235      YES            
54     94     148    -1188.639497            0.219735       0.0            1256      YES            
54     96     150    -1194.952868            0.242355       0.0            1278      YES            
54     98     152    -1200.978121            0.261949       0.0            1300      YES            
54     100    154    -1206.571791            0.275116       0.0            1321      YES            
54     102    156    -1211.579044            0.280202       0.0            1342      YES            
54     104    158    -1216.028822            0.276093       0.0            1363      YES            
54     106    160    -1220.098974            0.259803       0.0            1377      YES            
54     108    162    -1223.905893            0.241857       0.0            1401      YES            
54     110    164    -1227.409526            0.223785       0.0            1422      YES            
54     112    166    -1230.579386            0.204207       0.0            1443      YES            
54     114    168    -1233.527909            0.180527       0.0            1463      YES            
54     116    170    -1236.31346             0.155111       0.0            1485      YES            
54     118    172    -1238.945843            0.127777       0.0            1505      YES            
54     120    174    -1241.494158            0.098342       0.0            1526      YES            
54     122    176    -1243.918523            0.06078        0.0            1547      YES            
54     124    178    -1246.430441            0.000266       0.0            1563      YES            
54     126    180    -1248.124979            -0.001015      0.0            1584      YES            
54     128    182    -1247.524734            0.030589       0.0            1611      YES            
54     130    184    -1247.015457            0.083686       0.0            1632      YES            
54     132    186    -1246.299658            0.105396       0.0            1653      YES            
56     52     108    -840.89117              0.170534       0.0            1678      YES            
56     54     110    -870.458272             0.206772       0.0            1699      YES            
56     58     114    -924.226415             0.26408        0.0            1720      YES            
56     60     116    -949.530616             0.342319       0.0            1741      YES            
56     62     118    -973.491216             0.366388       0.0            1762      YES            
56     64     120    -995.937303             0.355137       0.0            1783      YES            
56     66     122    -1017.399904            0.329026       0.0            1804      YES            
56     68     124    -1037.949319            0.300585       0.0            1825      YES            
56     70     126    -1057.450322            0.269206       0.0            1846      YES            
56     72     128    -1075.813256            0.235299       0.0            1866      YES            
56     74     130    -1093.358533            0.199891       0.0            1887      YES            
56     76     132    -1110.489389            0.164144       0.0            1905      YES            
56     80     136    -1143.291229            0.075148       0.0            1926      YES            
56     82     138    -1158.882281            -0.000859      0.0            1940      YES            
56     84     140    -1169.250567            0.088997       0.0            1968      YES            
56     86     142    -1179.552744            0.144419       0.0            1989      YES            
56     88     144    -1189.22403             0.175993       0.0            2012      YES            
56     92     148    -1206.386949            0.228701       0.0            2033      YES            
56     94     150    -1214.500842            0.259143       0.0            2055      YES            
56     96     152    -1222.233223            0.276061       0.0            2077      YES            
56     98     154    -1229.513255            0.286328       0.0            2098      YES            
56     100    156    -1236.249402            0.292592       0.0            2119      YES            
56     102    158    -1242.265732            0.294517       0.0            2140      YES            
56     104    160    -1247.619602            0.289774       0.0            2161      YES            
56     106    162    -1252.520918            0.273132       0.0            2178      YES            
56     108    164    -1257.158578            0.252493       0.0            2199      YES            
56     110    166    -1261.50263             0.232781       0.0            2220      YES            
56     112    168    -1265.521546            0.213838       0.0            2241      YES            
56     114    170    -1269.232316            0.193886       0.0            2262      YES            
56     116    172    -1272.690243            0.171038       0.0            2283      YES            
56     120    176    -1279.257615            0.112737       0.0            2303      YES            
56     122    178    -1282.528846            0.073617       0.0            2325      YES            
56     124    180    -1286.124069            0.0            0.0            2342      YES            
56     126    182    -1288.893143            0.000945       0.0            2366      YES            
56     128    184    -1288.64295             0.001041       0.0            2385      YES            
56     130    186    -1288.448103            0.083734       0.0            2409      YES            
56     132    188    -1288.227343            0.109858       0.0            2430      YES            
56     134    190    -1287.717445            0.124103       0.0            2451      YES            
56     136    192    -1286.903051            0.128495       0.0            2471      YES            
56     138    194    -1285.820534            0.127597       0.0            2492      YES            
58     54     112    -864.500961             0.228724       0.0            2518      YES            
58     56     114    -894.303779             0.260819       0.0            2539      YES            
58     58     116    -923.12667              0.334185       0.0            2560      YES            
58     60     118    -950.932621             0.376616       0.0            2581      YES            
58     62     120    -976.464042             0.387491       0.0            2602      YES            
58     64     122    -1000.378109            0.381486       0.0            2623      YES            
58     66     124    -1023.064453            0.361468       0.0            2644      YES            
58     68     126    -1044.724823            0.334412       0.0            2665      YES            
58     70     128    -1065.268381            0.29886        0.0            2686      YES            
58     72     130    -1084.671208            0.258226       0.0            2706      YES            
58     74     132    -1103.333987            0.214498       0.0            2725      YES            
58     76     134    -1121.717305            0.174249       0.0            2745      YES            
58     78     136    -1139.719342            0.136937       0.0            2766      YES            
58     80     138    -1157.071538            0.081164       0.0            2787      YES            
58     82     140    -1174.03214             -0.000147      0.0            2802      YES            
58     84     142    -1185.506365            0.086064       0.0            2829      YES            
58     86     144    -1196.953648            0.146513       0.0            2850      YES            
58     92     150    -1228.904384            0.282426       0.0            2875      YES            
58     94     152    -1238.713567            0.302301       0.0            2896      YES            
58     96     154    -1247.679598            0.311336       0.0            2917      YES            
58     98     156    -1256.068386            0.316041       0.0            2938      YES            
58     100    158    -1263.831098            0.31863        0.0            2959      YES            
58     102    160    -1270.812896            0.320517       0.0            2980      YES            
58     104    162    -1277.050847            0.323293       0.0            3001      YES            
58     106    164    -1282.68611             0.320347       0.0            3022      YES            
58     108    166    -1287.7945              0.285455       0.0            3043      YES            
58     110    168    -1292.87939             0.246119       0.0            3060      YES            
58     112    170    -1297.846263            0.221811       0.0            3081      YES            
58     114    172    -1302.493133            0.200507       0.0            3102      YES            
58     116    174    -1306.773692            0.177334       0.0            3123      YES            
58     118    176    -1310.796331            0.150048       0.0            3144      YES            
58     120    178    -1314.788318            0.117607       0.0            3165      YES            
58     122    180    -1318.892814            0.063889       0.0            3186      YES            
58     124    182    -1323.79497             0.0            0.0            3203      YES            
58     126    184    -1327.581783            0.000744       0.0            3227      YES            
58     128    186    -1327.84841             0.000305       0.0            3246      YES            
58     130    188    -1327.889621            0.074484       0.0            3270      YES            
58     132    190    -1328.074893            0.103206       0.0            3291      YES            
58     134    192    -1328.050424            0.121275       0.0            3312      YES            
58     136    194    -1327.773654            0.131012       0.0            3332      YES            
58     138    196    -1327.23492             0.136839       0.0            3353      YES            
58     140    198    -1326.454795            0.139325       0.0            3374      YES            
58     142    200    -1325.423036            0.138749       0.0            3395      YES            
58     144    202    -1324.261081            0.0            0.0            3413      YES            
58     146    204    -1323.379216            -0.0           0.0            3434      YES            
58     148    206    -1322.102744            -0.186896      0.0            3452      YES            
58     150    208    -1320.523749            -0.186317      0.0            3473      YES            
80     86     166    -1262.932259            1.4e-05        0.0            3497      YES            
80     88     168    -1285.47069             0.059236       0.0            3519      YES            
80     90     170    -1307.709124            0.088698       0.0            3542      YES            
80     92     172    -1329.422784            0.104585       0.0            3563      YES            
80     94     174    -1350.519483            0.115029       0.0            3584      YES            
80     98     178    -1392.1436              0.288256       0.0            3607      YES            
80     100    180    -1412.340755            0.302798       0.0            3628      YES            
80     102    182    -1431.695451            0.304519       0.0            3648      YES            
80     104    184    -1450.126908            0.295326       0.0            3669      YES            
80     106    186    -1467.654338            0.279997       0.0            3690      YES            
80     108    188    -1484.954471            -0.176211      0.0            3705      YES            
80     110    190    -1501.987349            -0.164198      0.0            3726      YES            
80     112    192    -1518.584875            -0.153752      0.0            3747      YES            
80     114    194    -1534.70433             -0.144021      0.0            3768      YES            
80     116    196    -1550.285415            -0.131183      0.0            3789      YES            
80     118    198    -1565.27401             -0.105902      0.0            3810      YES            
80     120    200    -1579.94599             -0.079705      0.0            3831      YES            
80     122    202    -1594.356874            -0.001776      0.0            3853      YES            
80     124    204    -1609.110333            -0.000397      0.0            3874      YES            
80     126    206    -1622.531977            -0.0           0.0            3896      YES            
80     128    208    -1630.592285            0.0            0.0            3917      YES            
80     130    210    -1637.887977            0.0            0.0            3938      YES            
80     132    212    -1644.882221            0.00074        0.0            3960      YES            
80     134    214    -1651.547455            -0.001323      0.0            3979      YES            
80     136    216    -1657.881016            -0.006695      0.0            4000      YES            
80     138    218    -1664.001964            -0.052944      0.0            4021      YES            
80     140    220    -1670.42619             0.201717       0.0            4047      YES            
80     142    222    -1677.635857            0.225484       0.0            4068      YES            
80     144    224    -1684.615978            0.24479        0.0            4089      YES            
80     146    226    -1691.315032            0.259305       0.0            4110      YES            
80     148    228    -1697.547333            0.266746       0.0            4130      YES            
80     150    230    -1703.25082             0.269271       0.0            4151      YES            
80     152    232    -1708.588726            0.268634       0.0            4172      YES            
80     154    234    -1713.672495            0.266534       0.0            4193      YES            
80     156    236    -1718.490866            0.263255       0.0            4214      YES            
80     158    238    -1722.82255             0.257946       0.0            4235      YES            
80     160    240    -1726.544183            0.247848       0.0            4256      YES            
80     162    242    -1729.845982            0.230655       0.0            4277      YES            
80     164    244    -1733.834494            -0.170141      0.0            4293      YES            
80     166    246    -1737.662294            -0.161291      0.0            4314      YES            
80     168    248    -1741.247587            -0.150561      0.0            4335      YES            
80     170    250    -1744.679758            -0.138621      0.0            4356      YES            
80     172    252    -1748.016886            -0.126092      0.0            4377      YES            
80     174    254    -1751.207497            -0.109508      0.0            4399      YES            
80     176    256    -1754.235316            -0.082893      0.0            4420      YES            
80     178    258    -1757.159636            -0.046762      0.0            4440      YES            
80     180    260    -1760.877261            -0.000582      0.0            4462      YES            
80     182    262    -1764.629265            0.0            0.0            4484      YES            
80     184    264    -1767.155887            0.0            0.0            4505      YES            
80     186    266    -1766.488751            0.0            0.0            4526      YES            
80     188    268    -1765.122722            0.001813       0.0            4548      YES            
80     190    270    -1763.728572            0.006479       0.0            4569      YES            
86     100    186    -1410.968421            0.322658       0.0            4593      YES            
86     102    188    -1433.035736            0.322478       0.0            4614      YES            
86     104    190    -1454.193001            0.385485       0.0            4640      YES            
86     106    192    -1474.529436            0.270811       0.0            4656      YES            
86     108    194    -1494.429439            -0.229507      0.0            4670      YES            
86     110    196    -1513.788858            -0.2216        0.0            4691      YES            
86     112    198    -1532.801981            0.148819       0.0            4718      YES            
86     114    200    -1551.607631            0.130231       0.0            4738      YES            
86     116    202    -1569.995869            -0.114251      0.0            4755      YES            
86     118    204    -1588.122586            -0.097549      0.0            4776      YES            
86     120    206    -1605.83657             -0.075708      0.0            4797      YES            
86     122    208    -1623.167352            -0.042466      0.0            4819      YES            
86     124    210    -1640.319455            -0.000854      0.0            4840      YES            
86     126    212    -1656.199035            -0.000279      0.0            4861      YES            
86     128    214    -1666.720783            0.0            0.0            4883      YES            
86     130    216    -1676.391575            -0.0           0.0            4904      YES            
86     138    224    -1716.935058            0.168585       0.0            4927      YES            
86     140    226    -1726.442856            0.188904       0.0            4949      YES            
86     142    228    -1735.670498            0.207848       0.0            4970      YES            
86     144    230    -1744.608708            0.225092       0.0            4991      YES            
86     146    232    -1753.214886            0.238475       0.0            5012      YES            
86     148    234    -1761.349624            0.245971       0.0            5033      YES            
86     150    236    -1768.954519            0.24799        0.0            5054      YES            
86     152    238    -1776.157605            0.246749       0.0            5075      YES            
86     154    240    -1783.133259            0.244147       0.0            5096      YES            
86     156    242    -1789.892425            0.239875       0.0            5117      YES            
86     158    244    -1796.286883            0.231125       0.0            5138      YES            
86     160    246    -1802.242709            0.216303       0.0            5159      YES            
86     162    248    -1807.939517            0.196761       0.0            5179      YES            
86     164    250    -1813.500046            0.178129       0.0            5200      YES            
86     166    252    -1818.912615            0.159786       0.0            5221      YES            
86     168    254    -1824.160623            0.139736       0.0            5242      YES            
86     170    256    -1829.450599            -0.133448      0.0            5259      YES            
86     172    258    -1834.846361            -0.111993      0.0            5280      YES            
86     174    260    -1840.141567            -0.094132      0.0            5301      YES            
86     176    262    -1845.265253            -0.075119      0.0            5323      YES            
86     178    264    -1850.257942            -0.053558      0.0            5344      YES            
86     180    266    -1855.213009            -0.0           0.0            5366      YES            
86     182    268    -1860.541301            0.0            0.0            5387      YES            
86     184    270    -1864.732056            0.0            0.0            5408      YES            
86     186    272    -1865.34372             -0.0           0.0            5429      YES            
86     188    274    -1865.256303            -0.000908      0.0            5449      YES            
86     190    276    -1865.080972            -0.002134      0.0            5470      YES            
86     192    278    -1864.985572            0.055193       0.0            5494      YES            
86     194    280    -1864.860576            0.076557       0.0            5515      YES            
86     196    282    -1864.735614            0.102957       0.0            5536      YES            
86     198    284    -1864.607701            0.12642        0.0            5557      YES            
86     200    286    -1864.490013            0.147268       0.0            5578      YES            
86     202    288    -1864.372529            0.167296       0.0            5600      YES            
86     204    290    -1864.17823             0.181346       0.0            5621      YES            
86     206    292    -1863.871991            0.191945       0.0            5642      YES            
86     208    294    -1863.45445             0.200405       0.0            5663      YES            
86     210    296    -1862.914555            0.207289       0.0            5684      YES            
86     212    298    -1862.211232            0.212895       0.0            5705      YES            
86     214    300    -1861.325866            0.217289       0.0            5726      YES            
88     104    192    -1452.573305            0.387828       0.0            5752      YES            
88     106    194    -1473.665037            0.393657       0.0            5773      YES            
88     108    196    -1494.136104            0.239254       0.0            5789      YES            
88     110    198    -1514.269148            0.201185       0.0            5810      YES            
88     112    200    -1534.132617            0.174651       0.0            5831      YES            
88     114    202    -1553.685206            0.153703       0.0            5852      YES            
88     116    204    -1572.814714            0.133526       0.0            5873      YES            
88     118    206    -1591.429726            0.110392       0.0            5894      YES            
88     120    208    -1609.765784            -0.089834      0.0            5910      YES            
88     122    210    -1627.939473            -0.054784      0.0            5932      YES            
88     124    212    -1645.825009            -0.001152      0.0            5953      YES            
88     126    214    -1662.506573            -0.000325      0.0            5974      YES            
88     128    216    -1673.873146            -0.00057       0.0            5995      YES            
88     142    230    -1751.360952            0.223631       0.0            6020      YES            
88     144    232    -1761.166552            0.236366       0.0            6041      YES            
88     146    234    -1770.518358            0.246277       0.0            6062      YES            
88     148    236    -1779.340269            0.251123       0.0            6083      YES            
88     150    238    -1787.595593            0.250814       0.0            6104      YES            
88     152    240    -1795.45593             0.247436       0.0            6125      YES            
88     154    242    -1803.090189            0.242834       0.0            6146      YES            
88     156    244    -1810.498467            0.235388       0.0            6166      YES            
88     158    246    -1817.615458            0.226073       0.0            6188      YES            
88     160    248    -1824.326607            0.211623       0.0            6209      YES            
88     162    250    -1830.75725             0.194448       0.0            6229      YES            
88     164    252    -1836.990221            0.178178       0.0            6250      YES            
88     166    254    -1843.038985            0.162137       0.0            6271      YES            
88     168    256    -1848.892988            0.145434       0.0            6292      YES            
88     170    258    -1854.599163            0.126963       0.0            6313      YES            
88     172    260    -1860.244608            0.105678       0.0            6333      YES            
88     174    262    -1865.901331            -0.093323      0.0            6351      YES            
88     176    264    -1871.692469            -0.07504       0.0            6373      YES            
88     178    266    -1877.298875            -0.053598      0.0            6394      YES            
88     180    268    -1882.77157             0.002663       0.0            6417      YES            
88     182    270    -1888.576764            0.0            0.0            6437      YES            
88     184    272    -1893.278386            0.0            0.0            6458      YES            
88     186    274    -1894.353057            -0.000344      0.0            6478      YES            
88     188    276    -1894.71855             -0.0           0.0            6500      YES            
88     190    278    -1894.972133            -0.00141       0.0            6520      YES            
88     192    280    -1895.214239            0.052433       0.0            6544      YES            
88     194    282    -1895.670839            0.095113       0.0            6565      YES            
88     204    292    -1898.567832            0.193052       0.0            6587      YES            
88     206    294    -1898.794988            0.201349       0.0            6608      YES            
88     208    296    -1898.895458            0.207971       0.0            6629      YES            
88     210    298    -1898.850605            0.213463       0.0            6650      YES            
88     212    300    -1898.615715            0.217818       0.0            6671      YES            
88     214    302    -1898.170385            0.220902       0.0            6692      YES            
88     216    304    -1897.543715            0.22234        0.0            6713      YES            
88     218    306    -1896.797476            0.221952       0.0            6734      YES            
88     220    308    -1895.960084            0.219988       0.0            6755      YES            
90     108    198    -1492.486241            0.251441       0.0            6776      YES            
90     110    200    -1513.280081            0.222133       0.0            6797      YES            
90     112    202    -1533.766308            0.19571        0.0            6818      YES            
90     114    204    -1554.010108            0.172457       0.0            6839      YES            
90     116    206    -1573.894661            0.149923       0.0            6860      YES            
90     118    208    -1593.224747            0.12475        0.0            6881      YES            
90     120    210    -1612.119176            0.093618       0.0            6900      YES            
90     122    212    -1631.056043            -0.061704      0.0            6919      YES            
90     124    214    -1649.799095            0.001234       0.0            6942      YES            
90     126    216    -1667.275723            -0.000352      0.0            6961      YES            
90     128    218    -1679.53723             -0.0           0.0            6983      YES            
90     140    230    -1754.189735            0.231956       0.0            7007      YES            
90     142    232    -1765.417609            0.24291        0.0            7028      YES            
90     144    234    -1776.089862            0.252227       0.0            7049      YES            
90     146    236    -1786.223708            0.258841       0.0            7070      YES            
90     148    238    -1795.769941            0.261165       0.0            7091      YES            
90     150    240    -1804.713884            0.25923        0.0            7112      YES            
90     152    242    -1813.230972            0.254582       0.0            7133      YES            
90     154    244    -1821.496487            0.248737       0.0            7154      YES            
90     156    246    -1829.532758            0.241121       0.0            7175      YES            
90     158    248    -1837.232611            0.230621       0.0            7196      YES            
90     160    250    -1844.543115            0.217123       0.0            7217      YES            
90     162    252    -1851.516039            0.201628       0.0            7238      YES            
90     164    254    -1858.240225            0.184979       0.0            7258      YES            
90     166    256    -1864.801125            0.168178       0.0            7279      YES            
90     168    258    -1871.252989            0.150655       0.0            7300      YES            
90     170    260    -1877.606185            0.13198        0.0            7321      YES            
90     172    262    -1883.898099            0.110335       0.0            7341      YES            
90     174    264    -1890.13512             0.086865       0.0            7362      YES            
90     176    266    -1896.411378            -0.064692      0.0            7381      YES            
90     178    268    -1902.705188            -0.033674      0.0            7402      YES            
90     180    270    -1909.007722            -1e-06         0.0            7424      YES            
90     182    272    -1915.263535            -0.000329      0.0            7444      YES            
90     184    274    -1920.448413            0.0            0.0            7466      YES            
90     186    276    -1922.0159              -0.0           0.0            7487      YES            
90     188    278    -1922.832405            -0.000437      0.0            7507      YES            
90     190    280    -1923.557933            -0.0           0.0            7529      YES            
90     192    282    -1924.116259            -0.0           0.0            7550      YES            
90     204    294    -1931.577993            0.210052       0.0            7574      YES            
90     206    296    -1932.362573            0.216639       0.0            7595      YES            
90     208    298    -1932.98968             0.22185        0.0            7616      YES            
90     210    300    -1933.439478            0.226438       0.0            7637      YES            
90     212    302    -1933.683426            0.230367       0.0            7658      YES            
90     214    304    -1933.687813            0.233464       0.0            7679      YES            
90     216    306    -1933.477798            0.235333       0.0            7700      YES            
90     218    308    -1933.099198            0.2355         0.0            7721      YES            
90     220    310    -1932.591785            0.233638       0.0            7742      YES            
90     222    312    -1931.950087            0.229927       0.0            7763      YES            
90     224    314    -1931.185624            0.224256       0.0            7784      YES            
90     226    316    -1930.279174            0.215793       0.0            7805      YES            
92     112    204    -1531.907105            0.215432       0.0            7826      YES            
92     114    206    -1552.737771            0.189935       0.0            7847      YES            
92     116    208    -1573.32534             0.164134       0.0            7868      YES            
92     118    210    -1593.395482            0.136581       0.0            7889      YES            
92     120    212    -1612.975982            -0.11473       0.0            7905      YES            
92     122    214    -1632.616758            -0.072854      0.0            7926      YES            
92     124    216    -1652.161264            -6e-06         0.0            7949      YES            
92     126    218    -1670.447293            -0.000387      0.0            7969      YES            
92     128    220    -1683.605975            -0.000716      0.0            7990      YES            
92     140    232    -1765.499552            0.247936       0.0            8015      YES            
92     142    234    -1777.726425            0.257157       0.0            8036      YES            
92     144    236    -1789.300949            0.264397       0.0            8057      YES            
92     146    238    -1800.274302            0.269114       0.0            8078      YES            
92     148    240    -1810.620244            0.270304       0.0            8099      YES            
92     150    242    -1820.311103            0.268155       0.0            8120      YES            
92     152    244    -1829.505353            0.263846       0.0            8141      YES            
92     154    246    -1838.378841            0.25824        0.0            8162      YES            
92     156    248    -1846.965298            0.250895       0.0            8183      YES            
92     158    250    -1855.194727            0.241052       0.0            8204      YES            
92     160    252    -1863.011987            0.228324       0.0            8225      YES            
92     162    254    -1870.449591            0.212854       0.0            8246      YES            
92     164    256    -1877.639917            0.195188       0.0            8267      YES            
92     166    258    -1884.717907            0.176344       0.0            8287      YES            
92     168    260    -1891.723166            0.158443       0.0            8308      YES            
92     170    262    -1898.594576            0.140433       0.0            8329      YES            
92     172    264    -1905.31069             0.120577       0.0            8350      YES            
92     174    266    -1912.247511            -0.093361      0.0            8367      YES            
92     176    268    -1919.405139            -0.061868      0.0            8389      YES            
92     178    270    -1926.457297            0.0            0.0            8411      YES            
92     180    272    -1933.375952            0.000777       0.0            8433      YES            
92     182    274    -1940.099113            0.0            0.0            8453      YES            
92     184    276    -1945.737755            0.0            0.0            8474      YES            
92     186    278    -1947.829078            0.0            0.0            8495      YES            
92     188    280    -1949.141222            0.0            0.0            8516      YES            
92     190    282    -1950.347301            0.0            0.0            8537      YES            
92     202    294    -1961.679229            0.214934       0.0            8561      YES            
92     204    296    -1963.387942            0.223283       0.0            8582      YES            
92     206    298    -1964.744986            0.229484       0.0            8603      YES            
92     208    300    -1965.872583            0.234614       0.0            8624      YES            
92     210    302    -1966.804933            0.239267       0.0            8645      YES            
92     212    304    -1967.511818            0.24373        0.0            8666      YES            
92     214    306    -1967.979226            0.247996       0.0            8687      YES            
92     216    308    -1968.204569            0.251744       0.0            8708      YES            
92     218    310    -1968.210498            0.254178       0.0            8729      YES            
92     220    312    -1968.024988            0.257416       0.0            8751      YES            
92     222    314    -1967.67919             0.255569       0.0            8772      YES            
92     224    316    -1967.180883            0.251912       0.0            8793      YES            
92     226    318    -1966.536823            0.246648       0.0            8814      YES            
92     228    320    -1965.738255            0.239153       0.0            8835      YES            
92     230    322    -1964.79122             0.227052       0.0            8856      YES            
92     232    324    -1963.875598            0.17993        0.0            8876      YES            
92     234    326    -1963.062774            0.162639       0.0            8896      YES            
92     236    328    -1962.232655            0.150124       0.0            8917      YES            
92     238    330    -1961.373235            0.13835        0.0            8938      YES            
94     116    210    -1571.282058            0.177436       0.0            8960      YES            
94     118    212    -1592.077331            0.148023       0.0            8980      YES            
94     120    214    -1612.497943            -0.126976      0.0            8997      YES            
94     122    216    -1632.702456            -0.084962      0.0            9018      YES            
94     124    218    -1652.870837            4e-06          0.0            9041      YES            
94     126    220    -1671.983415            -0.000434      0.0            9061      YES            
94     128    222    -1686.059201            -0.0           0.0            9083      YES            
94     140    234    -1774.664286            0.256999       0.0            9107      YES            
94     142    236    -1787.949285            0.265594       0.0            9128      YES            
94     144    238    -1800.529617            0.272362       0.0            9149      YES            
94     146    240    -1812.457212            0.276569       0.0            9170      YES            
94     148    242    -1823.715102            0.277466       0.0            9191      YES            
94     150    244    -1834.252758            0.275763       0.0            9212      YES            
94     152    246    -1844.187267            0.272607       0.0            9233      YES            
94     154    248    -1853.693982            0.268173       0.0            9254      YES            
94     156    250    -1862.851805            0.261857       0.0            9275      YES            
94     158    252    -1871.6404              0.252945       0.0            9296      YES            
94     160    254    -1879.999402            0.24058        0.0            9317      YES            
94     162    256    -1887.950133            0.224195       0.0            9338      YES            
94     164    258    -1895.633894            0.205224       0.0            9359      YES            
94     166    260    -1903.168355            0.186004       0.0            9379      YES            
94     168    262    -1910.62045             0.168725       0.0            9400      YES            
94     170    264    -1917.909839            0.151561       0.0            9421      YES            
94     172    266    -1925.428121            -0.127326      0.0            9438      YES            
94     174    268    -1933.037412            -0.107107      0.0            9459      YES            
94     176    270    -1940.484893            -0.085179      0.0            9480      YES            
94     178    272    -1947.698438            -0.052808      0.0            9502      YES            
94     180    274    -1954.863269            4e-06          0.0            9524      YES            
94     182    276    -1962.071658            -0.0           0.0            9545      YES            
94     184    278    -1968.224881            0.0            0.0            9566      YES            
94     186    280    -1970.895911            -0.0           0.0            9587      YES            
94     188    282    -1972.770752            -0.0           0.0            9608      YES            
94     200    294    -1988.285374            0.212274       0.0            9632      YES            
94     202    296    -1991.142998            0.223548       0.0            9653      YES            
94     204    298    -1993.547698            0.231913       0.0            9674      YES            
94     206    300    -1995.530287            0.238304       0.0            9695      YES            
94     208    302    -1997.213743            0.243531       0.0            9716      YES            
94     210    304    -1998.64329             0.248178       0.0            9737      YES            
94     212    306    -1999.840112            0.252657       0.0            9758      YES            
94     214    308    -2000.791991            0.25714        0.0            9779      YES            
94     216    310    -2001.488653            0.261295       0.0            9800      YES            
94     218    312    -2001.932977            0.267031       0.0            9823      YES            
94     220    314    -2002.121803            0.266879       0.0            9843      YES            
94     222    316    -2002.094925            0.267377       0.0            9865      YES            
94     224    318    -2001.897304            0.263589       0.0            9885      YES            
94     226    320    -2001.557882            0.260096       0.0            9906      YES            
94     228    322    -2001.078847            0.255388       0.0            9927      YES            
94     230    324    -2000.441945            0.248284       0.0            9948      YES            
94     232    326    -1999.639196            0.240761       0.0            9970      YES            
94     234    328    -1999.01424             0.177247       0.0            9989      YES            
94     236    330    -1998.359992            0.164582       0.0            10010     YES            
94     238    332    -1997.668751            0.152557       0.0            10031     YES            
94     240    334    -1997.014819            -0.124629      0.0            10046     YES            
94     242    336    -1996.717039            -0.112534      0.0            10067     YES            
94     244    338    -1996.402616            -0.099828      0.0            10088     YES            
94     246    340    -1996.080162            -0.083455      0.0            10110     YES            
94     248    342    -1995.782735            -0.065642      0.0            10131     YES            
94     250    344    -1995.549429            -0.039291      0.0            10152     YES            
94     252    346    -1995.613789            -0.001086      0.0            10173     YES            
94     254    348    -1995.789111            -0.000803      0.0            10194     YES            
94     256    350    -1995.89739             -0.000762      0.0            10215     YES            
94     258    352    -1994.950737            -0.00124       0.0            10236     YES            
94     260    354    -1991.920403            -0.004823      0.0            10257     YES            
94     262    356    -1988.461562            0.036673       0.0            10284     YES            
96     122    218    -1631.373596            -0.09712       0.0            10299     YES            
96     124    220    -1651.986754            -1.1e-05       0.0            10322     YES            
96     126    222    -1671.923823            0.000517       0.0            10344     YES            
96     136    232    -1751.259522            0.249582       0.0            10367     YES            
96     138    234    -1766.8661              0.256853       0.0            10388     YES            
96     140    236    -1781.874004            0.264576       0.0            10409     YES            
96     142    238    -1796.21494             0.272493       0.0            10431     YES            
96     144    240    -1809.815676            0.27859        0.0            10451     YES            
96     146    242    -1822.730238            0.282813       0.0            10472     YES            
96     148    244    -1834.942033            0.283724       0.0            10493     YES            
96     150    246    -1846.380819            0.282292       0.0            10514     YES            
96     152    248    -1857.130015            0.279945       0.0            10535     YES            
96     154    250    -1867.350979            0.276568       0.0            10556     YES            
96     156    252    -1877.155514            0.271247       0.0            10577     YES            
96     158    254    -1886.566595            0.263287       0.0            10598     YES            
96     160    256    -1895.543832            0.251336       0.0            10619     YES            
96     162    258    -1904.082781            0.234473       0.0            10640     YES            
96     164    260    -1912.269203            0.215245       0.0            10661     YES            
96     166    262    -1920.227566            0.196816       0.0            10682     YES            
96     168    264    -1928.082751            0.179492       0.0            10702     YES            
96     170    266    -1936.109769            -0.153137      0.0            10719     YES            
96     172    268    -1944.387631            -0.138539      0.0            10740     YES            
96     174    270    -1952.34822             -0.121056      0.0            10761     YES            
96     176    272    -1960.100975            -0.102168      0.0            10782     YES            
96     178    274    -1967.511796            -0.076902      0.0            10804     YES            
96     180    276    -1974.721782            -0.039247      0.0            10825     YES            
96     182    278    -1982.261995            -0.0           0.0            10847     YES            
96     184    280    -1988.912107            0.0            0.0            10868     YES            
96     186    282    -1992.154773            -0.000294      0.0            10888     YES            
96     200    296    -2015.049403            0.215603       0.0            10913     YES            
96     202    298    -2018.529842            0.227419       0.0            10934     YES            
96     204    300    -2021.610163            0.236248       0.0            10955     YES            
96     206    302    -2024.258514            0.242912       0.0            10976     YES            
96     208    304    -2026.53963             0.248119       0.0            10997     YES            
96     210    306    -2028.518718            0.252428       0.0            11018     YES            
96     212    308    -2030.254663            0.256384       0.0            11039     YES            
96     214    310    -2031.751746            0.260433       0.0            11060     YES            
96     216    312    -2032.978877            0.264482       0.0            11081     YES            
96     218    314    -2033.898759            0.269022       0.0            11103     YES            
96     220    316    -2034.514108            0.271822       0.0            11125     YES            
96     222    318    -2034.879361            0.271518       0.0            11146     YES            
96     224    320    -2035.064655            0.269654       0.0            11167     YES            
96     226    322    -2035.117066            0.266784       0.0            11188     YES            
96     228    324    -2035.036883            0.261234       0.0            11208     YES            
96     230    326    -2034.799428            0.25888        0.0            11230     YES            
96     232    328    -2034.376553            0.247245       0.0            11250     YES            
96     234    330    -2033.852199            0.195105       0.0            11270     YES            
96     236    332    -2033.387147            0.179573       0.0            11291     YES            
96     238    334    -2032.92935             -0.147206      0.0            11306     YES            
96     240    336    -2032.910998            -0.137726      0.0            11327     YES            
96     242    338    -2032.826184            -0.127558      0.0            11348     YES            
96     244    340    -2032.690622            -0.116238      0.0            11369     YES            
96     246    342    -2032.534754            -0.103333      0.0            11390     YES            
96     248    344    -2032.351894            -0.088309      0.0            11411     YES            
96     250    346    -2032.182983            -0.067659      0.0            11433     YES            
96     252    348    -2032.122875            -0.03796       0.0            11454     YES            
96     254    350    -2032.507216            8.8e-05        0.0            11475     YES            
96     256    352    -2032.986563            -0.000218      0.0            11496     YES            
96     258    354    -2032.39632             -0.000651      0.0            11517     YES            
96     260    356    -2029.565378            -0.003713      0.0            11538     YES            
96     262    358    -2026.267589            0.039493       0.0            11565     YES            
98     124    222    -1649.692431            -0.038424      0.0            11580     YES            
98     126    224    -1670.374677            -0.0           0.0            11603     YES            
98     134    232    -1737.636498            0.262643       0.0            11627     YES            
98     136    234    -1754.679108            0.262108       0.0            11648     YES            
98     138    236    -1771.177238            0.265794       0.0            11669     YES            
98     140    238    -1787.13007             0.27181        0.0            11691     YES            
98     142    240    -1802.442523            0.277277       0.0            11711     YES            
98     144    242    -1817.030163            0.283032       0.0            11732     YES            
98     146    244    -1830.925148            0.28721        0.0            11753     YES            
98     148    246    -1844.106835            0.288225       0.0            11774     YES            
98     150    248    -1856.512002            0.286896       0.0            11795     YES            
98     152    250    -1868.170914            0.284843       0.0            11816     YES            
98     154    252    -1879.197422            0.281868       0.0            11837     YES            
98     156    254    -1889.734763            0.276768       0.0            11858     YES            
98     158    256    -1899.860023            0.268937       0.0            11879     YES            
98     160    258    -1909.574637            0.257644       0.0            11900     YES            
98     162    260    -1918.814701            0.242708       0.0            11921     YES            
98     164    262    -1927.540449            0.225038       0.0            11942     YES            
98     166    264    -1935.913421            0.20737        0.0            11963     YES            
98     168    266    -1944.16282             0.189975       0.0            11983     YES            
98     170    268    -1952.916014            -0.16043       0.0            12000     YES            
98     172    270    -1961.745028            -0.147837      0.0            12021     YES            
98     174    272    -1970.107956            -0.131711      0.0            12042     YES            
98     176    274    -1978.245362            -0.113626      0.0            12063     YES            
98     178    276    -1985.979111            -0.091666      0.0            12084     YES            
98     180    278    -1993.441364            -0.058303      0.0            12106     YES            
98     182    280    -2001.133973            -0.000721      0.0            12127     YES            
98     184    282    -2008.278308            -0.0           0.0            12149     YES            
98     200    298    -2040.209188            0.215302       0.0            12173     YES            
98     202    300    -2044.288982            0.227653       0.0            12194     YES            
98     204    302    -2048.012296            0.236422       0.0            12215     YES            
98     206    304    -2051.29418             0.242798       0.0            12236     YES            
98     208    306    -2054.158806            0.247621       0.0            12257     YES            
98     210    308    -2056.700297            0.251428       0.0            12278     YES            
98     212    310    -2059.007666            0.254696       0.0            12299     YES            
98     214    312    -2061.085763            0.257752       0.0            12320     YES            
98     216    314    -2062.844913            0.26067        0.0            12341     YES            
98     218    316    -2064.225003            0.263019       0.0            12362     YES            
98     220    318    -2065.274984            0.265568       0.0            12384     YES            
98     222    320    -2066.102293            0.264851       0.0            12405     YES            
98     224    322    -2066.770593            0.262349       0.0            12426     YES            
98     226    324    -2067.307122            0.256143       0.0            12446     YES            
98     228    326    -2067.696629            0.255179       0.0            12468     YES            
98     230    328    -2067.901739            0.251582       0.0            12489     YES            
98     232    330    -2067.893946            0.246689       0.0            12510     YES            
98     234    332    -2067.687268            0.23688        0.0            12531     YES            
98     236    334    -2067.354928            0.207559       0.0            12551     YES            
98     238    336    -2067.18748             -0.155623      0.0            12566     YES            
98     240    338    -2067.491963            -0.147321      0.0            12587     YES            
98     242    340    -2067.710636            -0.138128      0.0            12608     YES            
98     244    342    -2067.836287            -0.127414      0.0            12629     YES            
98     246    344    -2067.889498            -0.114821      0.0            12650     YES            
98     248    346    -2067.882501            -0.100253      0.0            12671     YES            
98     250    348    -2067.852898            -0.082813      0.0            12692     YES            
98     252    350    -2067.876866            -0.05814       0.0            12714     YES            
98     254    352    -2068.189347            0.001457       0.0            12735     YES            
98     256    354    -2069.019533            0.000195       0.0            12756     YES            
98     258    356    -2068.781191            -0.000197      0.0            12777     YES            
98     260    358    -2066.182499            -0.002486      0.0            12798     YES            
100    134    234    -1738.486333            0.286324       0.0            12824     YES            
100    136    236    -1756.297705            0.275199       0.0            12846     YES            
100    138    238    -1773.636117            0.273094       0.0            12866     YES            
100    140    240    -1790.46125             0.275867       0.0            12887     YES            
100    142    242    -1806.663415            0.279944       0.0            12908     YES            
100    144    244    -1822.174783            0.284492       0.0            12929     YES            
100    146    246    -1837.031518            0.288271       0.0            12950     YES            
100    148    248    -1851.219248            0.289355       0.0            12971     YES            
100    150    250    -1864.67101             0.288268       0.0            12992     YES            
100    152    252    -1877.325785            0.286512       0.0            13013     YES            
100    154    254    -1889.229946            0.283742       0.0            13034     YES            
100    156    256    -1900.566133            0.278491       0.0            13055     YES            
100    158    258    -1911.507733            0.270436       0.0            13076     YES            
100    160    260    -1922.072368            0.259951       0.0            13097     YES            
100    162    262    -1932.090402            0.248299       0.0            13118     YES            
100    164    264    -1941.385503            0.234248       0.0            13139     YES            
100    166    266    -1950.19571             0.217718       0.0            13160     YES            
100    168    268    -1958.861701            0.200349       0.0            13181     YES            
100    170    270    -1968.050452            -0.166654      0.0            13197     YES            
100    172    272    -1977.447555            -0.155215      0.0            13218     YES            
100    174    274    -1986.276977            -0.139252      0.0            13239     YES            
100    176    276    -1994.878723            -0.12103       0.0            13260     YES            
100    178    278    -2003.042359            -0.099351      0.0            13281     YES            
100    180    280    -2010.832124            -0.067364      0.0            13303     YES            
100    182    282    -2018.734764            -0.000966      0.0            13324     YES            
100    200    300    -2063.926082            0.212208       0.0            13349     YES            
100    202    302    -2068.546014            0.225279       0.0            13370     YES            
100    204    304    -2072.85675             0.234657       0.0            13391     YES            
100    206    306    -2076.753818            0.241204       0.0            13412     YES            
100    208    308    -2080.23292             0.2459         0.0            13433     YES            
100    210    310    -2083.381197            0.249487       0.0            13454     YES            
100    212    312    -2086.303708            0.252422       0.0            13475     YES            
100    214    314    -2089.013558            0.254133       0.0            13494     YES            
100    216    316    -2091.357878            0.255324       0.0            13515     YES            
100    218    318    -2093.271321            0.256014       0.0            13538     YES            
100    220    320    -2094.832416            0.254586       0.0            13559     YES            
100    222    322    -2096.177135            0.252021       0.0            13580     YES            
100    224    324    -2097.364152            0.248898       0.0            13601     YES            
100    226    326    -2098.384971            0.245872       0.0            13622     YES            
100    228    328    -2099.212755            0.243733       0.0            13643     YES            
100    230    330    -2099.812034            0.242808       0.0            13664     YES            
100    232    332    -2100.171716            0.242433       0.0            13685     YES            
100    234    334    -2100.327306            0.244412       0.0            13707     YES            
100    236    336    -2100.311823            0.24           0.0            13728     YES            
100    238    338    -2100.160129            0.231069       0.0            13749     YES            
100    240    340    -2100.643542            -0.153705      0.0            13763     YES            
100    242    342    -2101.216375            -0.144848      0.0            13784     YES            
100    244    344    -2101.670654            -0.134455      0.0            13805     YES            
100    246    346    -2101.984278            -0.121957      0.0            13826     YES            
100    248    348    -2102.220703            -0.107334      0.0            13847     YES            
100    250    350    -2102.410166            -0.090236      0.0            13868     YES            
100    252    352    -2102.589988            -0.069112      0.0            13889     YES            
100    254    354    -2102.907537            -0.026909      0.0            13911     YES            
100    256    356    -2103.99702             0.00045        0.0            13932     YES            
100    258    358    -2104.106122            0.000126       0.0            13953     YES            
