Z      N      A      E_soft(MeV)         BE_b3=0 (MeV)       BE_b3=0.01 (MeV)    beta2          beta3 (0.01)   delta_beta2    CONV     
2      2      4      657.148175          -30.079312          627.068863          -0.501962      -15.513432     -0.788384      NO
22     44     66     0.026889            -517.017855         -516.990966         0.077462       0.01           -0.036933      YES
24     24     48     0.130965            -411.278542         -411.147577         0.205502       0.01           -0.009027      YES
24     28     52     0.00546             -458.65749          -458.65203          0.075112       0.01           -0.004021      YES
26     46     72     0.048507            -599.323393         -599.274886         0.148317       0.01           -0.008769      YES
30     44     74     0.055948            -642.735987         -642.680039         0.160596       0.01           -0.009676      YES
30     46     76     0.052421            -657.060933         -657.008512         0.140679       0.01           -0.008044      YES
32     44     76     0.059332            -662.299688         -662.240356         0.189208       0.01           -0.013397      YES
32     46     78     0.065204            -678.753515         -678.688311         0.16222        0.01           -0.01198       YES
34     44     78     0.030517            -678.649178         -678.618661         0.197668       0.01           -0.012802      YES
34     52     86     0.027559            -741.924933         -741.897374         0.113385       0.01           -0.008394      YES
34     62     96     0.221502            -782.896721         -782.675219         -0.212649      0.01           0.018625       YES
34     64     98     0.205934            -788.987725         -788.781791         -0.212043      0.01           0.019376       YES
36     32     68     0.012337            -547.305368         -547.293031         -0.144787      0.01           -0.002274      YES
36     38     74     0.218578            -626.28211          -626.063532         -0.252871      0.01           -0.675172      YES
36     40     76     0.041622            -648.997766         -648.956144         -0.212642      0.01           -0.613158      YES
36     44     80     0.096935            -692.505935         -692.409            0.265065       0.01           -0.021562      YES
36     52     88     0.004359            -763.533294         -763.528935         0.084662       0.01           -0.011062      YES
36     62     98     0.376208            -812.863393         -812.487185         -0.244158      0.01           -0.619879      YES
36     68     104    0.172719            -835.172904         -835.000185         0.300124       0.01           -0.034129      YES
38     34     72     0.364217            -576.502533         -576.138316         0.366299       0.01           -0.040283      YES
38     42     80     0.026311            -680.371949         -680.345638         -0.180419      0.01           -0.576194      YES
38     44     82     0.127294            -704.34266          -704.215366         0.304664       0.01           -0.029106      YES
38     58     96     0.017222            -819.04787          -819.030648         0.001115       0.01           -0.357332      YES
38     62     100    0.131722            -839.049258         -838.917536         -0.232451      0.01           -0.622989      YES
40     36     76     0.350809            -607.01983          -606.669021         0.369228       0.01           -0.041024      YES
40     38     78     -0.031452           -633.520875         -633.552327         -0.177468      0.01           -0.60141       YES
40     40     80     0.005469            -661.477487         -661.472018         5.7e-05        0.01           -0.419234      YES
40     42     82     0.235856            -689.967311         -689.731455         0.352978       0.01           -0.042652      YES
40     44     84     0.101373            -713.260025         -713.158652         0.289442       0.01           -0.027473      YES
40     58     98     0.001062            -840.538936         -840.537874         0.000207       0.01           -0.010383      YES
40     64     104    0.563489            -877.822805         -877.259316         0.361189       0.01           -0.045057      YES
40     66     106    0.460905            -887.788891         -887.327986         0.353992       0.01           -0.039651      YES
40     94     134    0.033445            -961.805599         -961.772154         -0.002268      0.01           -0.00059       YES
40     96     136    0.045903            -961.682978         -961.637075         -0.002387      0.01           -0.002378      YES
40     98     138    0.044711            -960.718691         -960.67398          -0.0025        0.01           -0.002789      YES
40     100    140    0.046354            -959.328223         -959.281869         -0.002394      0.01           -0.001922      YES
40     102    142    0.055131            -957.756807         -957.701676         -0.002101      0.01           0.000318       YES
42     36     78     0.206354            -604.813155         -604.606801         0.337874       0.01           -0.039148      YES
42     38     80     0.310245            -637.090515         -636.78027          0.365082       0.01           -0.042653      YES
42     42     84     0.248183            -693.766603         -693.51842          0.313193       0.01           -0.03072       YES
42     58     100    0.033782            -858.576315         -858.542533         0.000288       0.01           0.000331       YES
42     64     106    0.336376            -899.822986         -899.48661          0.335332       0.01           -0.04711       YES
42     96     138    0.025697            -1002.292174        -1002.266477        -0.002566      0.01           0.00184        YES
42     98     140    0.029938            -1002.009888        -1001.97995         -0.002907      0.01           0.011292       YES
46     36     82     0.059117            -595.295492         -595.236375         0.124059       0.01           -0.019036      YES
52     56     108    0.026167            -892.794199         -892.768032         0.132972       0.009952       -0.00678       NO
52     90     142    0.003372            -1158.487269        -1158.483897        1e-05          0.01           -0.113203      YES
54     54     108    0.020383            -867.604807         -867.584424         0.159212       0.010001       -0.030142      NO
54     56     110    0.034851            -892.258052         -892.223201         0.184915       0.010009       -0.019985      NO
54     58     112    0.045165            -915.665165         -915.62             0.213535       0.009943       -0.013018      NO
54     86     140    0.025135            -1163.336314        -1163.311179        0.12151        0.010001       -0.01404       NO
54     88     142    0.028621            -1172.053832        -1172.025211        0.150128       0.00999        -0.011959      NO
54     90     144    0.033193            -1180.329702        -1180.296509        0.177127       0.009926       -0.006687      NO
54     92     146    0.060661            -1188.424861        -1188.3642          0.204572       0.009887       -0.015271      NO
54     94     148    0.083344            -1196.35796         -1196.274616        0.226096       0.01           -0.018352      YES
54     96     150    0.105815            -1203.985634        -1203.879819        0.235515       0.01           -0.016435      YES
56     52     108    0.028242            -835.106429         -835.078187         0.145328       0.009985       -0.00486       NO
56     54     110    0.058276            -863.127006         -863.06873          0.18814        0.009796       -0.018154      NO
56     56     112    -0.002864           -889.870699         -889.873563         0.211648       0.009963       -0.028694      NO
56     58     114    0.083646            -915.514401         -915.430755         0.281388       0.01           -0.011352      YES
56     66     122    0.027479            -1008.666108        -1008.638629        0.293978       0.01           -0.02009       YES
56     84     140    0.003886            -1168.850744        -1168.846858        0.103567       0.01           -0.000682      YES
56     86     142    0.037291            -1180.039782        -1180.002491        0.138202       0.009999       -0.023576      NO
56     88     144    0.03577             -1190.384069        -1190.348299        0.17178        0.01           -0.018924      YES
56     90     146    0.034362            -1200.348328        -1200.313966        0.207063       0.01           -0.008525      YES
56     92     148    0.182113            -1210.487573        -1210.30546         0.248147       0.01           -0.005841      YES
56     94     150    0.165769            -1219.980416        -1219.814647        0.265607       0.01           -0.015319      YES
56     96     152    0.131414            -1228.802262        -1228.670848        0.267801       0.01           -0.020501      YES
56     132    188    0.07202             -1313.435138        -1313.363118        0.102988       0.01           -0.009463      YES
56     134    190    0.077338            -1313.099845        -1313.022507        0.121309       0.01           -0.018994      YES
56     136    192    0.088477            -1312.470705        -1312.382228        0.138009       0.01           -0.020617      YES
56     138    194    0.121088            -1311.6776          -1311.556512        0.156885       0.01           -0.019393      YES
58     54     112    0.040895            -856.827638         -856.786743         0.22111        0.009884       -0.021579      NO
58     56     114    0.049128            -885.751604         -885.702476         0.28054        0.01           -0.015075      YES
58     58     116    0.179355            -914.611792         -914.432437         0.317738       0.01           -0.022774      YES
58     84     142    0.019004            -1182.262892        -1182.243888        0.104576       0.009999       -0.003922      NO
58     86     144    0.008719            -1194.575972        -1194.567253        0.144225       0.01           -0.021163      YES
58     88     146    0.040661            -1206.377948        -1206.337287        0.200357       0.01           0.001745       YES
58     90     148    0.130623            -1218.918034        -1218.787411        0.248021       0.009965       -0.013187      NO
58     92     150    0.214023            -1231.143292        -1230.929269        0.275033       0.01           -0.019193      YES
58     132    190    0.044407            -1350.514369        -1350.469962        0.098331       0.01           -0.019523      YES
58     134    192    0.037086            -1350.819908        -1350.782822        0.118234       0.01           -0.023052      YES
58     136    194    0.128867            -1350.83046         -1350.701593        0.138168       0.009859       -0.022547      NO
58     138    196    0.353437            -1351.087199        -1350.733762        0.209646       0.01           0.029698       YES
60     84     144    0.014609            -1193.914619        -1193.90001         0.096103       0.01           -0.003569      NO
60     86     146    -0.003126           -1207.234013        -1207.237139        0.151846       0.01           -0.007637      YES
60     88     148    0.117111            -1220.888801        -1220.77169         0.230625       0.01           0.014478       YES
60     90     150    0.191752            -1235.613648        -1235.421896        0.275582       0.01           -0.01978       YES
60     130    190    -0.015326           -1384.554659        -1384.569985        0.049448       0.01           -0.021978      YES
60     132    192    0.022431            -1385.808638        -1385.786207        0.08012        0.01           -0.026112      YES
60     134    194    0.041315            -1386.636186        -1386.594871        0.103938       0.009918       -0.024809      NO
60     136    196    0.220831            -1387.144287        -1386.923456        0.203876       0.01           0.052737       YES
62     84     146    0.006949            -1203.91408         -1203.907131        0.07811        0.01           -0.010105      NO
62     86     148    0.021234            -1218.349192        -1218.327958        0.170518       0.01           0.025043       YES
62     88     150    0.063811            -1233.477712        -1233.413901        0.236262       0.01           -0.017206      YES
62     90     152    0.065776            -1249.10233         -1249.036554        0.282978       0.01           -0.019924      YES
62     130    192    0.003123            -1417.521682        -1417.518559        0.002447       0.01           -0.059783      YES
62     132    194    0.000359            -1419.372212        -1419.371853        0.051666       0.01           -0.034924      YES
62     134    196    0.019987            -1420.698661        -1420.678674        0.069876       0.009999       -0.037174      NO
62     136    198    0.275078            -1422.523782        -1422.248704        0.210854       0.01           0.081647       YES
64     84     148    -0.003024           -1212.502047        -1212.505071        -0.058422      0.01           -0.127927      YES
64     86     150    0.03603             -1227.971652        -1227.935622        0.181889       0.01           0.061058       YES
64     88     152    0.068704            -1244.345036        -1244.276332        0.232718       0.01           -0.016834      YES
64     90     154    0.073422            -1260.840081        -1260.766659        0.276072       0.01           -0.018799      YES
64     130    194    -0.003711           -1448.623056        -1448.626767        0.001862       0.01           -0.051519      YES
64     132    196    -0.01525            -1451.005397        -1451.020647        0.02367        0.01           -0.049562      YES
64     134    198    -0.014097           -1453.135068        -1453.149165        -0.005701      0.01           -0.09021       YES
64     136    200    0.224392            -1455.79137         -1455.566978        0.206055       0.01           0.108475       YES
66     66     132    0.116059            -1004.936933        -1004.820874        -0.242057      0.01           -0.603198      YES
66     130    196    -0.007219           -1477.356445        -1477.363664        0.029527       0.01           -0.02521       YES
66     132    198    -0.003249           -1480.533744        -1480.536993        0.047534       0.01           -0.0254        YES
66     134    200    0.008335            -1483.43532         -1483.426985        -0.099242      0.01           -0.179606      YES
66     136    202    0.156986            -1487.205846        -1487.04886         0.193965       0.01           0.106315       YES
68     130    198    0.00135             -1504.641564        -1504.640214        0.055623       0.01           -0.004548      YES
68     132    200    0.008372            -1508.593878        -1508.585506        0.074401       0.009999       -0.001501      NO
68     134    202    0.05168             -1512.323008        -1512.271328        0.146846       0.009993       0.068479       NO
68     190    258    0.099614            -1542.820221        -1542.720607        0.072783       0.01           -0.006766      YES
70     130    200    0.01235             -1530.526466        -1530.514116        0.068781       0.01           0.000278       YES
70     132    202    0.011064            -1535.30414         -1535.293076        0.093764       0.01           0.010623       YES
70     134    204    0.0313              -1539.857047        -1539.825747        0.14065        0.01           0.058548       YES
70     166    236    0.253374            -1592.293261        -1592.039887        0.2279         0.01           -0.032737      YES
70     168    238    0.21175             -1592.558537        -1592.346787        0.217975       0.01           -0.032602      YES
72     132    204    0.018886            -1560.507993        -1560.489107        0.098148       0.01           0.001139       YES
72     168    240    0.318956            -1629.900206        -1629.58125         0.184518       0.01           -0.030451      YES
72     170    242    0.269051            -1631.000847        -1630.731796        0.172842       0.01           -0.028745      YES
74     170    244    0.270432            -1667.325853        -1667.055421        0.161059       0.01           -0.026142      YES
76     90     166    0.023218            -1294.052917        -1294.029699        0.164262       0.01           -0.005907      YES
76     136    212    0.040829            -1618.541239        -1618.50041         0.127493       0.01           0.133866       YES
78     134    212    -0.009426           -1633.561515        -1633.570941        0.057899       0.01           0.035343       YES
78     136    214    0.013018            -1640.031545        -1640.018527        0.077549       0.01           0.076942       YES
78     138    216    -0.007547           -1646.529334        -1646.536881        -0.088591      0.01           -0.06531       YES
80     134    214    -0.004604           -1653.961432        -1653.966036        1.2e-05        0.01           -0.008881      YES
80     136    216    -0.008978           -1661.210591        -1661.219569        8e-06          0.01           -0.005898      YES
80     138    218    -0.008254           -1667.983349        -1667.991603        4e-06          0.01           0.008478       YES
80     140    220    0.020812            -1674.801537        -1674.780725        -0.075121      0.01           -0.047079      YES
82     134    216    -0.006143           -1672.47242         -1672.478563        1e-05          0.01           -0.006032      YES
82     136    218    -0.010527           -1680.465959        -1680.476486        7e-06          0.01           -0.008274      YES
82     138    220    -0.010017           -1687.991979        -1688.001996        3e-06          0.01           -0.004518      YES
82     140    222    -0.006954           -1695.169093        -1695.176047        -1e-06         0.01           0.002073       YES
82     142    224    0.010671            -1702.149826        -1702.139155        0.000545       0.01           0.01181        YES
84     132    216    -0.002028           -1672.089974        -1672.092002        7e-06          0.01           -0.061485      YES
84     134    218    -0.010426           -1681.261201        -1681.271627        5e-06          0.01           -0.060171      YES
84     136    220    0.015956            -1690.789557        -1690.773601        0.115974       0.01           0.057592       YES
84     154    238    0.066545            -1767.110549        -1767.044004        0.218466       0.01           -0.023751      YES
84     156    240    0.078353            -1774.051739        -1773.973386        0.214113       0.01           -0.02482       YES
84     158    242    0.107878            -1780.789227        -1780.681349        0.206003       0.01           -0.024728      YES
84     160    244    0.089531            -1787.203968        -1787.114437        0.188951       0.01           -0.023738      YES
84     162    246    0.067029            -1793.437606        -1793.370577        0.159217       0.01           -0.023005      YES
84     194    278    -0.006746           -1856.132719        -1856.139465        -2e-06         0.01           -0.013088      YES
84     196    280    -0.010196           -1855.646065        -1855.656261        -4e-06         0.01           -0.011634      YES
84     198    282    0.033296            -1854.886238        -1854.852942        -0.03192       0.01           -0.025022      YES
86     130    216    -0.004544           -1669.10743         -1669.111974        0.072642       0.009929       -0.015277      NO
86     132    218    0.049654            -1680.134112        -1680.084458        0.102265       0.009922       -0.005281      NO
86     134    220    0.068666            -1691.154541        -1691.085875        0.127209       0.009963       -0.005193      NO
86     136    222    0.09108             -1702.1776          -1702.08652         0.148699       0.009995       -0.00425       NO
86     138    224    0.023938            -1712.985182        -1712.961244        0.167654       0.009302       -0.011316      NO
86     140    226    0.056581            -1723.516018        -1723.459437        0.177753       0.01           -0.013202      YES
86     142    228    0.103085            -1733.731136        -1733.628051        0.187413       0.01           -0.009234      YES
86     152    238    0.035606            -1779.026133        -1778.990527        0.211929       0.01           -0.019952      YES
86     154    240    0.029077            -1786.797485        -1786.768408        0.207274       0.01           -0.02206       YES
86     156    242    0.030555            -1794.320417        -1794.289862        0.200893       0.01           -0.023462      YES
86     158    244    0.045245            -1801.686203        -1801.640958        0.192463       0.01           -0.024043      YES
86     160    246    0.053814            -1808.873166        -1808.819352        0.18119        0.01           -0.023675      YES
86     164    250    0.100568            -1822.556879        -1822.456311        0.154736       0.01           -0.022188      YES
86     192    278    -0.002575           -1884.592462        -1884.595037        -3e-06         0.01           -0.040805      YES
86     194    280    0.009121            -1885.158804        -1885.149683        0.081134       0.01           -0.025194      YES
86     196    282    0.06937             -1886.102519        -1886.033149        0.116233       0.01           -0.008781      YES
88     128    216    0.011661            -1662.122429        -1662.110768        3e-06          0.01           -0.069144      YES
88     130    218    0.059878            -1674.637854        -1674.577976        0.094108       0.010006       -0.01463       NO
88     132    220    0.04836             -1687.122763        -1687.074403        0.125035       0.01           -0.010723      YES
88     134    222    0.063425            -1699.779146        -1699.715721        0.151638       0.01           -0.011308      YES
88     136    224    0.096459            -1712.380096        -1712.283637        0.174801       0.01           -0.009069      YES
88     138    226    0.112486            -1724.480348        -1724.367862        0.191063       0.009898       -0.013024      NO
88     140    228    0.109262            -1736.13453         -1736.025268        0.201377       0.009946       -0.017678      NO
88     142    230    0.08323             -1747.371793        -1747.288563        0.209417       0.01           -0.015485      YES
88     144    232    0.117914            -1758.139008        -1758.021094        0.216991       0.01           -0.010197      YES
88     154    242    0.084183            -1804.616011        -1804.531828        0.215641       0.01           -0.019429      YES
88     156    244    0.096083            -1812.706413        -1812.61033         0.208535       0.01           -0.022008      YES
88     158    246    0.110866            -1820.689298        -1820.578432        0.200361       0.01           -0.023322      YES
88     160    248    0.123587            -1828.495069        -1828.371482        0.189787       0.01           -0.024139      YES
88     162    250    0.105591            -1836.047187        -1835.941596        0.177194       0.01           -0.024653      YES
88     172    260    0.035177            -1870.378413        -1870.343236        -0.113229      0.01           -0.011541      YES
88     190    278    0.003818            -1910.814792        -1910.810974        0.000295       0.01           -0.084381      YES
88     192    280    -0.016034           -1911.861515        -1911.877549        0.029114       0.009999       -0.081003      NO
88     194    282    0.077247            -1913.432287        -1913.35504         0.113938       0.009566       -0.017981      NO
88     196    284    0.168798            -1915.449594        -1915.280796        0.136784       0.009991       -0.011884      NO
88     198    286    0.110828            -1917.476247        -1917.365419        0.152667       0.01           -0.013246      YES
88     200    288    0.217625            -1919.420825        -1919.2032          0.165293       0.01           -0.01456       YES
88     202    290    0.298864            -1921.161614        -1920.86275         0.175131       0.01           -0.01438       YES
88     204    292    0.342886            -1922.516696        -1922.17381         0.181977       0.01           -0.014908      YES
90     128    218    0.005928            -1665.02746         -1665.021532        9e-06          0.01           -0.081623      YES
90     130    220    0.043601            -1678.709894        -1678.666293        0.111376       0.01           -0.008997      YES
90     132    222    0.078871            -1692.851927        -1692.773056        0.14924        0.01           0.000941       YES
90     134    224    0.107095            -1707.397011        -1707.289916        0.177703       0.00998        0.001517       NO
90     136    226    0.145546            -1721.621786        -1721.47624         0.198916       0.01           0.000165       YES
90     138    228    0.114336            -1734.969091        -1734.854755        0.213343       0.01           -0.008229      YES
90     140    230    0.119993            -1747.696747        -1747.576754        0.223332       0.01           -0.009666      YES
90     156    246    0.124192            -1829.500593        -1829.376401        0.221267       0.01           -0.021041      YES
90     158    248    0.138259            -1838.125664        -1837.987405        0.212833       0.01           -0.023568      YES
90     160    250    0.148835            -1846.524567        -1846.375732        0.203228       0.01           -0.024361      YES
90     162    252    0.134829            -1854.537436        -1854.402607        0.191159       0.01           -0.023561      YES
90     190    280    0.002349            -1936.407952        -1936.405603        4e-06          0.01           -0.093592      YES
90     192    282    0.001898            -1937.879254        -1937.877356        9e-05          0.01           -0.116741      YES
90     194    284    0.123664            -1940.282713        -1940.159049        0.132489       0.01           -0.007874      YES
90     196    286    0.290664            -1943.529678        -1943.239014        0.15763        0.009826       -0.000797      NO
90     198    288    0.264944            -1946.533751        -1946.268807        0.172077       0.01           -0.004358      YES
90     222    312    0.414506            -1959.534784        -1959.120278        0.190346       0.01           -0.023942      YES
90     224    314    0.388388            -1959.128589        -1958.740201        0.185793       0.01           -0.02802       YES
92     128    220    0.002488            -1666.80148         -1666.798992        0.002133       0.01           -0.081765      YES
92     130    222    0.06117             -1681.583661        -1681.522491        0.128241       0.01           0.003904       YES
92     132    224    0.086287            -1697.3132          -1697.226913        0.171649       0.01           0.015469       YES
92     134    226    0.117923            -1713.507354        -1713.389431        0.203944       0.009935       0.013719       NO
92     136    228    0.110829            -1729.148109        -1729.03728         0.220432       0.01           0.004573       YES
92     158    250    0.189648            -1854.155728        -1853.96608         0.226137       0.01           -0.021849      YES
92     162    254    0.155414            -1871.395482        -1871.240068        0.204958       0.01           -0.024616      YES
92     164    256    0.103997            -1879.378449        -1879.274452        0.190921       0.01           -0.025104      YES
92     190    282    0.010175            -1960.509495        -1960.49932         4.3e-05        0.01           -0.092043      YES
92     192    284    0.018189            -1962.521128        -1962.502939        8e-05          0.01           -0.113995      YES
92     194    286    0.268214            -1966.123127        -1965.854913        0.15474        0.01           0.012659       YES
92     196    288    0.156107            -1970.226466        -1970.070359        0.173762       0.01           0.009522       YES
92     198    290    0.230047            -1974.070847        -1973.8408          0.186588       0.01           0.001229       YES
92     226    318    0.379517            -1993.072018        -1992.692501        0.191736       0.01           -0.025792      YES
92     230    322    0.211052            -1992.483304        -1992.272252        0.172604       0.01           -0.033857      YES
94     128    222    -0.010391           -1667.425029        -1667.43542         2.4e-05        0.01           -0.077971      YES
94     130    224    0.049845            -1683.334876        -1683.285031        0.143132       0.01           0.023749       YES
94     132    226    0.024913            -1700.193062        -1700.168149        0.206407       0.01           0.046345       YES
94     134    228    0.030357            -1717.29593         -1717.265573        0.226518       0.01           0.01607        YES
94     136    230    -0.006109           -1733.781345        -1733.787454        0.233476       0.01           -0.007445      YES
94     138    232    0.031839            -1749.461464        -1749.429625        0.241635       0.01           -0.010046      YES
94     140    234    0.103306            -1764.39457         -1764.291264        0.250389       0.01           -0.010707      YES
94     142    236    0.161823            -1778.508729        -1778.346906        0.256694       0.01           -0.012022      YES
94     160    254    0.215095            -1878.221098        -1878.006003        0.230395       0.01           -0.021405      YES
94     188    282    0.004566            -1979.69819         -1979.693624        0.000218       0.01           -0.060881      YES
94     190    284    0.006043            -1982.382467        -1982.376424        -0.000126      0.01           -0.085483      YES
94     192    286    0.050145            -1985.22271         -1985.172565        0.115865       0.01           0.014053       YES
94     194    288    0.062648            -1990.520937        -1990.458289        0.182372       0.01           0.05132        YES
94     196    290    0.02363             -1995.328866        -1995.305236        0.190012       0.01           0.027704       YES
94     198    292    0.127044            -1999.905223        -1999.778179        0.196952       0.01           -0.012633      YES
94     230    324    0.196034            -2026.410942        -2026.214908        0.179446       0.01           -0.033616      YES
94     232    326    0.24743             -2026.399681        -2026.152251        0.165991       0.01           -0.03499       YES
94     234    328    0.251468            -2026.285683        -2026.034215        0.15525        0.01           -0.035317      YES
96     126    222    -0.007469           -1651.856158        -1651.863627        1.6e-05        0.01           -0.021636      YES
96     128    224    -0.019706           -1666.866451        -1666.886157        2.7e-05        0.01           -0.068557      YES
96     130    226    0.102911            -1684.054093        -1683.951182        0.270104       0.01           0.160707       YES
96     132    228    0.089295            -1702.199951        -1702.110656        0.255687       0.01           0.099219       YES
96     138    234    0.044308            -1753.766684        -1753.722376        0.248884       0.01           -0.011836      YES
96     160    256    0.197105            -1892.21319         -1892.016085        0.242227       0.01           -0.016303      YES
96     162    258    0.156728            -1901.436528        -1901.2798          0.231572       0.01           -0.020927      YES
96     182    278    -0.003099           -1984.809322        -1984.812421        0.000596       0.01           -0.006696      YES
96     184    280    -0.006158           -1992.058971        -1992.065129        4.3e-05        0.01           -0.008284      YES
96     186    282    4.7e-05             -1996.116041        -1996.115994        0.000265       0.01           -0.034533      YES
96     188    284    -0.006911           -1999.447416        -1999.454327        0.000617       0.01           -0.060543      YES
96     190    286    0.002818            -2002.715422        -2002.712604        0.000267       0.01           -0.07859       YES
96     192    288    0.124435            -2007.839488        -2007.715053        0.233625       0.01           0.146107       YES
96     194    290    0.11102             -2013.333029        -2013.222009        0.226139       0.01           0.116231       YES
96     196    292    0.104523            -2018.648563        -2018.54404         0.219609       0.01           0.06346        YES
96     234    330    0.250882            -2059.614413        -2059.363531        0.164815       0.01           -0.035019      YES
96     256    352    0.21333             -2060.13433         -2059.921           0.000468       0.01           -0.004415      YES
96     258    354    0.218189            -2059.636294        -2059.418105        0.000458       0.01           -0.006779      YES
96     260    356    0.214592            -2057.045883        -2056.831291        0.000778       0.01           -0.021066      YES
96     262    358    0.194073            -2053.639981        -2053.445908        0.001452       0.01           -0.037894      YES
98     126    224    -0.014796           -1649.33601         -1649.350806        1.4e-05        0.01           -0.02134       YES
98     128    226    0.132427            -1665.51168         -1665.379253        0.308225       0.01           0.252896       YES
98     130    228    0.134729            -1684.498458        -1684.363729        0.296595       0.01           0.199277       YES
98     162    260    0.130257            -1914.498371        -1914.368114        0.242484       0.01           -0.01664       YES
98     164    262    0.102832            -1923.597868        -1923.495036        0.2263         0.01           -0.021761      YES
98     166    264    0.075545            -1932.53927         -1932.463725        0.202964       0.01           -0.024713      YES
98     182    280    0.000415            -2001.668566        -2001.668151        0.001588       0.01           -0.023299      YES
98     184    282    -0.018149           -2009.450178        -2009.468327        0.000218       0.01           -0.024209      YES
98     186    284    -0.002866           -2014.087155        -2014.090021        0.000399       0.01           -0.036732      YES
98     188    286    -0.001466           -2017.992996        -2017.994462        0.001297       0.01           -0.056725      YES
98     190    288    0.189534            -2023.149401        -2022.959867        0.306888       0.01           0.233764       YES
98     192    290    0.070621            -2029.078707        -2029.008086        0.259935       0.01           0.178175       YES
98     194    292    0.120336            -2035.05707         -2034.936734        0.250353       0.01           0.159318       YES
98     196    294    0.109288            -2040.802006        -2040.692718        0.242725       0.01           0.089853       YES
98     256    354    0.196248            -2094.559067        -2094.362819        0.001127       0.01           -0.021012      YES
98     258    356    0.200206            -2094.368935        -2094.168729        0.000826       0.01           -0.014792      YES
98     260    358    0.200839            -2092.135293        -2091.934454        0.001405       0.01           -0.02722       YES
98     262    360    0.186803            -2089.09454         -2088.907737        0.003306       0.01           -0.039799      YES
100    126    226    -0.018406           -1645.660732        -1645.679138        7e-06          0.01           -0.017648      YES
100    128    228    0.123091            -1663.42689         -1663.303799        0.328308       0.01           0.286584       YES
100    162    262    0.089               -1925.811219        -1925.722219        0.245453       0.01           -0.013399      YES
100    164    264    0.06493             -1935.610739        -1935.545809        0.227387       0.01           -0.021666      YES
100    166    266    0.06894             -1945.199648        -1945.130708        0.207679       0.01           -0.024437      YES
100    168    268    0.089676            -1954.655616        -1954.56594         0.191439       0.01           -0.025336      YES
100    182    282    -0.018167           -2017.567822        -2017.585989        -0.03236       0.01           -0.05605       YES
100    184    284    -0.021594           -2025.695649        -2025.717243        0.000261       0.01           -0.020792      YES
100    186    286    0.000825            -2030.901585        -2030.90076         0.000509       0.01           -0.02944       YES
100    188    288    0.299445            -2035.952204        -2035.652759        0.323796       0.01           0.278398       YES
100    190    290    0.400662            -2042.834343        -2042.433681        0.322038       0.01           0.251143       YES
100    192    292    0.420693            -2049.36785         -2048.947157        0.319601       0.01           0.238076       YES
100    194    294    0.187855            -2055.371516        -2055.183661        0.307078       0.01           0.219694       YES
100    196    296    0.084673            -2061.431489        -2061.346816        0.259034       0.01           0.106644       YES
100    256    356    0.182907            -2127.98817         -2127.805263        0.001847       0.01           -0.020104      YES
100    258    358    0.182411            -2128.094264        -2127.911853        0.001085       0.01           -0.019427      YES
100    260    360    0.185395            -2126.226316        -2126.040921        0.001943       0.01           -0.02458       YES
100    262    362    0.190934            -2123.55999         -2123.369056        -0.008275      0.010002       -0.047733      NO
100    264    364    0.321812            -2121.516577        -2121.194765        0.051876       0.009917       -0.00389       NO
102    128    230    0.347628            -1659.255603        -1658.907975        -0.265656      0.01           -0.291557      YES
102    130    232    0.417374            -1678.562837        -1678.145463        -0.272965      0.01           -0.648632      YES
102    132    234    0.451024            -1697.393463        -1696.942439        -0.278915      0.01           -0.642352      YES
102    134    236    0.217972            -1719.208084        -1718.990112        0.330356       0.01           -0.032496      YES
102    136    238    0.135606            -1737.977365        -1737.841759        0.308663       0.01           -0.026377      YES
102    162    264    0.11507             -1935.725423        -1935.610353        0.24249        0.01           -0.014757      YES
102    164    266    0.0944              -1946.289212        -1946.194812        0.227233       0.01           -0.021699      YES
102    166    268    0.091081            -1956.431167        -1956.340086        0.212054       0.01           -0.02399       YES
102    168    270    0.081569            -1966.354365        -1966.272796        0.197509       0.01           -0.017653      YES
102    182    284    -0.021514           -2032.32871         -2032.350224        -0.039707      0.010001       -0.050896      NO
102    184    286    -0.011873           -2040.822448        -2040.834321        0.000293       0.01           -0.008111      YES
102    186    288    0.000234            -2046.58278         -2046.582546        0.000595       0.01           -0.016928      YES
102    188    290    0.09592             -2051.973437        -2051.877517        -0.180254      0.01           -0.214154      YES
102    190    292    0.103888            -2058.236182        -2058.132294        -0.186659      0.01           -0.256019      YES
102    192    294    0.456164            -2068.112917        -2067.656753        0.324958       0.01           0.239812       YES
102    256    358    0.174635            -2160.436788        -2160.262153        0.002448       0.01           -0.01236       YES
102    258    360    0.171829            -2160.8308          -2160.658971        0.001239       0.01           -0.00586       YES
102    260    362    0.175558            -2159.328248        -2159.15269         0.002273       0.01           -0.017365      YES
102    262    364    0.195556            -2157.058869        -2156.863313        -0.012793      0.010003       -0.044824      NO
102    264    366    0.337052            -2155.448035        -2155.110983        0.054533       0.009764       -0.005892      NO
104    134    238    0.315995            -1716.062584        -1715.746589        0.366074       0.01           -0.039635      YES
104    136    240    0.183475            -1735.266367        -1735.082892        0.348255       0.01           -0.037995      YES
104    164    268    0.153517            -1955.494637        -1955.34112         0.229336       0.01           -0.020729      YES
104    166    270    0.091332            -1966.143171        -1966.051839        0.216089       0.01           -0.019559      YES
104    168    272    0.059438            -1976.626534        -1976.567096        0.201938       0.01           -0.024798      YES
104    170    274    0.044122            -1986.956351        -1986.912229        0.188099       0.01           -0.01581       YES
104    172    276    0.644981            -1997.890126        -1997.245145        0.384832       0.01           -0.07992       YES
104    182    286    0.001559            -2045.929471        -2045.927912        -0.04136       0.010077       -0.022797      NO
104    184    288    -0.005654           -2054.849696        -2054.85535         0.000303       0.01           0.003378       YES
104    186    290    0.003631            -2061.165112        -2061.161481        0.000635       0.01           -0.001985      YES
104    188    292    0.147278            -2067.842207        -2067.694929        -0.184523      0.01           -0.205443      YES
104    190    294    0.152835            -2074.678244        -2074.525409        -0.190315      0.01           -0.261034      YES
104    192    296    0.138087            -2081.230491        -2081.092404        -0.197182      0.01           -0.551357      YES
104    252    356    1.472556            -2191.170695        -2189.698139        0.346406       0.01           -0.0421        YES
104    256    360    0.172713            -2191.913639        -2191.740926        0.002031       0.01           0.006799       YES
104    258    362    0.168393            -2192.589335        -2192.420942        0.001244       0.01           0.002566       YES
104    260    364    0.183045            -2191.460926        -2191.277881        0.002336       0.01           -0.000439      YES
104    262    366    0.195125            -2189.570375        -2189.37525         0.014183       0.01           -0.008523      YES
104    264    368    0.401074            -2188.613782        -2188.212708        0.297271       0.01           0.237849       YES
106    156    262    0.206963            -1909.139978        -1908.933015        0.257452       0.01           -0.025086      YES
106    162    268    0.207724            -1951.200673        -1950.992949        0.239209       0.01           -0.015393      YES
106    166    272    0.097112            -1974.572948        -1974.475836        0.217342       0.01           -0.019007      YES
106    168    274    0.062636            -1985.690605        -1985.627969        0.204626       0.01           -0.017357      YES
106    170    276    0.020928            -1996.640203        -1996.619275        0.192332       0.01           -0.016089      YES
106    172    278    0.020576            -2007.164051        -2007.143475        0.179863       0.01           -0.013536      YES
106    182    288    -0.005538           -2058.384321        -2058.389859        -0.040647      0.010005       -0.005867      NO
106    184    290    0.003091            -2067.789261        -2067.78617         0.000279       0.01           0.010127       YES
106    186    292    0.014491            -2074.662235        -2074.647744        0.000599       0.01           0.005858       YES
106    188    294    0.13911             -2082.193112        -2082.054002        -0.186454      0.01           -0.575405      YES
106    190    296    0.157616            -2089.629606        -2089.47199         -0.191993      0.01           -0.569969      YES
106    192    298    0.174376            -2096.788691        -2096.614315        -0.197799      0.01           -0.564473      YES
106    194    300    0.162024            -2103.714121        -2103.552097        -0.20488       0.01           -0.565722      YES
106    196    302    0.154073            -2110.745971        -2110.591898        -0.236919      0.01           -0.591598      YES
106    198    304    0.272077            -2123.020165        -2122.748088        0.317004       0.01           -0.045343      YES
106    238    344    -0.033908           -2211.294623        -2211.328531        0.181032       0.01           -0.015215      YES
106    250    356    1.230124            -2220.957609        -2219.727485        0.34347        0.01           -0.039589      YES
106    254    360    0.103117            -2221.722777        -2221.61966         -0.055299      0.01           -0.441362      YES
106    256    362    0.173216            -2222.422222        -2222.249006        0.00116        0.01           0.014672       YES
106    258    364    0.163458            -2223.368152        -2223.204694        0.00108        0.01           0.007699       YES
106    260    366    0.170311            -2222.610085        -2222.439774        0.002101       0.01           0.005496       YES
106    262    368    0.179889            -2221.079837        -2220.899948        0.009732       0.01           -0.005949      YES
106    264    370    0.17672             -2219.929917        -2219.753197        0.049745       0.01           -0.003425      NO
108    154    262    0.21415             -1895.902876        -1895.688726        0.255589       0.01           -0.024433      YES
108    156    264    0.207779            -1911.607513        -1911.399734        0.252018       0.01           -0.023238      YES
108    158    266    0.234398            -1927.177059        -1926.942661        0.248487       0.01           -0.022529      YES
108    164    272    0.166369            -1969.482469        -1969.3161          0.22467        0.01           -0.020937      YES
108    166    274    0.161644            -1981.605335        -1981.443691        0.215329       0.01           -0.017207      YES
108    168    276    0.13986             -1993.363452        -1993.223592        0.205267       0.01           -0.016035      YES
108    170    278    0.079016            -2004.859993        -2004.780977        0.19492        0.01           -0.014619      YES
108    172    280    0.053864            -2015.888698        -2015.834834        0.185824       0.01           -0.013608      YES
108    180    288    0.034653            -2059.646949        -2059.612296        -0.074121      0.01           -0.001562      YES
108    182    290    -0.026672           -2069.655567        -2069.682239        -0.036144      0.01           -0.00076       NO
108    184    292    0.014242            -2079.651829        -2079.637587        0.000241       0.01           0.007812       YES
108    186    294    0.023565            -2087.090481        -2087.066916        0.000511       0.01           0.008143       YES
108    188    296    0.142077            -2095.100939        -2094.958862        -0.186716      0.01           -0.582441      YES
108    190    298    0.162704            -2103.121176        -2102.958472        -0.192289      0.01           -0.574263      YES
108    192    300    0.179669            -2110.871236        -2110.691567        -0.197941      0.01           -0.572555      YES
108    194    302    0.205704            -2118.403211        -2118.197507        -0.203895      0.01           -0.571085      YES
108    196    304    0.163483            -2125.698176        -2125.534693        -0.210452      0.01           -0.573522      YES
108    198    306    0.112487            -2132.791304        -2132.678817        -0.219348      0.01           -0.575224      YES
108    244    352    0.675767            -2243.253073        -2242.577306        0.344885       0.01           -0.038846      YES
108    246    354    0.943821            -2245.554894        -2244.611073        0.344854       0.01           -0.039413      YES
108    248    356    1.280946            -2247.687382        -2246.406436        0.345706       0.01           -0.040234      YES
108    250    358    1.560438            -2249.538453        -2247.978015        0.346948       0.01           -0.041413      YES
108    252    360    0.132909            -2249.695376        -2249.562467        -0.072327      0.01           -0.462784      YES
108    254    362    0.042945            -2250.789775        -2250.74683         -0.051232      0.01           -0.442891      YES
108    256    364    0.177571            -2251.960595        -2251.783024        0.001008       0.01           -0.389226      YES
108    258    366    0.16423             -2253.172141        -2253.007911        0.000799       0.01           0.008353       YES
108    260    368    0.161585            -2252.786353        -2252.624768        0.001622       0.01           -0.377585      YES
108    262    370    0.157792            -2251.629507        -2251.471715        -0.00682       0.01           -0.379628      YES
108    264    372    0.141171            -2250.614084        -2250.472913        0.037026       0.01           -0.329593      YES
108    266    374    0.496209            -2250.160766        -2249.664557        -0.264333      0.01           -0.62474       YES
108    268    376    0.513207            -2250.232791        -2249.719584        -0.265389      0.01           -0.619747      YES
110    152    262    0.182752            -1876.804392        -1876.62164         0.248761       0.01           -0.021911      YES
110    154    264    0.176416            -1893.904472        -1893.728056        0.246277       0.01           -0.021742      YES
110    156    266    0.179518            -1910.495916        -1910.316398        0.243358       0.01           -0.021322      YES
110    158    268    0.206101            -1926.940388        -1926.734287        0.240464       0.01           -0.019963      YES
110    160    270    0.230663            -1943.05425         -1942.823587        0.235631       0.01           -0.018624      YES
110    164    274    0.128409            -1972.388439        -1972.26003         0.217585       0.01           -0.016355      YES
110    166    276    0.135127            -1985.472905        -1985.337778        0.208842       0.01           -0.014561      YES
110    168    278    0.098475            -1998.094114        -1997.995639        0.199732       0.01           -0.024098      YES
110    170    280    0.05818             -2010.462441        -2010.404261        0.189499       0.01           -0.012555      YES
110    186    296    0.045356            -2098.454415        -2098.409059        0.000393       0.01           0.004039       YES
110    188    298    0.333572            -2107.655975        -2107.322403        0.367032       0.01           -0.044916      YES
110    190    300    0.150736            -2114.963015        -2114.812279        -0.190261      0.01           -0.58827       YES
110    192    302    0.170189            -2123.252063        -2123.081874        -0.195929      0.01           -0.578199      YES
110    194    304    0.187621            -2131.314617        -2131.126996        -0.201683      0.01           -0.575575      YES
110    196    306    0.190898            -2139.14105         -2138.950152        -0.207746      0.01           -0.577377      YES
110    198    308    0.432389            -2146.788963        -2146.356574        -0.31991       0.01           -0.684662      YES
110    200    310    0.149738            -2154.202544        -2154.052806        -0.221237      0.01           -0.577223      YES
110    250    360    1.393408            -2276.337564        -2274.944156        0.351118       0.01           -0.040527      YES
110    252    362    1.577909            -2278.323474        -2276.745565        0.351476       0.01           -0.043001      YES
110    254    364    0.166023            -2278.813599        -2278.647576        -0.044368      0.01           -0.43926       YES
110    256    366    1.424673            -2281.062903        -2279.63823         0.350209       0.01           -0.043219      YES
110    260    370    0.162096            -2281.996393        -2281.834297        0.001052       0.01           -0.381061      YES
110    262    372    0.141092            -2281.227346        -2281.086254        0.00318        0.01           -0.372757      YES
110    264    374    0.178847            -2280.476837        -2280.29799         0.019973       0.01           -0.350375      YES
110    266    376    0.465363            -2280.029041        -2279.563678        -0.267552      0.01           -0.632713      YES
110    268    378    0.508799            -2280.436516        -2279.927717        -0.269227      0.01           -0.629207      YES
110    270    380    0.510012            -2280.710004        -2280.199992        -0.269683      0.01           -0.624439      YES
112    152    264    0.154929            -1872.73979         -1872.584861        0.235085       0.01           -0.019693      YES
112    154    266    0.143455            -1890.678589        -1890.535134        0.233784       0.01           -0.019364      YES
112    156    268    0.163431            -1908.143396        -1907.979965        0.232802       0.01           -0.018385      YES
112    158    270    0.206534            -1925.480902        -1925.274368        0.23176        0.01           -0.017006      YES
112    160    272    0.231631            -1942.566995        -1942.335364        0.228349       0.01           -0.015678      YES
112    164    276    0.140262            -1973.995175        -1973.854913        0.212403       0.01           -0.012681      YES
112    188    300    0.077589            -2116.576516        -2116.498927        0.000802       0.01           -0.42515       YES
112    190    302    0.134611            -2125.267558        -2125.132947        -0.185131      0.010011       -0.595663      NO
112    192    304    0.148604            -2134.060262        -2133.911658        -0.190705      0.01           -0.582052      YES
112    194    306    1.118167            -2142.997343        -2141.879176        -0.318908      0.01           -0.704929      YES
112    196    308    0.013473            -2151.454686        -2151.441213        0.167834       0.01           -0.212975      YES
112    198    310    0.134825            -2159.185415        -2159.05059         -0.214942      0.01           -0.590564      YES
112    200    312    0.167083            -2167.213695        -2167.046612        -0.223337      0.01           -0.594118      YES
112    202    314    0.113505            -2175.203184        -2175.089679        -0.296128      0.01           -0.66007       YES
112    250    362    1.023639            -2301.559059        -2300.53542         0.360429       0.01           -0.045262      YES
112    252    364    1.181432            -2303.956283        -2302.774851        0.359841       0.01           -0.04579       YES
112    254    366    1.131893            -2305.923786        -2304.791893        0.359485       0.01           -0.045932      YES
112    262    374    0.142829            -2309.850036        -2309.707207        0.001492       0.01           -0.373361      YES
112    264    376    0.136087            -2309.41753         -2309.281443        0.004191       0.01           -0.365106      YES
112    266    378    0.173033            -2309.02247         -2308.849437        0.035343       0.01           -0.329282      YES
112    268    380    0.678734            -2309.330712        -2308.651978        -0.28107       0.01           -0.641135      YES
112    270    382    0.720993            -2309.921222        -2309.200229        -0.280471      0.01           -0.635893      YES
112    272    384    0.674345            -2310.346474        -2309.672129        -0.279842      0.01           -0.630277      YES
112    276    388    1.438705            -2315.675413        -2314.236708        0.307416       0.01           -0.046423      YES
114    156    270    0.109404            -1904.790256        -1904.680852        0.217474       0.01           -0.015809      YES
114    162    276    0.159489            -1958.18262         -1958.023131        0.211883       0.01           -0.011266      YES
114    164    278    0.109596            -1974.203549        -1974.093953        0.203929       0.01           -0.010663      YES
114    190    304    0.08826             -2134.383811        -2134.295551        -0.001394      0.01           -0.414281      YES
114    192    306    1.162875            -2143.747693        -2142.584818        -0.318439      0.01           -0.732471      YES
114    194    308    0.094845            -2152.693503        -2152.598658        -0.186152      0.01           -0.589226      YES
114    196    310    0.054443            -2161.861166        -2161.806723        0.124406       0.01           -0.271523      YES
114    202    316    0.246002            -2187.530821        -2187.284819        -0.233625      0.01           -0.614247      YES
114    204    318    0.269181            -2195.781404        -2195.512223        -0.239176      0.01           -0.613762      YES
114    264    378    0.173733            -2337.238147        -2337.064414        0.001943       0.01           -0.378253      YES
114    266    380    0.132104            -2337.171899        -2337.039795        0.005313       0.01           -0.370371      YES
114    268    382    0.897153            -2337.286775        -2336.389622        -0.293207      0.01           -0.664317      YES
114    270    384    0.941857            -2338.206165        -2337.264308        -0.292402      0.01           -0.658082      YES
114    272    386    0.949958            -2338.974607        -2338.024649        -0.291676      0.01           -0.661263      YES
114    274    388    0.915152            -2339.596453        -2338.681301        -0.291113      0.01           -0.64379       YES
114    278    392    1.393595            -2344.821609        -2343.428014        0.307779       0.01           -0.037777      YES
114    282    396    1.307954            -2344.836236        -2343.528282        0.302712       0.01           0.017706       YES
114    284    398    1.054224            -2344.347912        -2343.293688        0.300831       0.01           0.025488       YES
114    286    400    0.35312             -2343.985434        -2343.632314        0.21849        0.01           -0.045639      YES
114    288    402    0.272934            -2344.150684        -2343.87775         0.210604       0.01           -0.045852      YES
114    290    404    0.411379            -2344.228719        -2343.81734         0.2073         0.01           -0.042654      YES
114    292    406    0.537794            -2344.112898        -2343.575104        0.205132       0.01           -0.041966      YES
114    294    408    0.611747            -2343.73608         -2343.124333        0.203319       0.01           -0.041268      YES
114    296    410    0.617568            -2343.079234        -2342.461666        0.201555       0.01           -0.04081       YES
116    160    276    0.110422            -1937.813885        -1937.703463        0.199782       0.01           -0.010494      YES
116    190    306    0.050477            -2142.471447        -2142.42097         -0.032708      0.009999       -0.481343      NO
116    192    308    1.230412            -2152.422579        -2151.192167        -0.321383      0.01           -0.745818      YES
116    194    310    0.034186            -2161.896946        -2161.86276         -0.134755      0.01           -0.562499      YES
116    196    312    0.058189            -2171.313648        -2171.255459        -0.139438      0.01           -0.55336       NO
116    198    314    0.054151            -2180.904283        -2180.850132        0.121154       0.01           -0.286676      YES
116    202    318    0.191332            -2198.634328        -2198.442996        -0.23563       0.01           -0.628874      YES
116    264    380    0.111302            -2363.340978        -2363.229676        0.002421       0.01           -0.049072      YES
116    266    382    0.087152            -2363.744426        -2363.657274        0.007181       0.01           -0.04979       YES
116    268    384    0.993756            -2364.334144        -2363.340388        -0.303905      0.01           -0.358218      YES
116    270    386    0.984161            -2365.569698        -2364.585537        -0.303185      0.01           -0.682262      YES
116    272    388    1.010149            -2366.672804        -2365.662655        -0.301849      0.01           -0.671897      YES
116    274    390    1.060974            -2367.653516        -2366.592542        -0.300431      0.01           -0.660511      YES
116    276    392    1.108637            -2368.511764        -2367.403127        -0.299149      0.01           -0.651541      YES
116    284    400    1.150397            -2373.615307        -2372.46491         0.30145        0.01           0.021947       YES
116    286    402    0.964839            -2373.374357        -2372.409518        0.29978        0.01           0.029825       YES
116    288    404    0.315058            -2373.589014        -2373.273956        0.216363       0.01           -0.042964      YES
116    290    406    0.228455            -2373.949149        -2373.720694        0.209407       0.01           -0.041092      YES
116    292    408    0.364029            -2374.187091        -2373.823062        0.20487        0.01           -0.040949      YES
116    294    410    0.452335            -2374.216227        -2373.763892        0.20222        0.01           -0.040443      YES
116    296    412    0.480283            -2373.995808        -2373.515525        0.200045       0.01           -0.039775      YES
116    298    414    0.475369            -2373.543361        -2373.067992        0.1981         0.01           -0.039359      YES
116    300    416    0.45256             -2372.888154        -2372.435594        0.195948       0.01           -0.038746      YES
118    162    280    0.076757            -1951.663989        -1951.587232        0.182983       0.01           -0.007248      YES
118    188    306    0.078635            -2139.143719        -2139.065084        0.001938       0.01           -0.03552       YES
118    190    308    0.043167            -2149.002158        -2148.958991        -0.044168      0.010006       -0.10202       NO
118    192    310    0.031969            -2159.451411        -2159.419442        -0.120378      0.01           -0.188257      YES
118    194    312    0.038812            -2169.70152         -2169.662708        -0.12844       0.01           0.229161       YES
118    196    314    0.015147            -2179.690109        -2179.674962        -0.133535      0.01           0.228956       YES
118    198    316    0.013622            -2189.466539        -2189.452917        -0.137134      0.01           0.230175       YES
118    200    318    0.082886            -2199.022848        -2198.939962        -0.139455      0.010002       0.232006       NO
118    264    382    0.086681            -2388.033798        -2387.947117        0.002477       0.01           -0.048717      YES
118    266    384    0.069948            -2388.910936        -2388.840988        0.007826       0.01           -0.049846      YES
118    268    386    0.017101            -2389.742458        -2389.725357        0.02145        0.01           -0.035626      YES
118    270    388    0.054081            -2390.683675        -2390.629594        0.039367       0.01           -0.009017      YES
118    272    390    0.558734            -2392.073201        -2391.514467        -0.237919      0.01           -0.61964       YES
118    274    392    1.059648            -2394.616922        -2393.557274        -0.310552      0.01           -0.676907      YES
118    276    394    1.07884             -2395.764001        -2394.685161        -0.308705      0.01           -0.663775      YES
118    284    402    1.103199            -2401.783511        -2400.680312        0.300514       0.01           0.030891       YES
118    286    404    0.985426            -2401.987186        -2401.00176         0.298485       0.01           0.036063       YES
118    288    406    0.257129            -2402.035773        -2401.778644        0.226929       0.01           -0.038929      YES
118    290    408    0.198857            -2402.569133        -2402.370276        0.215507       0.01           -0.038369      YES
118    292    410    0.109824            -2403.114847        -2403.005023        0.206507       0.01           -0.038938      YES
118    294    412    0.236954            -2403.545986        -2403.309032        0.20164        0.01           -0.038401      YES
118    296    414    0.358196            -2403.774775        -2403.416579        0.198713       0.01           -0.037792      YES
118    298    416    0.436623            -2403.76894         -2403.332317        0.196563       0.01           -0.03715       YES
118    300    418    0.486929            -2403.537686        -2403.050757        0.19454        0.01           -0.03671       YES
120    166    286    2.105529            -1982.355865        -1980.250336        -0.360426      0.01           0.009724       YES
120    188    308    0.072354            -2143.578268        -2143.505914        0.001184       0.01           -0.03477       YES
120    190    310    0.028354            -2153.84169         -2153.813336        -0.027252      0.01           -0.076191      YES
120    192    312    0.01182             -2164.747819        -2164.735999        -0.119485      0.01           -0.182218      YES
120    194    314    -0.011348           -2175.577802        -2175.58915         -0.132212      0.01           -0.198372      YES
120    196    316    -0.016668           -2186.182724        -2186.199392        -0.137778      0.01           0.231802       YES
120    198    318    -0.018624           -2196.545173        -2196.563797        -0.140673      0.01           0.233767       YES
120    200    320    0.019878            -2206.685039        -2206.665161        -0.14221       0.01           0.236185       YES
120    202    322    0.032539            -2216.813634        -2216.781095        0.164951       0.01           0.546433       YES
120    210    330    2.24076             -2258.40702         -2256.16626         -0.356182      0.01           0.015647       YES
120    216    336    2.058851            -2284.727204        -2282.668353        -0.360868      0.01           0.037254       YES
120    218    338    1.909707            -2293.096475        -2291.186768        -0.362372      0.01           0.035047       YES
120    262    382    0.092835            -2409.925029        -2409.832194        0.00066        0.01           -0.034314      YES
120    264    384    0.064609            -2411.337141        -2411.272532        0.001218       0.01           -0.046895      YES
120    266    386    0.047104            -2412.671878        -2412.624774        0.002229       0.01           -0.052317      YES
120    268    388    0.106859            -2414.11703         -2414.010171        -0.154427      0.01           -0.209726      YES
120    270    390    0.116608            -2415.773444        -2415.656836        -0.155292      0.01           -0.206341      YES
120    272    392    0.099203            -2417.261015        -2417.161812        -0.15682       0.01           -0.199086      YES
120    274    394    0.715879            -2418.592969        -2417.87709         -0.245786      0.01           -0.616265      YES
120    276    396    0.913018            -2420.214363        -2419.301345        -0.25036       0.009998       -0.608801      NO
120    278    398    0.959872            -2421.636147        -2420.676275        -0.254415      0.009999       -0.60594       NO
120    296    416    0.188125            -2432.264115        -2432.07599         0.202535       0.01           -0.03615       YES
120    298    418    0.332143            -2432.683391        -2432.351248        0.198035       0.01           -0.036182      YES
