Z      N      A      E_soft(MeV)         BE_b3=0 (MeV)       BE_b3=0.01 (MeV)    beta2          beta3 (0.01)   delta_beta2    CONV     
4      20     24     0.000159            -50.900442          -50.900283          -0.0           0.009999       -0.450852      YES
10     36     46     0.115987            -198.420016         -198.304029         0.066793       0.01           -0.322112      YES
12     12     24     2390.739495         -196.847541         2193.891954         0.46332        20.231481      0.157738       NO
16     28     44     0.104935            -354.323619         -354.218684         -0.128236      0.010001       0.013939       YES
22     14     36     3081.754831         -245.537059         2836.217772         1.229075       -17.300685     1.127713       NO
32     46     78     0.093826            -677.280865         -677.187039         0.156426       0.01           -0.007296      YES
34     48     82     0.053205            -713.254257         -713.201052         0.125323       0.01           -0.008038      YES
34     62     96     0.188851            -772.377816         -772.188965         -0.209161      0.01           0.020217       YES
34     66     100    0.307078            -780.90839          -780.601312         -0.203325      0.01           0.019611       YES
36     48     84     0.061169            -732.792536         -732.731367         0.080383       0.01           -0.004433      YES
36     54     90     0.042172            -771.416616         -771.374444         0.126073       0.01           -0.007568      YES
36     60     96     0.283644            -797.798728         -797.515084         -0.229156      0.01           0.017163       YES
36     64     100    0.163027            -810.669363         -810.506336         -0.214651      0.01           -0.571903      YES
38     60     98     0.060242            -824.708433         -824.648191         -0.199188      0.01           -0.58664       YES
38     62     100    0.050926            -833.372681         -833.321755         -0.202818      0.01           -0.589851      YES
38     64     102    0.036249            -841.487461         -841.451212         -0.197526      0.01           -0.580305      YES
40     34     74     0.127243            -576.615448         -576.488205         -0.176755      0.01           0.013469       YES
40     64     104    0.036427            -870.021396         -869.984969         -0.188936      0.01           -0.570925      YES
40     66     106    0.084788            -879.293067         -879.208279         -0.191875      0.01           -0.566543      YES
40     70     110    0.381034            -894.889801         -894.508767         0.346093       0.01           -0.035908      YES
42     64     106    0.106805            -895.385939         -895.279134         -0.195145      0.01           0.011847       YES
44     34     78     0.097362            -566.198453         -566.101091         0.128743       0.01           -0.01463       YES
44     68     112    0.200602            -941.871462         -941.67086          -0.202607      0.01           0.004898       YES
52     62     114    0.039164            -958.384463         -958.345299         0.242441       0.01           -0.022226      YES
52     92     144    0.034859            -1151.916678        -1151.881819        0.163585       0.01           -0.018698      YES
52     94     146    0.048074            -1156.455354        -1156.40728         0.20614        0.01           -0.014606      YES
54     88     142    0.049361            -1165.465466        -1165.416105        0.159695       0.01           -0.015382      YES
54     90     144    0.035416            -1172.299504        -1172.264088        0.177576       0.01           -0.013548      YES
54     92     146    0.033833            -1178.531953        -1178.49812         0.196013       0.01           -0.015495      YES
54     94     148    0.057729            -1184.655275        -1184.597546        0.218713       0.01           -0.016054      YES
56     54     110    0.084892            -867.640583         -867.555691         0.195413       0.01           -0.011137      YES
56     56     112    0.072424            -895.142348         -895.069924         0.213292       0.01           -0.014108      YES
56     58     114    0.035885            -920.600656         -920.564771         0.232481       0.01           -0.014709      YES
56     86     142    0.033774            -1176.656603        -1176.622829        0.145546       0.01           -0.015973      YES
56     88     144    0.078149            -1186.259611        -1186.181462        0.175068       0.009971       -0.018953      NO
56     90     146    0.050665            -1194.767978        -1194.717313        0.196475       0.009893       -0.010659      NO
56     92     148    0.068362            -1202.675699        -1202.607337        0.225494       0.009976       -0.006982      NO
56     136    192    0.200976            -1263.260134        -1263.059158        0.14768        0.01           -0.018418      NO
56     138    194    0.227073            -1260.149188        -1259.922115        0.160995       0.01           -0.022025      YES
58     56     114    0.036054            -890.718882         -890.682828         0.239829       0.01           -0.017173      YES
58     66     124    0.118213            -1018.452293        -1018.33408         0.328914       0.01           -0.035115      YES
58     84     142    0.015635            -1181.964975        -1181.94934         0.095988       0.01           -0.014503      YES
58     86     144    0.03445             -1193.270672        -1193.236222        0.149675       0.009995       -0.015012      NO
58     88     146    0.059455            -1204.278216        -1204.218761        0.185807       0.009963       -0.015329      NO
58     90     148    0.177906            -1214.632189        -1214.454283        0.229243       0.01           0.005543       YES
58     132    190    0.085633            -1309.836958        -1309.751325        0.10191        0.01           -0.006994      YES
58     134    192    0.11429             -1307.808014        -1307.693724        0.130951       0.01           -0.017847      YES
58     136    194    0.142934            -1305.671756        -1305.528822        0.149836       0.01           -0.021215      YES
58     138    196    0.085204            -1303.343522        -1303.258318        0.167715       0.01           -0.02161       YES
60     68     128    0.142178            -1044.736539        -1044.594361        0.336302       0.01           -0.029805      YES
60     86     146    0.033568            -1207.772758        -1207.73919         0.150572       0.00999        -0.009437      NO
60     88     148    0.046143            -1220.196539        -1220.150396        0.198579       0.009961       -0.009523      NO
60     132    192    0.044348            -1348.88546         -1348.841112        0.089461       0.01           -0.018555      YES
60     134    194    0.015474            -1347.337585        -1347.322111        0.124041       0.01           -0.017927      YES
60     136    196    -0.03344            -1345.792358        -1345.825798        0.150518       0.01           -0.016687      YES
60     138    198    0.469433            -1344.893221        -1344.423788        0.218538       0.01           0.027883       YES
62     86     148    0.037199            -1220.437239        -1220.40004         0.153309       0.009998       8.5e-05        NO
62     88     150    0.034875            -1234.43825         -1234.403375        0.21145        0.01           -0.013169      YES
62     132    194    0.018377            -1385.924854        -1385.906477        0.069662       0.01           -0.026302      YES
62     134    196    0.040114            -1384.884027        -1384.843913        0.121569       0.010026       -0.01036       NO
62     136    198    0.004987            -1384.078896        -1384.073909        0.16185        0.009988       -0.000437      NO
64     130    194    -0.00019            -1420.925727        -1420.925917        8e-06          0.01           -0.047705      YES
64     132    196    -0.016871           -1420.824427        -1420.841298        0.056588       0.01           -0.025345      YES
64     134    198    0.078669            -1420.663777        -1420.585108        0.131867       0.00998        0.007962       NO
64     136    200    0.164391            -1421.055642        -1420.891251        0.180277       0.008208       0.018099       NO
66     130    196    0.004211            -1452.863944        -1452.859733        0.017414       0.01           -0.032049      YES
66     132    198    -0.019002           -1453.644407        -1453.663409        0.078213       0.01           0.000895       YES
66     134    200    0.053167            -1454.787437        -1454.73427         0.141644       0.01           0.012305       YES
66     136    202    0.114987            -1456.138602        -1456.023615        0.180478       0.01           0.008104       YES
66     168    234    0.462564            -1445.788996        -1445.326432        0.197515       0.01           -0.03269       YES
66     170    236    0.5298              -1442.625564        -1442.095764        0.180564       0.01           -0.026385      YES
68     130    198    0.002585            -1483.027496        -1483.024911        0.041407       0.01           -0.004788      YES
68     132    200    0.065773            -1485.002129        -1484.936356        0.10665        0.01           0.025523       YES
68     134    202    0.074036            -1487.116386        -1487.04235         0.144526       0.01           -0.004143      YES
68     162    230    0.4382              -1497.793081        -1497.354881        0.24096        0.01           -0.030689      YES
68     164    232    0.648387            -1495.68446         -1495.036073        0.223343       0.01           -0.034596      YES
68     170    238    0.445497            -1488.516482        -1488.070985        0.184286       0.01           -0.031415      YES
70     86     156    0.028379            -1254.353735        -1254.325356        0.146073       0.01           -0.011019      YES
70     164    234    0.65848             -1537.91017         -1537.25169         0.217512       0.01           -0.033988      YES
70     166    236    0.619259            -1536.54387         -1535.924611        0.206721       0.01           -0.033191      YES
70     168    238    0.528943            -1534.866732        -1534.337789        0.194451       0.01           -0.032188      YES
70     170    240    0.421016            -1532.712794        -1532.291778        0.178358       0.01           -0.030034      YES
72     86     158    0.032104            -1258.551973        -1258.519869        0.143022       0.01           -0.008957      YES
72     166    238    0.525796            -1577.204593        -1576.678797        0.197216       0.01           -0.031973      YES
72     168    240    0.506625            -1576.320218        -1575.813593        0.18492        0.01           -0.030718      YES
72     174    246    0.414038            -1570.984936        -1570.570898        0.132625       0.01           -0.020632      YES
82     140    222    -0.002712           -1681.258004        -1681.260716        2e-06          0.01           -0.000279      YES
84     134    218    0.045231            -1676.440463        -1676.395232        0.098647       0.01           -0.002224      YES
84     156    240    0.144515            -1752.421003        -1752.276488        0.230152       0.01           -0.026525      YES
84     160    244    0.129134            -1762.273228        -1762.144094        0.210691       0.01           -0.028132      YES
84     162    246    0.125856            -1766.507192        -1766.381336        0.195711       0.01           -0.027848      YES
84     196    280    0.091987            -1792.381058        -1792.289071        0.098445       0.01           -0.008398      YES
86     130    216    -0.001765           -1669.305557        -1669.307322        0.07573        0.01           -0.001678      YES
86     132    218    0.013911            -1679.428112        -1679.414201        0.106404       0.01           -0.01317       YES
86     134    220    0.178898            -1689.048337        -1688.869439        0.126218       0.009701       -0.014565      NO
86     136    222    0.011121            -1698.368416        -1698.357295        0.145572       0.01           -0.013815      YES
86     138    224    0.057585            -1707.614348        -1707.556763        0.163641       0.01           -0.014016      YES
86     140    226    0.085089            -1716.667662        -1716.582573        0.178868       0.01           -0.009299      YES
86     152    238    0.048824            -1763.074655        -1763.025831        0.228046       0.01           -0.019421      YES
86     154    240    0.042381            -1769.190621        -1769.14824         0.225433       0.01           -0.023609      YES
86     156    242    0.064144            -1775.203666        -1775.139522        0.221684       0.01           -0.025851      YES
86     158    244    0.082919            -1781.037209        -1780.95429         0.213878       0.01           -0.027289      YES
86     192    278    0.051278            -1831.044176        -1830.992898        0.080599       0.01           -0.018418      YES
86     194    280    0.054629            -1829.464786        -1829.410157        0.104689       0.01           -0.018171      YES
86     196    282    0.151937            -1828.006488        -1827.854551        0.123436       0.01           -0.016497      YES
86     198    284    0.220816            -1826.712427        -1826.491611        0.141063       0.01           -0.011163      YES
88     130    218    0.012268            -1677.092453        -1677.080185        0.092411       0.009999       -0.015428      NO
88     132    220    0.086399            -1688.618632        -1688.532233        0.122628       0.009997       -0.018137      NO
88     134    222    0.059522            -1699.690682        -1699.63116         0.146359       0.009986       -0.016422      NO
88     136    224    0.078744            -1710.522745        -1710.444001        0.169102       0.009814       -0.013567      NO
88     138    226    0.108176            -1721.220749        -1721.112573        0.186805       0.010002       -0.015406      NO
88     140    228    0.081353            -1731.548131        -1731.466778        0.199817       0.01           -0.017435      YES
88     142    230    0.124866            -1741.432077        -1741.307211        0.211019       0.01           -0.009822      YES
88     152    240    0.05449             -1782.969353        -1782.914863        0.228751       0.01           -0.014202      YES
88     154    242    0.048339            -1789.742837        -1789.694498        0.224615       0.01           -0.0216        YES
88     156    244    0.057693            -1796.445486        -1796.387793        0.219646       0.01           -0.024555      YES
88     192    280    0.028049            -1862.454332        -1862.426283        0.091588       0.01           -0.025547      YES
88     194    282    0.02352             -1861.791368        -1861.767848        0.115404       0.01           -0.021949      YES
88     196    284    0.063105            -1861.304464        -1861.241359        0.136604       0.01           -0.016763      YES
88     198    286    0.218885            -1861.077744        -1860.858859        0.155198       0.01           -0.014833      YES
88     200    288    0.334333            -1860.803787        -1860.469454        0.169268       0.01           -0.013229      YES
90     118    208    0.055479            -1585.338467        -1585.282988        0.13045        0.01           -0.007514      YES
90     130    220    0.055867            -1683.173089        -1683.117222        0.100545       0.010005       -0.016486      NO
90     132    222    0.07372             -1695.996735        -1695.923015        0.13672        0.01           -0.014987      YES
90     134    224    0.120648            -1708.693054        -1708.572406        0.168719       0.01           -0.006581      YES
90     136    226    0.150734            -1721.389644        -1721.23891         0.195491       0.010014       -0.001306      NO
90     138    228    0.147263            -1733.49666         -1733.349397        0.211175       0.01           -0.001306      YES
90     154    244    0.104824            -1808.636815        -1808.531991        0.230481       0.01           -0.017049      YES
90     156    246    0.119422            -1816.024213        -1815.904791        0.22459        0.01           -0.022599      YES
90     158    248    0.127083            -1823.290276        -1823.163193        0.216786       0.01           -0.025075      YES
90     160    250    0.149991            -1830.307626        -1830.157635        0.206874       0.01           -0.026307      YES
90     190    280    0.011396            -1892.940725        -1892.929329        1e-06          0.01           -0.089773      YES
90     192    282    0.072835            -1892.122708        -1892.049873        0.094618       0.009991       -0.027642      NO
90     194    284    0.184299            -1892.311219        -1892.12692         0.124322       0.010001       -0.023541      NO
90     196    286    0.276654            -1892.957686        -1892.681032        0.150822       0.010004       -0.016216      NO
90     198    288    0.308486            -1893.785383        -1893.476897        0.169451       0.01           -0.010406      YES
90     224    314    0.394964            -1877.042817        -1876.647853        0.193196       0.01           -0.049725      YES
92     130    222    0.064747            -1687.73434         -1687.669593        0.105668       0.009965       -0.01191       NO
92     132    224    0.085425            -1701.83825         -1701.752825        0.150054       0.01           -0.006525      YES
92     134    226    0.16878             -1716.161392        -1715.992612        0.186774       0.010012       0.001825       NO
92     136    228    0.17338             -1730.434249        -1730.260869        0.21346        0.01           0.003129       YES
92     138    230    0.186473            -1743.809684        -1743.623211        0.22816        0.01           0.001772       YES
92     156    248    0.193514            -1833.924451        -1833.730937        0.233824       0.01           -0.016917      YES
92     158    250    0.215328            -1841.762538        -1841.54721         0.225819       0.01           -0.022629      YES
92     160    252    0.207846            -1849.348624        -1849.140778        0.216181       0.01           -0.025238      YES
92     162    254    0.192231            -1856.361737        -1856.169506        0.204927       0.01           -0.026365      YES
92     190    282    0.008839            -1920.586814        -1920.577975        5e-06          0.01           -0.087918      YES
92     192    284    0.052768            -1920.27158         -1920.218812        0.096051       0.009914       -0.024591      NO
92     194    286    0.21922             -1921.366443        -1921.147223        0.133987       0.009996       -0.016017      NO
92     196    288    0.302406            -1923.17759         -1922.875184        0.163275       0.010011       -0.000551      NO
92     198    290    0.334834            -1924.907126        -1924.572292        0.180254       0.01           -0.005485      YES
94     130    224    0.111957            -1690.915964        -1690.804007        0.110025       0.009634       -0.000975      NO
94     132    226    0.104285            -1706.264811        -1706.160526        0.160566       0.01           0.004202       YES
94     134    228    0.114393            -1721.812432        -1721.698039        0.197177       0.009997       0.002733       NO
94     136    230    0.100674            -1737.0847          -1736.984026        0.220651       0.01           -0.005826      YES
94     138    232    0.125068            -1751.514266        -1751.389198        0.2338         0.01           -0.00803       YES
94     140    234    0.139473            -1765.268115        -1765.128642        0.243763       0.01           -0.011162      YES
94     158    252    0.254809            -1858.661076        -1858.406267        0.236667       0.01           -0.014667      YES
94     160    254    0.24219             -1866.795954        -1866.553764        0.226533       0.01           -0.022752      YES
94     162    256    0.192224            -1874.35194         -1874.159716        0.214409       0.01           -0.025543      YES
94     190    284    -0.003761           -1946.015333        -1946.019094        -0.000238      0.01           -0.082939      YES
94     192    286    0.676132            -1946.965322        -1946.28919         0.108686       0.007519       -0.01165       NO
94     194    288    0.203654            -1948.952967        -1948.749313        0.142242       0.009701       -0.004542      NO
94     196    290    0.259456            -1951.639071        -1951.379615        0.171508       0.01           0.003176       YES
94     198    292    0.291234            -1954.146583        -1953.855349        0.187675       0.01           -0.001432      YES
96     128    224    0.004579            -1678.353848        -1678.349269        -0.000296      0.01           -0.046753      YES
96     130    226    0.060109            -1692.790499        -1692.73039         0.112211       0.010005       0.01044        NO
96     132    228    0.083461            -1709.205018        -1709.121557        0.168348       0.009818       0.016463       NO
96     134    230    0.053718            -1725.735453        -1725.681735        0.206553       0.01           0.005446       YES
96     136    232    0.072383            -1741.952827        -1741.880444        0.227312       0.01           -0.008836      YES
96     162    258    0.189498            -1890.94755         -1890.758052        0.223195       0.01           -0.023712      YES
96     164    260    0.140431            -1898.113983        -1897.973552        0.206097       0.01           -0.026371      YES
96     174    270    0.042624            -1934.323272        -1934.280648        -0.117866      0.01           -0.014382      YES
96     186    282    0.004732            -1968.105836        -1968.101104        0.00025        0.01           -0.015299      YES
96     188    284    -0.007753           -1968.9044          -1968.912153        0.000538       0.01           -0.051957      YES
96     190    286    0.128302            -1970.141584        -1970.013282        0.069136       0.009937       -0.007276      NO
96     192    288    0.11198             -1972.284234        -1972.172254        0.104387       0.009847       0.000696       NO
96     194    290    0.187541            -1974.984386        -1974.796845        0.143161       0.00998        0.007773       NO
96     196    292    0.127201            -1978.219825        -1978.092624        0.176711       0.009993       0.010716       NO
96     198    294    0.136463            -1981.348644        -1981.212181        0.193631       0.01           0.003889       YES
98     126    224    -0.007425           -1662.844521        -1662.851946        1.4e-05        0.01           -0.005832      YES
98     128    226    -0.01201            -1677.785619        -1677.797629        -0.000319      0.01           -0.042982      YES
98     130    228    0.051735            -1693.361958        -1693.310223        0.114079       0.010008       0.020466       NO
98     132    230    0.037415            -1710.64307         -1710.605655        0.169547       0.01           0.023194       YES
98     162    260    0.193318            -1906.124312        -1905.930994        0.230069       0.01           -0.019978      YES
98     184    282    0.009006            -1986.851096        -1986.84209         0.000208       0.01           -0.013736      YES
98     186    284    0.000303            -1989.089646        -1989.089343        0.000323       0.01           -0.027006      YES
98     188    286    -0.00099            -1990.518835        -1990.519825        0.000783       0.01           -0.052613      YES
98     190    288    0.087408            -1992.965948        -1992.87854         0.081386       0.009981       0.007422       NO
98     192    290    0.080273            -1996.114507        -1996.034234        0.111345       0.010011       0.01403        NO
98     194    292    0.097307            -1999.522993        -1999.425686        0.142646       0.009988       0.007999       NO
98     196    294    0.037957            -2003.208216        -2003.170259        0.18003        0.009902       0.014572       NO
98     198    296    0.084438            -2006.967508        -2006.88307         0.202091       0.01           0.017124       YES
98     262    360    1.204548            -1981.658781        -1980.454233        0.032221       0.01           -0.011069      YES
100    126    226    -0.012253           -1660.031574        -1660.043827        8e-06          0.01           -0.009171      YES
100    128    228    -0.019041           -1675.85972         -1675.878761        1e-05          0.01           -0.033881      YES
100    130    230    0.049127            -1692.5904          -1692.541273        0.114468       0.01           0.027678       YES
100    132    232    0.226292            -1710.615507        -1710.389215        0.31423        0.01           0.169315       YES
100    162    262    0.178025            -1919.845547        -1919.667522        0.234437       0.01           -0.011719      YES
100    168    268    0.14192             -1943.958149        -1943.816229        0.186832       0.01           -0.026582      YES
100    182    282    0.028015            -1998.923491        -1998.895476        0.001495       0.01           -0.015569      YES
100    184    284    0.018725            -2005.85994         -2005.841215        0.000232       0.01           -0.006997      YES
100    186    286    3.4e-05             -2008.736474        -2008.73644         0.000369       0.01           -0.025475      YES
100    188    288    -0.003391           -2010.789309        -2010.7927          0.001057       0.01           -0.043253      YES
100    190    290    0.099158            -2014.296246        -2014.197088        0.088914       0.009957       0.015875       NO
100    192    292    0.071588            -2018.36068         -2018.289092        0.118199       0.009825       0.02188        NO
100    194    294    0.182146            -2022.599664        -2022.417518        0.288795       0.01           0.14413        YES
100    196    296    0.015147            -2026.807312        -2026.792165        0.182927       0.009999       0.016967       NO
100    198    298    0.070068            -2031.178595        -2031.108527        0.216913       0.01           0.029868       YES
100    258    358    0.291654            -2030.547473        -2030.255819        0.000334       0.01           -0.003271      YES
100    260    360    0.68087             -2025.713844        -2025.032974        0.014886       0.01           -0.003969      YES
100    262    362    0.954511            -2020.219293        -2019.264782        0.02849        0.01           -0.008112      YES
100    264    364    0.816781            -2014.666917        -2013.850136        0.045779       0.01           -0.015798      YES
102    128    230    -0.018218           -1672.603746        -1672.621964        2e-06          0.01           -0.020827      YES
102    130    232    0.19051             -1690.635086        -1690.444576        0.324491       0.01           0.234074       YES
102    132    234    0.040171            -1709.172731        -1709.13256         0.156212       0.01           -0.197122      YES
102    136    238    0.209538            -1746.546745        -1746.337207        0.319774       0.01           -0.035771      YES
102    182    284    0.030056            -2016.089355        -2016.059299        0.002082       0.01           -0.011386      YES
102    184    286    0.031858            -2023.569524        -2023.537666        0.000237       0.01           -0.003658      YES
102    186    288    0.021746            -2027.082761        -2027.061015        0.000382       0.01           -0.019426      YES
102    188    290    0.003762            -2029.763062        -2029.7593          0.001381       0.01           -0.037497      YES
102    190    292    -0.040398           -2034.121437        -2034.161835        0.301738       0.01           0.227347       YES
102    192    294    0.149516            -2039.740232        -2039.590716        0.299025       0.01           0.204288       YES
102    194    296    0.289515            -2044.959845        -2044.67033         0.299599       0.01           0.162117       YES
102    256    358    0.271416            -2069.19402         -2068.922604        0.000806       0.01           -0.000991      YES
102    258    360    0.260757            -2067.586284        -2067.325527        0.000478       0.01           -0.003447      YES
102    260    362    0.409351            -2062.93878         -2062.529429        0.010244       0.01           -0.008398      YES
102    262    364    0.646937            -2057.678132        -2057.031195        0.023716       0.01           -0.011218      YES
102    264    366    0.602479            -2052.651074        -2052.048595        0.049727       0.01           -0.009234      YES
104    136    240    0.330439            -1745.954314        -1745.623875        0.34761        0.01           -0.039703      YES
104    166    270    0.17702             -1961.363091        -1961.186071        0.216706       0.01           -0.021765      YES
104    170    274    0.116338            -1979.433173        -1979.316835        0.181884       0.01           -0.026012      YES
104    182    286    -0.060277           -2032.032334        -2032.092611        -0.024787      0.01           -0.030456      YES
104    184    288    0.034788            -2040.009053        -2039.974265        0.000237       0.01           0.000838       YES
104    186    290    0.045562            -2044.157673        -2044.112111        0.000373       0.01           -0.004987      YES
104    188    292    0.038069            -2047.4721          -2047.434031        0.001689       0.01           -0.037824      YES
104    190    294    0.053236            -2052.449622        -2052.396386        0.090898       0.010039       0.018173       NO
104    258    362    0.254694            -2103.470742        -2103.216048        0.000528       0.01           -0.00048       YES
104    260    364    0.231395            -2099.137565        -2098.90617         0.000608       0.01           -0.007333      YES
104    262    366    0.345611            -2094.082731        -2093.73712         0.016028       0.01           -0.0165        YES
104    264    368    0.437914            -2089.542708        -2089.104794        0.051265       0.01           -0.007283      YES
106    184    290    0.033606            -2055.192447        -2055.158841        0.000234       0.01           -0.005244      YES
106    186    292    0.052505            -2059.981474        -2059.928969        0.000347       0.01           0.000953       YES
106    188    294    0.176749            -2064.039594        -2063.862845        -0.184379      0.009998       -0.218356      NO
106    190    296    0.180628            -2069.816738        -2069.63611         -0.192106      0.009999       -0.577514      NO
106    192    298    0.227042            -2075.392354        -2075.165312        -0.200456      0.01           -0.569254      YES
106    194    300    0.176471            -2080.72658         -2080.550109        -0.209503      0.01           -0.559831      YES
106    258    364    0.265682            -2138.211579        -2137.945897        0.000509       0.01           0.00082        YES
106    260    366    0.235917            -2134.287831        -2134.051914        0.001553       0.01           -0.012541      YES
106    262    368    0.217437            -2129.548475        -2129.331038        0.004199       0.01           -0.026003      YES
106    264    370    0.309995            -2125.299528        -2124.989533        0.049802       0.01           -0.006069      YES
108    186    294    0.064032            -2074.580228        -2074.516196        0.000294       0.01           -0.00551       YES
108    188    296    0.163088            -2079.398395        -2079.235307        -0.183736      0.009899       -0.59356       NO
108    190    298    0.199565            -2085.832491        -2085.632926        -0.192292      0.01           -0.586499      YES
108    192    300    0.233636            -2092.047718        -2091.814082        -0.199996      0.01           -0.581719      YES
108    194    302    0.266728            -2098.010844        -2097.744116        -0.207792      0.01           -0.577823      YES
108    196    304    0.202989            -2103.643887        -2103.440898        -0.215556      0.01           -0.569127      YES
108    260    368    0.258911            -2168.30865         -2168.049739        0.001557       0.01           0.001724       YES
108    262    370    0.239106            -2163.986312        -2163.747206        0.0045         0.01           -0.023642      YES
108    264    372    0.231573            -2159.929231        -2159.697658        0.044284       0.01           -0.008499      YES
108    266    374    0.205894            -2156.568823        -2156.362929        0.0741         0.009999       0.011288       NO
108    268    376    0.181337            -2153.595163        -2153.413826        0.094358       0.01           -0.271921      YES
108    270    378    0.420196            -2151.010345        -2150.590149        -0.265916      0.01           -0.624032      YES
108    272    380    0.157155            -2148.662952        -2148.505797        0.132032       0.01           -0.218761      YES
110    188    298    0.077276            -2093.177647        -2093.100371        -0.000666      0.01           -0.420347      YES
110    190    300    0.170163            -2100.113166        -2099.943003        -0.190256      0.009998       -0.594874      NO
110    194    304    0.237036            -2113.489661        -2113.252625        -0.20653       0.01           -0.588388      YES
110    196    306    0.207406            -2119.743936        -2119.53653         -0.214558      0.01           -0.582711      YES
110    198    308    0.20092             -2125.676817        -2125.475897        -0.222528      0.01           -0.57589       YES
110    262    372    0.259434            -2197.287674        -2197.02824         0.004002       0.01           -0.383357      YES
110    264    374    0.244594            -2193.417521        -2193.172927        -0.011563      0.01           -0.39557       YES
110    266    376    0.196504            -2190.422903        -2190.226399        0.069283       0.009971       -0.308841      NO
110    268    378    0.120405            -2187.743242        -2187.622837        0.089471       0.01           -0.281066      YES
110    270    380    0.289063            -2185.655445        -2185.366382        -0.268541      0.01           -0.630097      YES
110    272    382    0.314569            -2183.457329        -2183.14276         -0.269454      0.01           -0.624067      YES
112    162    274    0.204872            -1964.516265        -1964.311393        0.219376       0.01           -0.014174      YES
112    188    300    0.338363            -2106.120258        -2105.781895        0.381934       0.01           -0.046381      YES
112    190    302    0.122347            -2112.838366        -2112.716019        -0.185872      0.01           -0.597447      YES
112    192    304    0.593602            -2123.537221        -2122.943619        0.364894       0.01           -0.034412      YES
112    196    308    0.015972            -2134.733494        -2134.717522        0.140346       0.01           -0.240363      YES
112    198    310    0.246977            -2140.87085         -2140.623873        -0.223558      0.01           -0.587816      YES
112    200    312    0.290593            -2147.280595        -2146.990002        -0.231701      0.01           -0.585739      YES
112    202    314    0.301633            -2153.555135        -2153.253502        -0.239549      0.01           -0.590153      YES
112    264    376    0.215301            -2225.984259        -2225.768958        -0.008223      0.01           -0.394876      YES
112    266    378    0.162606            -2223.116835        -2222.954229        0.061624       0.009999       -0.31833       NO
112    268    380    0.562381            -2221.018098        -2220.455717        -0.222405      0.01           -0.594382      YES
112    270    382    0.74227             -2219.105562        -2218.363292        -0.22931       0.01           -0.59279       NO
112    272    384    0.79135             -2217.071624        -2216.280274        -0.234838      0.01           -0.592006      YES
112    274    386    1.207241            -2219.375367        -2218.168126        0.315336       0.01           -0.043547      YES
112    276    388    1.370038            -2217.391757        -2216.021719        0.31151        0.01           -0.04018       YES
112    284    396    0.254308            -2206.545141        -2206.290833        0.194059       0.01           -0.044191      YES
112    286    398    0.390867            -2204.185927        -2203.79506         0.19717        0.01           -0.043924      YES
114    160    274    0.13742             -1949.029928        -1948.892508        0.211624       0.01           -0.013393      YES
114    162    276    0.170336            -1965.523929        -1965.353593        0.208487       0.01           -0.011945      YES
114    190    304    0.053193            -2124.284243        -2124.23105         0.057573       0.01           -0.366906      YES
114    192    306    0.784526            -2135.216945        -2134.432419        0.374457       0.01           -0.0384        YES
114    194    308    0.174823            -2139.946396        -2139.771573        -0.204193      0.01           -0.604231      YES
114    196    310    0.039359            -2147.577147        -2147.537788        0.124421       0.01           -0.269026      YES
114    264    378    0.18456             -2257.35653         -2257.17197         -0.00545       0.01           -0.39944       YES
114    266    380    0.148191            -2254.660739        -2254.512548        0.050845       0.01           -0.336396      YES
114    268    382    0.517043            -2252.935825        -2252.418782        -0.22119       0.01           -0.600043      YES
114    270    384    0.614121            -2251.342556        -2250.728435        -0.227568      0.01           -0.598027      YES
114    272    386    0.939989            -2253.446374        -2252.506385        0.324578       0.01           -0.042867      YES
114    274    388    1.103119            -2252.116069        -2251.01295         0.319673       0.01           -0.039406      YES
114    284    398    0.050627            -2240.848063        -2240.797436        0.20159        0.01           -0.044373      YES
114    286    400    0.206774            -2238.91724         -2238.710466        0.202258       0.01           -0.043526      YES
114    288    402    0.385559            -2236.881334        -2236.495775        0.203621       0.01           -0.042399      YES
114    290    404    0.567146            -2234.685146        -2234.118           0.204145       0.01           -0.041273      YES
114    292    406    0.723672            -2232.249336        -2231.525664        0.203741       0.01           -0.040349      YES
114    296    410    0.826184            -2226.338259        -2225.512075        0.201417       0.01           -0.039472      YES
116    160    276    0.086906            -1947.712619        -1947.625713        0.203329       0.01           -0.012153      YES
116    190    306    0.072281            -2134.76194         -2134.689659        0.043524       0.01           -0.398274      YES
116    192    308    0.018383            -2142.918568        -2142.900185        -0.12287       0.01           -0.551145      YES
116    194    310    0.195717            -2151.255155        -2151.059438        -0.201826      0.01           -0.617788      YES
116    196    312    0.178975            -2159.36377         -2159.184795        -0.211026      0.01           -0.617216      YES
116    198    314    0.047493            -2167.218798        -2167.171305        0.12764        0.01           -0.271668      YES
116    264    380    0.17996             -2287.432461        -2287.252501        -0.003764      0.01           -0.407698      YES
116    266    382    0.174164            -2285.026421        -2284.852257        0.030951       0.01           -0.366402      YES
116    268    384    0.338881            -2283.373242        -2283.034361        -0.21889       0.01           -0.607555      YES
116    270    386    0.469338            -2282.133729        -2281.664391        -0.227705      0.01           -0.606738      YES
116    272    388    0.638018            -2280.877743        -2280.239725        -0.234554      0.01           -0.604371      YES
116    284    400    0.192129            -2274.341246        -2274.149117        0.300208       0.01           0.012938       YES
116    286    402    0.300389            -2272.29358         -2271.993191        0.224109       0.01           -0.038823      YES
116    288    404    0.138969            -2270.549558        -2270.410589        0.208266       0.01           -0.039408      YES
116    290    406    0.341965            -2268.747289        -2268.405324        0.205313       0.01           -0.040045      YES
116    292    408    0.526669            -2266.739204        -2266.212535        0.203986       0.01           -0.038876      YES
116    294    410    0.655765            -2264.396745        -2263.74098         0.202443       0.01           -0.038221      YES
116    296    412    0.685131            -2261.677328        -2260.992197        0.200914       0.01           -0.037759      YES
116    298    414    0.665941            -2258.698316        -2258.032375        0.199408       0.01           -0.037506      YES
116    300    416    0.623952            -2255.628223        -2255.004271        0.197901       0.01           -0.036508      YES
118    190    308    0.030375            -2143.770929        -2143.740554        -0.041249      0.009999       -0.091648      NO
118    192    310    0.027716            -2152.581855        -2152.554139        -0.118102      0.01           -0.603714      YES
118    194    312    0.023387            -2161.269862        -2161.246475        -0.127395      0.01           -0.557719      YES
118    196    314    0.219035            -2169.895574        -2169.676539        -0.205032      0.01           -0.623304      YES
118    198    316    0.163867            -2178.166401        -2178.002534        -0.211804      0.01           -0.624513      YES
118    208    326    0.009019            -2220.713041        -2220.704022        0.22886        0.01           -0.036459      YES
118    210    328    0.041557            -2228.196397        -2228.15484         0.22002        0.01           -0.036902      YES
118    264    382    0.129923            -2316.097223        -2315.9673          0.002523       0.01           -0.045192      YES
118    266    384    0.136881            -2314.081645        -2313.944764        -0.011183      0.01           -0.066447      YES
118    268    386    0.08395             -2312.724949        -2312.640999        -0.156403      0.01           -0.555967      YES
118    270    388    0.142737            -2311.656023        -2311.513286        -0.161265      0.010001       -0.54785       NO
118    272    390    0.641979            -2310.749102        -2310.107123        -0.237263      0.01           -0.612276      YES
118    286    404    0.381515            -2304.818667        -2304.437152        0.244903       0.01           -0.034125      YES
118    288    406    0.359577            -2303.100102        -2302.740525        0.227154       0.01           -0.036242      YES
118    290    408    0.052017            -2301.478711        -2301.426694        0.208072       0.01           -0.036151      YES
118    292    410    0.270525            -2299.867172        -2299.596647        0.202696       0.01           -0.037088      YES
118    294    412    0.423123            -2297.946604        -2297.523481        0.200426       0.01           -0.036503      YES
118    296    414    0.49596             -2295.671562        -2295.175602        0.198743       0.01           -0.035961      YES
118    298    416    0.513711            -2293.159327        -2292.645616        0.197394       0.01           -0.035263      YES
118    300    418    0.530977            -2290.569195        -2290.038218        0.196175       0.01           -0.021844      YES
120    190    310    0.098727            -2151.107946        -2151.009219        -0.020124      0.01           -0.065233      YES
120    192    312    0.147203            -2160.439773        -2160.29257         -0.185703      0.01           -0.249749      YES
120    196    316    0.08329             -2182.387714        -2182.304424        0.426208       0.01           -0.05017       YES
120    198    318    0.143876            -2187.826185        -2187.682309        -0.203809      0.01           -0.67599       YES
120    200    320    0.027387            -2196.234527        -2196.20714         -0.210899      0.01           -0.629819      YES
120    208    328    0.004899            -2232.346073        -2232.341174        0.217285       0.01           0.609893       YES
120    210    330    0.049528            -2240.445616        -2240.396088        0.212717       0.01           -0.03585       YES
120    212    332    0.060271            -2248.099689        -2248.039418        0.210987       0.01           -0.036497      YES
120    264    384    0.126158            -2343.157933        -2343.031775        0.001763       0.01           -0.462048      YES
120    266    386    0.042776            -2341.69829         -2341.655514        -0.152708      0.01           -0.206707      YES
120    268    388    0.087034            -2341.291856        -2341.204822        -0.155834      0.01           -0.212389      YES
120    270    390    0.112451            -2340.655226        -2340.542775        -0.157761      0.01           -0.551145      YES
120    272    392    0.236989            -2339.837018        -2339.600029        -0.161118      0.009994       -0.539875      NO
120    288    408    0.469012            -2334.67691         -2334.207898        0.236501       0.01           -0.031149      YES
120    290    410    0.353311            -2333.160845        -2332.807534        0.21973        0.01           -0.032042      YES
120    292    412    0.089108            -2331.769443        -2331.680335        0.201913       0.01           -0.035328      YES
120    294    414    0.275041            -2330.273462        -2329.998421        0.197973       0.01           -0.035171      YES
120    296    416    0.358875            -2328.440001        -2328.081126        0.196091       0.01           -0.034348      YES
120    298    418    0.389951            -2326.393465        -2326.003514        0.195008       0.01           -0.022804      YES
