Z      N      A      Binding_Energy_(MeV)    beta2_total    beta3_total    fileID    Convergence    
2      2      4      -30.079312              0.000365       0.0            6         YES            
22     44     66     -517.017855             0.081125       0.0            29        YES            
24     24     48     -411.278542             0.213004       0.0            44        YES            
24     28     52     -458.65749              0.075941       0.0            64        YES            
26     46     72     -599.323393             0.154202       0.0            83        YES            
30     44     74     -642.735987             0.166432       0.0            98        YES            
30     46     76     -657.060933             0.143387       0.0            117       YES            
32     44     76     -662.299688             0.199006       0.0            134       YES            
32     46     78     -678.753515             0.168316       0.0            151       YES            
34     44     78     -678.649178             0.210355       0.0            170       YES            
34     52     86     -741.924933             0.113592       0.0            187       YES            
34     62     96     -782.896721             -0.2322        0.0            195       YES            
34     64     98     -788.987725             -0.233014      0.0            212       YES            
36     32     68     -547.305368             -0.15752       0.0            228       YES            
36     38     74     -626.28211              -0.271478      0.0            241       YES            
36     40     76     -648.997766             -0.228314      0.0            260       YES            
36     44     80     -692.505935             0.282767       0.0            289       YES            
36     52     88     -763.533294             0.083186       0.0            306       YES            
36     62     98     -812.863393             -0.262908      0.0            312       YES            
36     68     104    -835.172904             0.332045       0.0            335       YES            
38     42     80     -680.371949             -0.192691      0.0            346       YES            
38     44     82     -704.34266              0.326243       0.0            374       YES            
38     58     96     -819.04787              0.001181       0.0            385       YES            
38     62     100    -839.049258             -0.249998      0.0            397       YES            
40     38     78     -633.520875             -0.193028      0.0            412       YES            
40     40     80     -661.477487             5.8e-05        0.0            433       YES            
40     44     84     -713.260025             0.309674       0.0            459       YES            
40     58     98     -840.538936             0.000228       0.0            470       YES            
40     94     134    -961.805599             -0.002671      0.0            483       YES            
40     96     136    -961.682978             -0.002864      0.0            500       YES            
40     98     138    -960.718691             -0.002944      0.0            517       YES            
40     100    140    -959.328223             -0.002809      0.0            534       YES            
40     102    142    -957.756807             -0.002499      0.0            551       YES            
42     42     84     -693.766603             0.336305       0.0            578       YES            
42     58     100    -858.576315             0.000307       0.0            590       YES            
42     96     138    -1002.292174            -0.002824      0.0            602       YES            
42     98     140    -1002.009888            -0.003159      0.0            619       YES            
46     36     82     -595.295492             0.131254       0.0            639       YES            
52     56     108    -892.794199             0.134332       0.0            656       YES            
52     90     142    -1158.487269            -0.0           0.0            672       YES            
54     54     108    -867.604807             0.164595       0.0            693       YES            
54     56     110    -892.258052             0.192198       0.0            707       YES            
54     58     112    -915.665165             0.22322        0.0            724       YES            
54     86     140    -1163.336314            0.123832       0.0            744       YES            
54     88     142    -1172.053832            0.154888       0.0            761       YES            
54     90     144    -1180.329702            0.184548       0.0            778       YES            
54     92     146    -1188.424861            0.214933       0.0            795       YES            
54     94     148    -1196.35796             0.239329       0.0            812       YES            
54     96     150    -1203.985634            0.250459       0.0            829       YES            
56     52     108    -835.106429             0.148755       0.0            846       YES            
56     54     110    -863.127006             0.195838       0.0            860       YES            
56     56     112    -889.870699             0.223271       0.0            877       YES            
56     58     114    -915.514401             0.299281       0.0            900       YES            
56     66     122    -1008.666108            0.313097       0.0            918       YES            
56     84     140    -1168.850744            0.103041       0.0            931       YES            
56     86     142    -1180.039782            0.141783       0.0            948       YES            
56     88     144    -1190.384069            0.178097       0.0            965       YES            
56     90     146    -1200.348328            0.217148       0.0            982       YES            
56     92     148    -1210.487573            0.262336       0.0            998       YES            
56     94     150    -1219.980416            0.281922       0.0            1016      YES            
56     96     152    -1228.802262            0.285589       0.0            1033      YES            
56     132    188    -1313.435138            0.11021        0.0            1049      YES            
56     134    190    -1313.099845            0.130879       0.0            1066      YES            
56     136    192    -1312.470705            0.150317       0.0            1083      YES            
56     138    194    -1311.6776              0.172449       0.0            1100      YES            
58     54     112    -856.827638             0.23358        0.0            1118      YES            
58     56     114    -885.751604             0.300329       0.0            1137      YES            
58     58     116    -914.611792             0.340856       0.0            1155      YES            
58     84     142    -1182.262892            0.104625       0.0            1169      YES            
58     86     144    -1194.575972            0.148773       0.0            1186      YES            
58     88     146    -1206.377948            0.208304       0.0            1203      YES            
58     90     148    -1218.918034            0.26056        0.0            1219      YES            
58     92     150    -1231.143292            0.290896       0.0            1237      YES            
58     132    190    -1350.514369            0.104591       0.0            1253      YES            
58     134    192    -1350.819908            0.127252       0.0            1270      YES            
58     136    194    -1350.83046             0.149014       0.0            1287      YES            
58     138    196    -1351.087199            0.23079        0.0            1304      YES            
60     84     144    -1193.914619            0.096462       0.0            1322      YES            
60     86     146    -1207.234013            0.157112       0.0            1339      YES            
60     88     148    -1220.888801            0.240304       0.0            1356      YES            
60     90     150    -1235.613648            0.289839       0.0            1373      YES            
60     130    190    -1384.554659            0.050758       0.0            1389      YES            
60     132    192    -1385.808638            0.084648       0.0            1404      YES            
60     134    194    -1386.636186            0.110716       0.0            1423      YES            
60     136    196    -1387.144287            0.222097       0.0            1442      YES            
62     84     146    -1203.91408             0.078748       0.0            1458      YES            
62     86     148    -1218.349192            0.175824       0.0            1475      YES            
62     88     150    -1233.477712            0.246888       0.0            1492      YES            
62     90     152    -1249.10233             0.298992       0.0            1509      YES            
62     130    192    -1417.521682            0.002425       0.0            1523      YES            
62     132    194    -1419.372212            0.053527       0.0            1540      YES            
62     134    196    -1420.698661            0.074599       0.0            1557      YES            
62     136    198    -1422.523782            0.227902       0.0            1576      YES            
64     84     148    -1212.502047            -0.058786      0.0            1588      YES            
64     86     150    -1227.971652            0.18697        0.0            1611      YES            
64     88     152    -1244.345036            0.243023       0.0            1628      YES            
64     90     154    -1260.840081            0.290914       0.0            1645      YES            
64     130    194    -1448.623056            0.001873       0.0            1659      YES            
64     132    196    -1451.005397            0.024428       0.0            1676      YES            
64     134    198    -1453.135068            -0.006136      0.0            1691      YES            
64     136    200    -1455.79137             0.221247       0.0            1712      YES            
66     66     132    -1004.936933            -0.258007      0.0            1720      YES            
66     130    196    -1477.356445            0.029704       0.0            1744      YES            
66     132    198    -1480.533744            0.049055       0.0            1761      YES            
66     134    200    -1483.43532             -0.104753      0.0            1775      YES            
66     136    202    -1487.205846            0.207471       0.0            1797      YES            
68     130    198    -1504.641564            0.05598        0.0            1812      YES            
68     132    200    -1508.593878            0.076891       0.0            1829      YES            
68     134    202    -1512.323008            0.154693       0.0            1848      YES            
68     190    258    -1542.820221            0.079718       0.0            1865      YES            
70     130    200    -1530.526466            0.069045       0.0            1880      YES            
70     132    202    -1535.30414             0.096818       0.0            1897      YES            
70     134    204    -1539.857047            0.147291       0.0            1914      YES            
70     166    236    -1592.293261            0.251435       0.0            1933      YES            
70     168    238    -1592.558537            0.241022       0.0            1949      YES            
72     132    204    -1560.507993            0.100532       0.0            1965      YES            
72     168    240    -1629.900206            0.201111       0.0            1982      YES            
72     170    242    -1631.000847            0.188353       0.0            1999      YES            
74     170    244    -1667.325853            0.173768       0.0            2016      YES            
76     90     166    -1294.052917            0.167658       0.0            2035      YES            
76     136    212    -1618.541239            0.131234       0.0            2050      YES            
78     134    212    -1633.561515            0.058278       0.0            2067      YES            
78     136    214    -1640.031545            0.079215       0.0            2084      YES            
78     138    216    -1646.529334            -0.091015      0.0            2099      YES            
80     134    214    -1653.961432            0.0            0.0            2117      YES            
80     136    216    -1661.210591            0.0            0.0            2134      YES            
80     138    218    -1667.983349            0.0            0.0            2151      YES            
80     140    220    -1674.801537            -0.076166      0.0            2167      YES            
82     134    216    -1672.47242             0.0            0.0            2185      YES            
82     136    218    -1680.465959            0.0            0.0            2202      YES            
82     138    220    -1687.991979            0.0            0.0            2219      YES            
82     140    222    -1695.169093            0.0            0.0            2236      YES            
82     142    224    -1702.149826            0.000569       0.0            2254      YES            
84     132    216    -1672.089974            0.0            0.0            2270      YES            
84     134    218    -1681.261201            0.0            0.0            2287      YES            
84     136    220    -1690.789557            0.117777       0.0            2307      YES            
84     154    238    -1767.110549            0.230819       0.0            2324      YES            
84     156    240    -1774.051739            0.226132       0.0            2341      YES            
84     158    242    -1780.789227            0.217273       0.0            2358      YES            
84     160    244    -1787.203968            0.199135       0.0            2375      YES            
84     162    246    -1793.437606            0.167559       0.0            2390      YES            
84     194    278    -1856.132719            0.0            0.0            2406      YES            
84     196    280    -1855.646065            0.0            0.0            2423      YES            
84     198    282    -1854.886238            -0.033371      0.0            2437      YES            
86     130    216    -1669.10743             0.07233        0.0            2459      YES            
86     132    218    -1680.134112            0.103722       0.0            2475      YES            
86     134    220    -1691.154541            0.130214       0.0            2492      YES            
86     136    222    -1702.1776              0.153261       0.0            2509      YES            
86     138    224    -1712.985182            0.171224       0.0            2526      YES            
86     140    226    -1723.516018            0.184472       0.0            2543      YES            
86     142    228    -1733.731136            0.195017       0.0            2560      YES            
86     152    238    -1779.026133            0.223423       0.0            2579      YES            
86     154    240    -1786.797485            0.218563       0.0            2596      YES            
86     156    242    -1794.320417            0.211712       0.0            2611      YES            
86     158    244    -1801.686203            0.202554       0.0            2628      YES            
86     160    246    -1808.873166            0.190252       0.0            2645      YES            
86     164    250    -1822.556879            0.161511       0.0            2662      YES            
86     192    278    -1884.592462            0.0            0.0            2678      YES            
86     194    280    -1885.158804            0.086054       0.0            2697      YES            
86     196    282    -1886.102519            0.123997       0.0            2713      YES            
88     128    216    -1662.122429            -0.0           0.0            2729      YES            
88     130    218    -1674.637854            0.095435       0.0            2747      YES            
88     132    220    -1687.122763            0.128243       0.0            2764      YES            
88     134    222    -1699.779146            0.156365       0.0            2781      YES            
88     136    224    -1712.380096            0.18094        0.0            2798      YES            
88     138    226    -1724.480348            0.198262       0.0            2815      YES            
88     140    228    -1736.13453             0.20966        0.0            2832      YES            
88     142    230    -1747.371793            0.218464       0.0            2849      YES            
88     144    232    -1758.139008            0.226659       0.0            2868      YES            
88     154    242    -1804.616011            0.226005       0.0            2885      YES            
88     156    244    -1812.706413            0.218464       0.0            2900      YES            
88     158    246    -1820.689298            0.209965       0.0            2919      YES            
88     160    248    -1828.495069            0.198986       0.0            2936      YES            
88     162    250    -1836.047187            0.185855       0.0            2951      YES            
88     172    260    -1870.378413            -0.118282      0.0            2965      YES            
88     190    278    -1910.814792            0.000292       0.0            2983      YES            
88     192    280    -1911.861515            0.029556       0.0            3003      YES            
88     194    282    -1913.432287            0.119414       0.0            3019      YES            
88     196    284    -1915.449594            0.145846       0.0            3036      YES            
88     198    286    -1917.476247            0.163536       0.0            3053      YES            
88     200    288    -1919.420825            0.177538       0.0            3070      YES            
88     202    290    -1921.161614            0.188542       0.0            3087      YES            
88     204    292    -1922.516696            0.196399       0.0            3104      YES            
90     128    218    -1665.02746             -0.0           0.0            3120      YES            
90     130    220    -1678.709894            0.113563       0.0            3138      YES            
90     132    222    -1692.851927            0.153187       0.0            3155      YES            
90     134    224    -1707.397011            0.183619       0.0            3172      YES            
90     136    226    -1721.621786            0.206339       0.0            3189      YES            
90     138    228    -1734.969091            0.221925       0.0            3206      YES            
90     140    230    -1747.696747            0.232772       0.0            3223      YES            
90     156    246    -1829.500593            0.231949       0.0            3242      YES            
90     158    248    -1838.125664            0.222969       0.0            3259      YES            
90     160    250    -1846.524567            0.212649       0.0            3276      YES            
90     162    252    -1854.537436            0.19987        0.0            3291      YES            
90     190    280    -1936.407952            0.0            0.0            3307      YES            
90     192    282    -1937.879254            8.9e-05        0.0            3322      YES            
90     194    284    -1940.282713            0.140874       0.0            3343      YES            
90     196    286    -1943.529678            0.16788        0.0            3359      YES            
90     198    288    -1946.533751            0.184139       0.0            3376      YES            
90     222    312    -1959.534784            0.20782        0.0            3393      YES            
90     224    314    -1959.128589            0.203047       0.0            3414      YES            
92     128    220    -1666.80148             0.002099       0.0            3427      YES            
92     130    222    -1681.583661            0.13099        0.0            3444      YES            
92     132    224    -1697.3132              0.17697        0.0            3461      YES            
92     134    226    -1713.507354            0.211727       0.0            3478      YES            
92     136    228    -1729.148109            0.229237       0.0            3495      YES            
92     158    250    -1854.155728            0.236706       0.0            3514      YES            
92     162    254    -1871.395482            0.214143       0.0            3529      YES            
92     164    256    -1879.378449            0.199487       0.0            3546      YES            
92     190    282    -1960.509495            3.6e-05        0.0            3560      YES            
92     192    284    -1962.521128            7.7e-05        0.0            3577      YES            
92     194    286    -1966.123127            0.16526        0.0            3598      YES            
92     196    288    -1970.226466            0.185803       0.0            3614      YES            
92     198    290    -1974.070847            0.199771       0.0            3631      YES            
92     226    318    -1993.072018            0.209185       0.0            3648      YES            
92     230    322    -1992.483304            0.189273       0.0            3669      YES            
94     128    222    -1667.425029            0.0            0.0            3681      YES            
94     130    224    -1683.334876            0.146906       0.0            3699      YES            
94     132    226    -1700.193062            0.215244       0.0            3716      YES            
94     134    228    -1717.29593             0.237014       0.0            3733      YES            
94     136    230    -1733.781345            0.244389       0.0            3750      YES            
94     138    232    -1749.461464            0.252629       0.0            3769      YES            
94     140    234    -1764.39457             0.261641       0.0            3786      YES            
94     142    236    -1778.508729            0.268545       0.0            3803      YES            
94     160    254    -1878.221098            0.240737       0.0            3818      YES            
94     188    282    -1979.69819             0.000196       0.0            3832      YES            
94     190    284    -1982.382467            -0.000158      0.0            3848      YES            
94     192    286    -1985.22271             0.122285       0.0            3871      YES            
94     194    288    -1990.520937            0.195845       0.0            3886      YES            
94     196    290    -1995.328866            0.204002       0.0            3903      YES            
94     198    292    -1999.905223            0.211582       0.0            3920      YES            
94     230    324    -2026.410942            0.196189       0.0            3941      YES            
94     232    326    -2026.399681            0.181302       0.0            3958      YES            
94     234    328    -2026.285683            0.169576       0.0            3973      YES            
96     126    222    -1651.856158            0.0            0.0            3987      YES            
96     128    224    -1666.866451            -0.0           0.0            4004      YES            
96     130    226    -1684.054093            0.282762       0.0            4025      YES            
96     132    228    -1702.199951            0.267406       0.0            4039      YES            
96     138    234    -1753.766684            0.260728       0.0            4058      YES            
96     160    256    -1892.21319             0.253338       0.0            4073      YES            
96     162    258    -1901.436528            0.242088       0.0            4090      YES            
96     182    278    -1984.809322            0.000565       0.0            4104      YES            
96     184    280    -1992.058971            1.8e-05        0.0            4124      YES            
96     186    282    -1996.116041            0.000238       0.0            4138      YES            
96     188    284    -1999.447416            0.000586       0.0            4155      YES            
96     190    286    -2002.715422            0.000229       0.0            4171      YES            
96     192    288    -2007.839488            0.249117       0.0            4192      YES            
96     194    290    -2013.333029            0.241511       0.0            4209      YES            
96     196    292    -2018.648563            0.235041       0.0            4226      YES            
96     234    330    -2059.614413            0.17946        0.0            4247      YES            
96     256    352    -2060.13433             0.00048        0.0            4257      YES            
96     258    354    -2059.636294            0.000485       0.0            4274      YES            
96     260    356    -2057.045883            0.00082        0.0            4291      YES            
96     262    358    -2053.639981            0.001528       0.0            4308      YES            
98     126    224    -1649.33601             0.0            0.0            4327      YES            
98     128    226    -1665.51168             0.32504        0.0            4349      YES            
98     130    228    -1684.498458            0.312205       0.0            4365      YES            
98     162    260    -1914.498371            0.253865       0.0            4379      YES            
98     164    262    -1923.597868            0.236691       0.0            4396      YES            
98     166    264    -1932.53927             0.21228        0.0            4413      YES            
98     182    280    -2001.668566            0.001558       0.0            4427      YES            
98     184    282    -2009.450178            0.000209       0.0            4444      YES            
98     186    284    -2014.087155            0.000377       0.0            4461      YES            
98     188    286    -2017.992996            0.001289       0.0            4478      YES            
98     190    288    -2023.149401            0.330593       0.0            4504      YES            
98     192    290    -2029.078707            0.277705       0.0            4515      YES            
98     194    292    -2035.05707             0.267323       0.0            4532      YES            
98     196    294    -2040.802006            0.259409       0.0            4549      YES            
98     256    354    -2094.559067            0.001197       0.0            4563      YES            
98     258    356    -2094.368935            0.000904       0.0            4580      YES            
98     260    358    -2092.135293            0.001509       0.0            4597      YES            
98     262    360    -2089.09454             0.003527       0.0            4614      YES            
100    126    226    -1645.660732            0.0            0.0            4633      YES            
100    128    228    -1663.42689             0.348248       0.0            4655      YES            
100    162    262    -1925.811219            0.257242       0.0            4668      YES            
100    164    264    -1935.610739            0.238197       0.0            4692      YES            
100    166    266    -1945.199648            0.217306       0.0            4709      YES            
100    168    268    -1954.655616            0.19981        0.0            4719      YES            
100    182    282    -2017.567822            -0.032074      0.0            4731      YES            
100    184    284    -2025.695649            0.000266       0.0            4750      YES            
100    186    286    -2030.901585            0.000501       0.0            4767      YES            
100    188    288    -2035.952204            0.348587       0.0            4794      YES            
100    190    290    -2042.834343            0.346716       0.0            4811      YES            
100    192    292    -2049.36785             0.34423        0.0            4828      YES            
100    194    294    -2055.371516            0.330605       0.0            4845      YES            
100    196    296    -2061.431489            0.277513       0.0            4855      YES            
100    256    356    -2127.98817             0.001979       0.0            4869      YES            
100    258    358    -2128.094264            0.001204       0.0            4886      YES            
100    260    360    -2126.226316            0.002102       0.0            4903      YES            
100    262    362    -2123.55999             -0.008972      0.0            4925      YES            
100    264    364    -2121.516577            0.0562         0.0            4937      YES            
102    128    230    -1659.255603            -0.280271      0.0            4949      YES            
102    130    232    -1678.562837            -0.288753      0.0            4966      YES            
102    132    234    -1697.393463            -0.295916      0.0            4983      YES            
102    136    238    -1737.977365            0.32542        0.0            5011      YES            
102    162    264    -1935.725423            0.254152       0.0            5032      YES            
102    164    266    -1946.289212            0.237984       0.0            5049      YES            
102    166    268    -1956.431167            0.221817       0.0            5066      YES            
102    168    270    -1966.354365            0.206261       0.0            5076      YES            
102    182    284    -2032.32871             -0.039668      0.0            5088      YES            
102    184    286    -2040.822448            0.000313       0.0            5107      YES            
102    186    288    -2046.58278             0.0006         0.0            5124      YES            
102    188    290    -2051.973437            -0.189588      0.0            5139      YES            
102    190    292    -2058.236182            -0.197101      0.0            5155      YES            
102    192    294    -2068.112917            0.349817       0.0            5185      YES            
102    256    358    -2160.436788            0.002624       0.0            5192      YES            
102    258    360    -2160.8308              0.001384       0.0            5209      YES            
102    260    362    -2159.328248            0.002464       0.0            5226      YES            
102    262    364    -2157.058869            -0.013671      0.0            5248      YES            
102    264    366    -2155.448035            0.058537       0.0            5259      YES            
104    164    268    -1955.494637            0.23957        0.0            5287      YES            
104    166    270    -1966.143171            0.225712       0.0            5297      YES            
104    168    272    -1976.626534            0.210996       0.0            5320      YES            
104    170    274    -1986.956351            0.196362       0.0            5337      YES            
104    182    286    -2045.929471            -0.041685      0.0            5345      YES            
104    184    288    -2054.849696            0.000336       0.0            5362      YES            
104    186    290    -2061.165112            0.000651       0.0            5379      YES            
104    188    292    -2067.842207            -0.193483      0.0            5392      YES            
104    190    294    -2074.678244            -0.2           0.0            5409      YES            
104    192    296    -2081.230491            -0.207846      0.0            5426      YES            
104    256    360    -2191.913639            0.002176       0.0            5446      YES            
104    258    362    -2192.589335            0.001396       0.0            5464      YES            
104    260    364    -2191.460926            0.002531       0.0            5481      YES            
104    262    366    -2189.570375            0.01509        0.0            5497      YES            
104    264    368    -2188.613782            0.334089       0.0            5523      YES            
106    156    262    -1909.139978            0.269384       0.0            5542      YES            
106    162    268    -1951.200673            0.249665       0.0            5559      YES            
106    166    272    -1974.572948            0.226862       0.0            5575      YES            
106    168    274    -1985.690605            0.21374        0.0            5592      YES            
106    170    276    -1996.640203            0.20091        0.0            5609      YES            
106    172    278    -2007.164051            0.187631       0.0            5626      YES            
106    182    288    -2058.384321            -0.040573      0.0            5634      YES            
106    184    290    -2067.789261            0.000322       0.0            5651      YES            
106    186    292    -2074.662235            0.000622       0.0            5668      YES            
106    188    294    -2082.193112            -0.195051      0.0            5681      YES            
106    190    296    -2089.629606            -0.201294      0.0            5698      YES            
106    192    298    -2096.788691            -0.207877      0.0            5715      YES            
106    194    300    -2103.714121            -0.215983      0.0            5732      YES            
106    196    302    -2110.745971            -0.252379      0.0            5749      YES            
106    238    344    -2211.294623            0.195616       0.0            5777      YES            
106    254    360    -2221.722777            -0.058971      0.0            5786      YES            
106    256    362    -2222.422222            0.001254       0.0            5803      YES            
106    258    364    -2223.368152            0.00122        0.0            5821      YES            
106    260    366    -2222.610085            0.002278       0.0            5838      YES            
106    262    368    -2221.079837            0.010298       0.0            5855      YES            
106    264    370    -2219.929917            0.053411       0.0            5877      YES            
108    154    262    -1895.902876            0.267123       0.0            5899      YES            
108    156    264    -1911.607513            0.263482       0.0            5916      YES            
108    158    266    -1927.177059            0.259605       0.0            5933      YES            
108    164    272    -1969.482469            0.234595       0.0            5950      YES            
108    166    274    -1981.605335            0.224604       0.0            5967      YES            
108    168    276    -1993.363452            0.21399        0.0            5984      YES            
108    170    278    -2004.859993            0.203123       0.0            6000      YES            
108    172    280    -2015.888698            0.193419       0.0            6011      YES            
108    180    288    -2059.646949            -0.07584       0.0            6023      YES            
108    182    290    -2069.655567            -0.035736      0.0            6043      YES            
108    184    292    -2079.651829            0.000289       0.0            6059      YES            
108    186    294    -2087.090481            0.000539       0.0            6076      YES            
108    188    296    -2095.100939            -0.19492       0.0            6090      YES            
108    190    298    -2103.121176            -0.201149      0.0            6107      YES            
108    192    300    -2110.871236            -0.207502      0.0            6124      YES            
108    194    302    -2118.403211            -0.214268      0.0            6140      YES            
108    196    304    -2125.698176            -0.221787      0.0            6157      YES            
108    198    306    -2132.791304            -0.232024      0.0            6175      YES            
108    252    360    -2249.695376            -0.077038      0.0            6194      YES            
108    254    362    -2250.789775            -0.054395      0.0            6212      YES            
108    256    364    -2251.960595            0.001095       0.0            6229      YES            
108    258    366    -2253.172141            0.000914       0.0            6246      YES            
108    260    368    -2252.786353            0.001768       0.0            6263      YES            
108    262    370    -2251.629507            -0.007169      0.0            6285      YES            
108    264    372    -2250.614084            0.039387       0.0            6302      YES            
108    266    374    -2250.160766            -0.296932      0.0            6309      YES            
108    268    376    -2250.232791            -0.2987        0.0            6326      YES            
110    152    262    -1876.804392            0.259941       0.0            6358      YES            
110    154    264    -1893.904472            0.25733        0.0            6375      YES            
110    156    266    -1910.495916            0.254311       0.0            6392      YES            
110    158    268    -1926.940388            0.251124       0.0            6409      YES            
110    160    270    -1943.05425             0.245953       0.0            6426      YES            
110    164    274    -1972.388439            0.227443       0.0            6443      YES            
110    166    276    -1985.472905            0.218111       0.0            6460      YES            
110    168    278    -1998.094114            0.208464       0.0            6476      YES            
110    170    280    -2010.462441            0.197723       0.0            6492      YES            
110    186    296    -2098.454415            0.000421       0.0            6501      YES            
110    190    300    -2114.963015            -0.198698      0.0            6515      YES            
110    192    302    -2123.252063            -0.205036      0.0            6532      YES            
110    194    304    -2131.314617            -0.211539      0.0            6549      YES            
110    196    306    -2139.14105             -0.218449      0.0            6566      YES            
110    198    308    -2146.788963            -0.349821      0.0            6580      YES            
110    200    310    -2154.202544            -0.233907      0.0            6600      YES            
110    254    364    -2278.813599            -0.046821      0.0            6620      YES            
110    260    370    -2281.996393            0.001161       0.0            6637      YES            
110    262    372    -2281.227346            0.003384       0.0            6654      YES            
110    264    374    -2280.476837            0.021115       0.0            6671      YES            
110    266    376    -2280.029041            -0.299733      0.0            6684      YES            
110    268    378    -2280.436516            -0.302237      0.0            6700      YES            
110    270    380    -2280.710004            -0.303157      0.0            6717      YES            
112    152    264    -1872.73979             0.245486       0.0            6749      YES            
112    154    266    -1890.678589            0.244218       0.0            6766      YES            
112    156    268    -1908.143396            0.243087       0.0            6783      YES            
112    158    270    -1925.480902            0.241658       0.0            6800      YES            
112    160    272    -1942.566995            0.237917       0.0            6817      YES            
112    164    276    -1973.995175            0.221516       0.0            6834      YES            
112    188    300    -2116.576516            0.000817       0.0            6841      YES            
112    190    302    -2125.267558            -0.192978      0.0            6855      YES            
112    192    304    -2134.060262            -0.19922       0.0            6872      YES            
112    194    306    -2142.997343            -0.346752      0.0            6886      YES            
112    196    308    -2151.454686            0.17514        0.0            6914      YES            
112    198    310    -2159.185415            -0.226664      0.0            6923      YES            
112    200    312    -2167.213695            -0.236155      0.0            6940      YES            
112    202    314    -2175.203184            -0.321152      0.0            6955      YES            
112    262    374    -2309.850036            0.001611       0.0            6977      YES            
112    264    376    -2309.41753             0.004486       0.0            6994      YES            
112    266    378    -2309.02247             0.037943       0.0            7011      YES            
112    268    380    -2309.330712            -0.315305      0.0            7023      YES            
112    270    382    -2309.921222            -0.315125      0.0            7040      YES            
112    272    384    -2310.346474            -0.314918      0.0            7057      YES            
114    156    270    -1904.790256            0.226788       0.0            7089      YES            
114    162    276    -1958.18262             0.220129       0.0            7105      YES            
114    164    278    -1974.203549            0.212106       0.0            7122      YES            
114    190    304    -2134.383811            -0.001475      0.0            7136      YES            
114    192    306    -2143.747693            -0.345586      0.0            7141      YES            
114    194    308    -2152.693503            -0.194779      0.0            7161      YES            
114    196    310    -2161.861166            0.128726       0.0            7187      YES            
114    202    316    -2187.530821            -0.247222      0.0            7195      YES            
114    204    318    -2195.781404            -0.253571      0.0            7212      YES            
114    264    378    -2337.238147            0.002086       0.0            7232      YES            
114    266    380    -2337.171899            0.005729       0.0            7249      YES            
114    268    382    -2337.286775            -0.328635      0.0            7261      YES            
114    270    384    -2338.206165            -0.328024      0.0            7278      YES            
114    272    386    -2338.974607            -0.327664      0.0            7295      YES            
114    274    388    -2339.596453            -0.327646      0.0            7312      YES            
114    278    392    -2344.821609            0.343812       0.0            7341      YES            
114    282    396    -2344.836236            0.338945       0.0            7360      YES            
114    284    398    -2344.347912            0.337636       0.0            7378      YES            
114    286    400    -2343.985434            0.241874       0.0            7391      YES            
114    288    402    -2344.150684            0.233255       0.0            7405      YES            
114    290    404    -2344.228719            0.229517       0.0            7422      YES            
114    292    406    -2344.112898            0.227125       0.0            7439      YES            
114    294    408    -2343.73608             0.22528        0.0            7456      YES            
114    296    410    -2343.079234            0.22367        0.0            7473      YES            
116    160    276    -1937.813885            0.207094       0.0            7496      YES            
116    190    306    -2142.471447            -0.033056      0.0            7502      YES            
116    192    308    -2152.422579            -0.349048      0.0            7515      YES            
116    194    310    -2161.896946            -0.140214      0.0            7535      YES            
116    196    312    -2171.313648            -0.144999      0.0            7553      YES            
116    198    314    -2180.904283            0.125837       0.0            7575      YES            
116    202    318    -2198.634328            -0.249452      0.0            7585      YES            
116    264    380    -2363.340978            0.002494       0.0            7606      YES            
116    266    382    -2363.744426            0.007433       0.0            7623      YES            
116    268    384    -2364.334144            -0.340674      0.0            7635      YES            
116    270    386    -2365.569698            -0.340174      0.0            7652      YES            
116    272    388    -2366.672804            -0.338908      0.0            7669      YES            
116    274    390    -2367.653516            -0.337649      0.0            7686      YES            
116    276    392    -2368.511764            -0.336754      0.0            7703      YES            
116    284    400    -2373.615307            0.337495       0.0            7735      YES            
116    286    402    -2373.374357            0.336316       0.0            7752      YES            
116    288    404    -2373.589014            0.239046       0.0            7765      YES            
116    290    406    -2373.949149            0.231371       0.0            7782      YES            
116    292    408    -2374.187091            0.226276       0.0            7796      YES            
116    294    410    -2374.216227            0.223477       0.0            7813      YES            
116    296    412    -2373.995808            0.22135        0.0            7830      YES            
116    298    414    -2373.543361            0.219569       0.0            7847      YES            
116    300    416    -2372.888154            0.21756        0.0            7864      YES            
118    162    280    -1951.663989            0.189473       0.0            7887      YES            
118    188    306    -2139.143719            0.001911       0.0            7895      YES            
118    190    308    -2149.002158            -0.044565      0.0            7910      YES            
118    192    310    -2159.451411            -0.12433       0.0            7926      YES            
118    194    312    -2169.70152             -0.132992      0.0            7943      YES            
118    196    314    -2179.690109            -0.138578      0.0            7964      YES            
118    198    316    -2189.466539            -0.142587      0.0            7981      YES            
118    200    318    -2199.022848            -0.144971      0.0            7995      YES            
118    264    382    -2388.033798            0.002515       0.0            8014      YES            
118    266    384    -2388.910936            0.007949       0.0            8031      YES            
118    268    386    -2389.742458            0.022097       0.0            8053      YES            
118    270    388    -2390.683675            0.041338       0.0            8070      YES            
118    272    390    -2392.073201            -0.260877      0.0            8078      YES            
118    274    392    -2394.616922            -0.349196      0.0            8094      YES            
118    276    394    -2395.764001            -0.347228      0.0            8111      YES            
118    284    402    -2401.783511            0.335754       0.0            8143      YES            
118    286    404    -2401.987186            0.334195       0.0            8160      YES            
118    288    406    -2402.035773            0.25046        0.0            8173      YES            
118    290    408    -2402.569133            0.23779        0.0            8190      YES            
118    292    410    -2403.114847            0.227691       0.0            8207      YES            
118    294    412    -2403.545986            0.222135       0.0            8224      YES            
118    296    414    -2403.774775            0.218927       0.0            8241      YES            
118    298    416    -2403.76894             0.216699       0.0            8258      YES            
118    300    418    -2403.537686            0.214641       0.0            8272      YES            
120    188    308    -2143.578268            0.001188       0.0            8286      YES            
120    190    310    -2153.84169             -0.027526      0.0            8302      YES            
120    192    312    -2164.747819            -0.123144      0.0            8319      YES            
120    194    314    -2175.577802            -0.137358      0.0            8336      YES            
120    196    316    -2186.182724            -0.143537      0.0            8355      YES            
120    198    318    -2196.545173            -0.146849      0.0            8372      YES            
120    200    320    -2206.685039            -0.148773      0.0            8386      YES            
120    202    322    -2216.813634            0.172182       0.0            8411      YES            
120    262    382    -2409.925029            0.000705       0.0            8422      YES            
120    264    384    -2411.337141            0.001294       0.0            8439      YES            
120    266    386    -2412.671878            0.00237        0.0            8456      YES            
120    268    388    -2414.11703             -0.165726      0.0            8469      YES            
120    270    390    -2415.773444            -0.167018      0.0            8489      YES            
120    272    392    -2417.261015            -0.169653      0.0            8506      YES            
120    274    394    -2418.592969            -0.269624      0.0            8520      YES            
120    276    396    -2420.214363            -0.274847      0.0            8537      YES            
120    278    398    -2421.636147            -0.279953      0.0            8554      YES            
120    296    416    -2432.264115            0.22304        0.0            8581      YES            
120    298    418    -2432.683391            0.217976       0.0            8593      YES            
