 Nrows 
   537 
    Z     N          Q20                 Q30           beta2       beta3
     2     2           0.00016      0.0001980142    0.001456        0.03 
    22    44          0.997462      0.0539093698    0.084898        0.03 
    24    24          1.539126      0.0285140468    0.222731        0.03 
    24    28          0.604608      0.0334644022    0.076568        0.03 
    26    46           2.19023      0.0641566053    0.161254        0.03 
    30    44          2.458461      0.0677703647    0.172923        0.03 
    30    46          2.177423      0.0714831313    0.146497        0.03 
    32    44          3.127114      0.0714831313    0.210393        0.03 
    32    46          2.724172      0.0752949049    0.175517        0.03 
    34    44          3.488881      0.0752949049    0.224787        0.03 
    34    52          2.080285      0.0915320704    0.113903        0.03 
    34    62         -5.610549      0.1140561873   -0.255739        0.03 
    34    64         -5.876469       0.118858032   -0.258811        0.03 
    36    32         -2.118588      0.0572261078    -0.17157        0.03 
    36    44          4.917267      0.0792056856    0.303727        0.03 
    36    52          1.546358      0.0958388796    0.081486        0.03 
    36    68           9.36966      0.1338576087    0.373747        0.03 
    38    34          6.210344      0.0641566053    0.457233        0.03 
    38    42          -3.33825      0.0792056856   -0.206195        0.03 
    38    44          5.958401      0.0832154734    0.353196        0.03 
    40    36          6.840682      0.0714831313    0.460242        0.03 
    40    42          7.134477      0.0832154734    0.422911        0.03 
    40    44           5.87388      0.0873242684    0.334479        0.03 
    40    58          0.005775       0.118858032    0.000254        0.03 
    40    64         10.800032      0.1338576087    0.430803        0.03 
    40    66         11.020608      0.1390554818    0.425865        0.03 
    40    94         -0.113752      0.2222214517   -0.002974        0.03 
    40    96         -0.126307      0.2289044314   -0.003222        0.03 
    40    98         -0.133111      0.2356864182   -0.003314        0.03 
    40   100         -0.130644      0.2425674121   -0.003175        0.03 
    40   102         -0.120128      0.2495474132   -0.002851        0.03 
    42    36          6.541424      0.0752949049    0.421461        0.03 
    42    38          7.391587      0.0792056856    0.456559        0.03 
    42    42          6.424295      0.0873242684    0.365822        0.03 
    42    58          0.007471      0.1237588837    0.000318        0.03 
    42    64         10.174798      0.1390554818    0.393181        0.03 
    42    96         -0.123664      0.2356864182   -0.003079        0.03 
    42    98         -0.141997      0.2425674121   -0.003451        0.03 
    46    36          2.360552      0.0832154734    0.139927        0.03 
    52    56          3.622771       0.144352362    0.135699        0.03 
    52    90              -0.0      0.2495474132        -0.0        0.03 
    54    54          4.551022       0.144352362    0.170469        0.03 
    54    56          5.522604      0.1497482493    0.200631        0.03 
    54    58          6.644247      0.1552431438    0.234239        0.03 
    54    86          5.199782      0.2425674121    0.126381        0.03 
    54    88          6.738885      0.2495474132    0.159962        0.03 
    54    90          8.310043      0.2566264213    0.192712        0.03 
    54    92          9.991202      0.2638044366    0.226433        0.03 
    54    94         11.475553       0.271081459    0.254242        0.03 
    54    96         12.362244      0.2784574884    0.267827        0.03 
    56    52          4.071688       0.144352362    0.152514        0.03 
    56    54          5.669019      0.1497482493    0.205951        0.03 
    56    56          6.729877      0.1552431438    0.237257        0.03 
    56    58          9.321797      0.1608370453    0.319081        0.03 
    56    66         10.979853      0.1842027226    0.335665        0.03 
    56    84          4.216252      0.2425674121    0.102476        0.03 
    56    86          6.138357      0.2495474132    0.145707        0.03 
    56    88          7.987321      0.2566264213    0.185228        0.03 
    56    90         10.085787      0.2638044366    0.228576        0.03 
    56    92         12.525985       0.271081459    0.277514        0.03 
    56    94         13.840684      0.2784574884    0.299858        0.03 
    56    96         14.412654       0.285932525    0.305432        0.03 
    56   132          7.958031      0.4374133987    0.118337        0.03 
    56   134          9.694307      0.4467695703    0.141635        0.03 
    56   136         11.444401       0.456224749    0.164311        0.03 
    56   138         13.474148      0.4657789349     0.19014        0.03 
    58    54          7.033804      0.1552431438    0.247972        0.03 
    58    56          9.410659      0.1608370453    0.322123        0.03 
    58    58         11.089047       0.166529954    0.368729        0.03 
    58    84          4.409667      0.2495474132    0.104673        0.03 
    58    86          6.628895      0.2566264213    0.153726        0.03 
    58    88          9.572815      0.2638044366    0.216951        0.03 
    58    90         12.431982       0.271081459    0.275432        0.03 
    58    92         14.308852      0.2784574884        0.31        0.03 
    58   132           7.63658      0.4467695703    0.111571        0.03 
    58   134          9.555312       0.456224749    0.137189        0.03 
    58   136         11.507487      0.4657789349    0.162388        0.03 
    58   138         18.380068      0.4754321278    0.254974        0.03 
    60    84          4.174847      0.2566264213    0.096816        0.03 
    60    86          7.176272      0.2638044366    0.162637        0.03 
    60    88         11.328264       0.271081459    0.250979        0.03 
    60    90         14.174829      0.2784574884    0.307097        0.03 
    60   130          3.570708      0.4467695703    0.052168        0.03 
    60   132          6.236471       0.456224749    0.089539        0.03 
    60   134          8.412408      0.4657789349    0.118712        0.03 
    60   136         17.483365      0.4754321278    0.242535        0.03 
    62    84          3.501404      0.2638044366    0.079353        0.03 
    62    86          8.186798       0.271081459    0.181379        0.03 
    62    88         11.959842      0.2784574884    0.259109        0.03 
    62    90         14.983612       0.285932525    0.317531        0.03 
    62   130          0.168457       0.456224749    0.002419        0.03 
    62   132          3.935175      0.4657789349    0.055531        0.03 
    62   134          5.747427      0.4754321278     0.07973        0.03 
    62   136         18.183654      0.4851843278    0.248017        0.03 
    64    84         -2.665566       0.271081459   -0.059056        0.03 
    64    86          8.886724      0.2784574884     0.19253        0.03 
    64    88         12.037127       0.285932525     0.25509        0.03 
    64    90         14.853389      0.2935065687    0.307988        0.03 
    64   130          0.134403      0.4657789349    0.001897        0.03 
    64   132          1.817082      0.4754321278    0.025207        0.03 
    64   134         -0.483294      0.4851843278   -0.006592        0.03 
    64   136         17.820124       0.495035535    0.239021        0.03 
    66   130           2.15399      0.4754321278    0.029881        0.03 
    66   132           3.71498      0.4851843278    0.050671        0.03 
    66   134         -8.249315       0.495035535   -0.110648        0.03 
    66   136         16.884782      0.5049857492    0.222751        0.03 
    68   130          4.130271      0.4851843278    0.056335        0.03 
    68   132          5.932256       0.495035535    0.079569        0.03 
    68   134         12.365207      0.5049857492    0.163127        0.03 
    68   190         10.001956      0.8237886338     0.08776        0.03 
    70   130          5.167733       0.495035535    0.069315        0.03 
    70   132           7.58405      0.5049857492    0.100052        0.03 
    70   134         11.899182      0.5150349706    0.154422        0.03 
    70   166         27.417329      0.6892874789    0.279092        0.03 
    70   168         26.693925      0.7010198211    0.267934        0.03 
    72   132          7.945881      0.5150349706    0.103118        0.03 
    72   168         22.342831      0.7128511704    0.221154        0.03 
    72   170         21.232711      0.7247815268    0.207279        0.03 
    74   170         19.597437      0.7368108903    0.188709        0.03 
    76    90          9.361489      0.3410299801    0.171294        0.03 
    76   136         11.103904      0.5562219271    0.135153        0.03 
    78   134          4.820214      0.5562219271     0.05867        0.03 
    78   136          6.755556       0.566766184     0.08095        0.03 
    78   138         -7.913697       0.577409448   -0.093368        0.03 
    80   134               0.0       0.566766184         0.0        0.03 
    80   136               0.0       0.577409448         0.0        0.03 
    80   138               0.0      0.5881517191         0.0        0.03 
    80   140          -6.74941      0.5989929973   -0.077233        0.03 
    82   134               0.0       0.577409448         0.0        0.03 
    82   136               0.0      0.5881517191         0.0        0.03 
    82   138               0.0      0.5989929973         0.0        0.03 
    82   140               0.0      0.6099332827         0.0        0.03 
    82   142            0.0531      0.6209725751     0.00059        0.03 
    84   132               0.0       0.577409448         0.0        0.03 
    84   134               0.0      0.5881517191         0.0        0.03 
    84   136         10.455469      0.5989929973    0.119642        0.03 
    84   154         24.382324      0.7010198211    0.244731        0.03 
    84   156         24.221838      0.7128511704    0.239753        0.03 
    84   158         23.553941      0.7247815268     0.22994        0.03 
    84   160         21.810455      0.7368108903    0.210019        0.03 
    84   162         18.588059      0.7489392609    0.176571        0.03 
    84   194               0.0      0.9564581572         0.0        0.03 
    84   196               0.0      0.9702696486         0.0        0.03 
    84   198         -4.618516      0.9841801471   -0.034941        0.03 
    86   130          6.135756       0.577409448    0.072392        0.03 
    86   132           9.09149      0.5881517191    0.105629        0.03 
    86   134         11.666543      0.5989929973      0.1335        0.03 
    86   136         14.018999      0.6099332827    0.158017        0.03 
    86   138         15.977766      0.6209725751    0.177424        0.03 
    86   140         17.542802      0.6321108746    0.191938        0.03 
    86   142         18.885101      0.6433481813    0.203612        0.03 
    86   152         23.555353      0.7010198211    0.236431        0.03 
    86   154          23.36677      0.7128511704     0.23129        0.03 
    86   156         22.931957      0.7247815268    0.223868        0.03 
    86   158          22.21032      0.7368108903    0.213869        0.03 
    86   160         21.101243      0.7489392609    0.200444        0.03 
    86   164         18.294318      0.7734930234    0.169171        0.03 
    86   192               0.0      0.9564581572         0.0        0.03 
    86   194          11.91564      0.9702696486    0.091221        0.03 
    86   196         17.531791      0.9841801471    0.132634        0.03 
    88   128              -0.0       0.577409448        -0.0        0.03 
    88   130          8.332774      0.5881517191    0.096814        0.03 
    88   132         11.504601      0.5989929973    0.131647        0.03 
    88   134         14.321111      0.6099332827    0.161423        0.03 
    88   138         18.834318      0.6321108746    0.206069        0.03 
    88   140         20.282244      0.6433481813    0.218676        0.03 
    88   142         21.515632       0.654684495    0.228622        0.03 
    88   144          22.69951      0.6661198159    0.237746        0.03 
    88   154          24.37871      0.7247815268    0.237991        0.03 
    88   156         23.866299      0.7368108903    0.229815        0.03 
    88   158         23.239539      0.7489392609    0.220756        0.03 
    88   160         22.318711      0.7611666386    0.209167        0.03 
    88   162         21.130618      0.7734930234    0.195399        0.03 
    88   172        -14.255794      0.8366100541   -0.123484        0.03 
    88   190          0.036838      0.9564581572    0.000285        0.03 
    88   192          3.909548      0.9702696486     0.02993        0.03 
    88   194         16.754956      0.9841801471    0.126757        0.03 
    88   196         20.879755      0.9981896528    0.156113        0.03 
    88   198         23.833638      1.0122981655    0.176126        0.03 
    88   200         26.261663      1.0265056854    0.191828        0.03 
    88   202         28.280112      1.0408122123    0.204202        0.03 
    88   204         29.882732      1.0552177464    0.213317        0.03 
    90   128              -0.0      0.5881517191        -0.0        0.03 
    90   130         10.113791      0.5989929973    0.115732        0.03 
    90   132         13.965329      0.6099332827    0.157412        0.03 
    90   134         17.122551      0.6209725751    0.190136        0.03 
    90   136         19.621516      0.6321108746    0.214682        0.03 
    90   138         21.481949      0.6433481813    0.231611        0.03 
    90   140         22.905625       0.654684495    0.243391        0.03 
    90   156          25.68643      0.7489392609    0.243999        0.03 
    90   158         25.009362      0.7611666386    0.234383        0.03 
    90   160         24.135558      0.7734930234    0.223186        0.03 
    90   162         22.967889      0.7859184154    0.209586        0.03 
    90   190               0.0      0.9702696486         0.0        0.03 
    90   192          0.012575      0.9841801471     9.5e-05        0.03 
    90   194         20.036141      0.9981896528    0.149805        0.03 
    90   196         24.320277      1.0122981655    0.179722        0.03 
    90   198         27.126343      1.0265056854    0.198144        0.03 
    90   222         35.756674       1.204718478    0.228565        0.03 
    90   224         35.325243      1.2202130902    0.223415        0.03 
    92   128          0.182077      0.5989929973    0.002083        0.03 
    92   130         11.873324      0.6099332827    0.133832        0.03 
    92   132          16.46708      0.6209725751    0.182857        0.03 
    92   134         20.143753      0.6321108746    0.220395        0.03 
    92   136         22.204159      0.6433481813    0.239397        0.03 
    92   158         26.897257      0.7734930234    0.248724        0.03 
    92   162         24.921808      0.7984428144     0.22444        0.03 
    92   164         23.514384      0.8110662205    0.209015        0.03 
    92   190           0.00648      0.9841801471     4.9e-05        0.03 
    92   192          0.012688      0.9981896528     9.5e-05        0.03 
    92   194         23.908723      1.0122981655    0.176681        0.03 
    92   196          27.29478      1.0265056854    0.199374        0.03 
    92   198         29.729299      1.0408122123    0.214666        0.03 
    92   226         37.068884       1.251499336    0.229548        0.03 
    92   230         34.291073      1.2831816103    0.207968        0.03 
    94   128               0.0      0.6099332827         0.0        0.03 
    94   130         13.611044      0.6209725751    0.151143        0.03 
    94   132         20.522778      0.6321108746    0.224542        0.03 
    94   134         22.993443      0.6433481813    0.247907        0.03 
    94   136         24.123858       0.654684495    0.256336        0.03 
    94   138         25.287177      0.6661198159    0.264848        0.03 
    94   140         26.545572      0.6776541439    0.274079        0.03 
    94   142         27.682712      0.6892874789    0.281794        0.03 
    94   160         28.042579      0.7984428144    0.252545        0.03 
    94   188          0.026428      0.9841801471      0.0002        0.03 
    94   190         -0.021694      0.9981896528   -0.000162        0.03 
    94   192         17.436657      1.0122981655    0.128853        0.03 
    94   194         28.783285      1.0265056854    0.210247        0.03 
    94   196         30.434493      1.0408122123    0.219758        0.03 
    94   198          32.01118      1.0552177464    0.228511        0.03 
    94   230         35.840559       1.299171258    0.215134        0.03 
    94   232         33.499878      1.3152599129    0.199032        0.03 
    94   234         31.652053      1.3314475749    0.186147        0.03 
    96   126               0.0      0.6099332827         0.0        0.03 
    96   128              -0.0      0.6209725751        -0.0        0.03 
    96   130         27.114061      0.6321108746    0.296658        0.03 
    96   132         25.993088      0.6433481813    0.280248        0.03 
    96   138         26.546162      0.6776541439    0.274085        0.03 
    96   160         29.955323      0.8110662205    0.266267        0.03 
    96   162         28.971668      0.8237886338    0.254205        0.03 
    96   182           0.07251      0.9564581572    0.000562        0.03 
    96   184          0.002536      0.9702696486     1.9e-05        0.03 
    96   186          0.031714      0.9841801471     0.00024        0.03 
    96   188          0.079005      0.9981896528    0.000591        0.03 
    96   190          0.031132      1.0122981655     0.00023        0.03 
    96   192         36.477316      1.0265056854    0.266447        0.03 
    96   194          35.79627      1.0408122123    0.258474        0.03 
    96   196         35.305854      1.0552177464     0.25203        0.03 
    96   234         33.736736       1.347734244    0.196407        0.03 
    96   256          0.098217      1.5334220732    0.000513        0.03 
    96   258          0.098136      1.5508968276    0.000508        0.03 
    96   260          0.162145      1.5684705891    0.000832        0.03 
    96   262          0.302972      1.5861433577     0.00154        0.03 
    98   126               0.0      0.6209725751         0.0        0.03 
    98   128          31.50007      0.6321108746    0.344646        0.03 
    98   130         30.606069      0.6433481813    0.329984        0.03 
    98   162         30.824822      0.8366100541    0.267006        0.03 
    98   164         29.043779      0.8495304816    0.248386        0.03 
    98   166         26.337885      0.8625499162    0.222408        0.03 
    98   182           0.20134      0.9702696486    0.001541        0.03 
    98   184          0.029483      0.9841801471    0.000223        0.03 
    98   186          0.051311      0.9981896528    0.000384        0.03 
    98   188          0.176767      1.0122981655    0.001306        0.03 
    98   190         49.033964      1.0265056854    0.358167        0.03 
    98   192         41.261225      1.0408122123    0.297935        0.03 
    98   194         40.125141      1.0552177464    0.286432        0.03 
    98   196         39.373238      1.0697222876    0.277885        0.03 
    98   256          0.250108      1.5508968276    0.001295        0.03 
    98   258          0.192515      1.5684705891    0.000988        0.03 
    98   260          0.315759      1.5861433577    0.001605        0.03 
    98   262          0.740831      1.6039151334    0.003731        0.03 
   100   126               0.0      0.6321108746         0.0        0.03 
   100   128         34.495699      0.6433481813     0.37192        0.03 
   100   162         31.645002      0.8495304816    0.270632        0.03 
   100   164         29.638529      0.8625499162     0.25028        0.03 
   100   166         27.350977      0.8756683578    0.228076        0.03 
   100   168         25.407532      0.8888858066    0.209241        0.03 
   100   182         -4.200012      0.9841801471   -0.031774        0.03 
   100   184           0.03794      0.9981896528    0.000284        0.03 
   100   186          0.069191      1.0122981655    0.000511        0.03 
   100   188         51.839077      1.0265056854    0.378657        0.03 
   100   190         52.153545      1.0408122123    0.376585        0.03 
   100   192          52.34579      1.0552177464    0.373669        0.03 
   100   194         50.652672      1.0697222876    0.357492        0.03 
   100   196          42.69872      1.0843258358    0.297969        0.03 
   100   256          0.415622      1.5684705891    0.002132        0.03 
   100   258           0.26033      1.5861433577    0.001323        0.03 
   100   260          0.447577      1.6039151334    0.002254        0.03 
   100   262         -1.908308      1.6217859162   -0.009522        0.03 
   100   264          12.37237      1.6397557061    0.061168        0.03 
   102   128        -28.041463       0.654684495   -0.297964        0.03 
   102   134         36.654353      0.6892874789     0.37312        0.03 
   102   136          34.33196      0.7010198211    0.344598        0.03 
   102   162         31.650589      0.8625499162    0.267271        0.03 
   102   164         30.002041      0.8756683578    0.250183        0.03 
   102   166         28.272273      0.8888858066    0.232834        0.03 
   102   168         26.569155      0.9022022625    0.216113        0.03 
   102   182         -5.289849      0.9981896528   -0.039551        0.03 
   102   184          0.044871      1.0122981655    0.000332        0.03 
   102   186          0.083623      1.0265056854    0.000611        0.03 
   102   188        -27.659977      1.0408122123   -0.199725        0.03 
   102   190         -29.17951      1.0552177464   -0.208297        0.03 
   102   192         53.821487      1.0697222876    0.379857        0.03 
   102   256          0.552782      1.5861433577     0.00281        0.03 
   102   258          0.301143      1.6039151334    0.001517        0.03 
   102   260          0.528607      1.6217859162    0.002638        0.03 
   102   262         -2.930427      1.6397557061   -0.014488        0.03 
   102   264         12.961253      1.6578245031    0.063497        0.03 
   104   134          41.95847      0.7010198211    0.421148        0.03 
   104   136         40.156131      0.7128511704    0.397475        0.03 
   104   164         30.501459      0.8888858066    0.251192        0.03 
   104   166         29.063088      0.9022022625    0.236399        0.03 
   104   168         27.501581      0.9156177255    0.220963        0.03 
   104   170         25.896239      0.9291321956    0.205539        0.03 
   104   172         58.059518      0.9427456728    0.455269        0.03 
   104   182         -5.628007      1.0122981655    -0.04159        0.03 
   104   184          0.048501      1.0265056854    0.000354        0.03 
   104   186          0.091375      1.0408122123     0.00066        0.03 
   104   188        -28.525827      1.0552177464   -0.203631        0.03 
   104   190        -29.898314      1.0697222876   -0.211014        0.03 
   104   252         86.303458      1.5684705891     0.44278        0.03 
   104   256          0.459806      1.6039151334    0.002316        0.03 
   104   258          0.305099      1.6217859162    0.001522        0.03 
   104   260          0.545446      1.6397557061    0.002697        0.03 
   104   262          3.265435      1.6578245031    0.015997        0.03 
   104   264         78.285122      1.6759923073    0.380051        0.03 
   106   156         33.076937      0.8495304816    0.282878        0.03 
   106   162         31.777175      0.8888858066    0.261698        0.03 
   106   166         29.553679      0.9156177255     0.23745        0.03 
   106   168         28.188452      0.9291321956    0.223733        0.03 
   106   170         26.834622      0.9427456728    0.210421        0.03 
   106   172         25.326303      0.9564581572    0.196219        0.03 
   106   182         -5.528961      1.0265056854   -0.040386        0.03 
   106   184          0.046959      1.0408122123    0.000339        0.03 
   106   186          0.088019      1.0552177464    0.000628        0.03 
   106   188        -29.024627      1.0697222876   -0.204847        0.03 
   106   190        -30.358535      1.0843258358   -0.211854        0.03 
   106   192        -31.788611      1.0990283912   -0.219358        0.03 
   106   198         55.446641         1.1437301    0.370108        0.03 
   106   238         39.007116      1.4645131267    0.211896        0.03 
   106   250         84.685054      1.5684705891    0.434477        0.03 
   106   254        -12.554215      1.6039151334   -0.063221        0.03 
   106   256          0.266987      1.6217859162    0.001332        0.03 
   106   258          0.267614      1.6397557061    0.001323        0.03 
   106   260          0.492959      1.6578245031    0.002415        0.03 
   106   262          2.235826      1.6759923073    0.010854        0.03 
   106   264         11.937572      1.6942591185    0.057432        0.03 
   108   154         32.766605      0.8495304816    0.280224        0.03 
   108   156         32.725601      0.8625499162    0.276349        0.03 
   108   158         32.633598      0.8756683578    0.272127        0.03 
   108   164         30.598118      0.9156177255    0.245842        0.03 
   108   166         29.624036      0.9291321956    0.235127        0.03 
   108   168         28.545567      0.9427456728    0.223838        0.03 
   108   170         27.428031      0.9564581572    0.212502        0.03 
   108   172         26.391787      0.9702696486    0.202045        0.03 
   108   180        -10.638872      1.0265056854   -0.077711        0.03 
   108   182         -4.883623      1.0408122123   -0.035263        0.03 
   108   184           0.04262      1.0552177464    0.000304        0.03 
   108   186          0.077117      1.0697222876    0.000544        0.03 
   108   188        -29.265884      1.0843258358   -0.204229        0.03 
   108   190        -30.602088      1.0990283912   -0.211171        0.03 
   108   192        -31.994565      1.1138299537   -0.218332        0.03 
   108   194        -33.501856      1.1287305233     -0.2261        0.03 
   108   244         82.599143      1.5334220732    0.431831        0.03 
   108   246         83.493347      1.5508968276    0.432404        0.03 
   108   248         84.652545      1.5684705891     0.43431        0.03 
   108   250         85.962182      1.5861433577     0.43693        0.03 
   108   252        -16.365612      1.6039151334   -0.082415        0.03 
   108   254        -11.623306      1.6217859162   -0.057995        0.03 
   108   256          0.235451      1.6397557061    0.001164        0.03 
   108   258          0.202089      1.6578245031     0.00099        0.03 
   108   260            0.3851      1.6759923073     0.00187        0.03 
   110   152         31.871759      0.8495304816    0.272571        0.03 
   110   154         31.942219      0.8625499162    0.269733        0.03 
   110   156          31.96517      0.8756683578    0.266553        0.03 
   110   158         31.939114      0.8888858066    0.263031        0.03 
   110   160         31.653613      0.9022022625     0.25747        0.03 
   110   164         30.046775      0.9291321956    0.238482        0.03 
   110   166         29.141926      0.9427456728    0.228514        0.03 
   110   168         28.164254      0.9564581572    0.218206        0.03 
   110   170         27.046316      0.9702696486    0.207056        0.03 
   110   186          0.061374      1.0843258358    0.000428        0.03 
   110   188          63.35413      1.0990283912    0.437177        0.03 
   110   190        -30.509045      1.1138299537   -0.208195        0.03 
   110   192        -31.900623      1.1287305233   -0.215293        0.03 
   110   250         87.660642      1.6039151334    0.441445        0.03 
   110   252         88.770246      1.6217859162    0.442924        0.03 
   110   254        -10.028131      1.6397557061   -0.049579        0.03 
   110   256         90.538394      1.6578245031    0.443548        0.03 
   112   152         30.459202      0.8625499162     0.25721        0.03 
   112   154         30.660216      0.8756683578    0.255671        0.03 
   112   156         30.876183      0.8888858066    0.254278        0.03 
   112   158         31.051739      0.9022022625    0.252574        0.03 
   112   160         30.941765      0.9156177255    0.248603        0.03 
   112   164         29.560844      0.9427456728    0.231799        0.03 
   112   188          0.122823      1.1138299537    0.000838        0.03 
   112   190        -29.896907      1.1287305233    -0.20177        0.03 
   112   250         91.133143      1.6217859162    0.454714        0.03 
   112   252         91.937056      1.6397557061    0.454532        0.03 
   112   254         92.875341      1.6578245031    0.454997        0.03 
   112   276         87.707669      1.8631157395    0.389847        0.03 
   114   156         29.136738      0.9022022625    0.236998        0.03 
   114   162         29.201936      0.9427456728    0.228984        0.03 
   114   164         28.506461      0.9564581572    0.220857        0.03 
   114   192        -57.562206      1.1588286839   -0.380053        0.03 
   114   194        -31.236264      1.1740262748    -0.20401        0.03 
   114   272        -83.234749      1.8439578643   -0.373166        0.03 
   114   278         89.285155      1.9017285112    0.390132        0.03 
   114   282         89.675994      1.9407373114    0.385266        0.03 
   114   284         90.189212      1.9603902221    0.384231        0.03 
   114   286          63.58735        1.98014214    0.268646        0.03 
   114   288         61.905729      1.9999930649    0.259376        0.03 
   114   290         61.486217       2.019942997    0.255497        0.03 
   114   292         61.412376      2.0399919362    0.253098        0.03 
   114   294         61.475832      2.0601398824    0.251293        0.03 
   114   296         61.591574      2.0803868358    0.249723        0.03 
   116   160         27.456544      0.9427456728    0.215298        0.03 
   116   190         -5.054787      1.1588286839   -0.033374        0.03 
   116   194        -22.560059      1.1893228728   -0.145763        0.03 
   116   264          0.558036      1.7870782813    0.002568        0.03 
   116   266          1.688222      1.8059391352    0.007701        0.03 
   116   268        -85.630038      1.8248989962   -0.387243        0.03 
   116   284         90.719103        1.98014214    0.383273        0.03 
   116   286         91.270936      1.9999930649    0.382412        0.03 
   116   288         63.860395       2.019942997    0.265362        0.03 
   116   290          62.37354      2.0399919362    0.257059        0.03 
   116   292         61.570981      2.0601398824    0.251682        0.03 
   116   294          61.36782      2.0803868358    0.248815        0.03 
   116   296         61.334652      2.1007327963    0.246672        0.03 
   116   298         61.379806      2.1211777639    0.244869        0.03 
   116   300         61.343891      2.1417217386    0.242768        0.03 
   118   162         25.717669      0.9702696486    0.196884        0.03 
   118   188          0.287521      1.1588286839    0.001898        0.03 
   118   190          -6.87804      1.1740262748   -0.044922        0.03 
   118   192        -19.864879      1.1893228728   -0.128349        0.03 
   118   264          0.556922      1.8059391352    0.002541        0.03 
   118   266          1.781424      1.8248989962    0.008056        0.03 
   118   268          5.080545      1.8439578643    0.022778        0.03 
   118   270          9.771236      1.8631157395    0.043432        0.03 
   118   274        -91.362613      1.9017285112    -0.39921        0.03 
   118   284         90.882333      1.9999930649    0.380784        0.03 
   118   286         91.300344       2.019942997    0.379385        0.03 
   118   288         67.400909      2.0399919362    0.277778        0.03 
   118   290         64.514564      2.0601398824    0.263714        0.03 
   118   292         62.312829      2.0803868358    0.252647        0.03 
   118   294         61.347479      2.1007327963    0.246724        0.03 
   118   296          61.01856      2.1211777639    0.243428        0.03 
   118   298         60.937401      2.1417217386     0.24116        0.03 
   118   300         60.882643      2.1623647204    0.239025        0.03 
   120   166        -59.332432      1.0122981655   -0.438455        0.03 
   120   188           0.18499      1.1740262748    0.001208        0.03 
   120   190         -4.302531      1.1893228728   -0.027799        0.03 
   120   192        -19.851888       1.204718478   -0.126898        0.03 
   120   194        -22.582687      1.2202130902   -0.142824        0.03 
   120   210         -76.12057       1.347734244   -0.443154        0.03 
   120   216        -80.212303       1.397188294    -0.45316        0.03 
   120   218        -81.582986      1.4138709915   -0.456367        0.03 
   120   262          0.168118      1.8059391352    0.000767        0.03 
   120   264          0.307442      1.8248989962     0.00139        0.03 
   120   266           0.56596      1.8439578643    0.002537        0.03 
   120   268         -40.10986      1.8631157395   -0.178282        0.03 
   120   270        -40.831593      1.8823726218   -0.179942        0.03 
   120   272        -41.906177      1.9017285112   -0.183109        0.03 
   120   296         62.383561      2.1417217386    0.246883        0.03 
   120   298         61.508011      2.1623647204     0.24148        0.03 
    36    38         -4.176642      0.0677703647   -0.293777        0.03 
    36    40         -3.647516      0.0714831313   -0.245405        0.03 
    36    62         -6.493109       0.118858032   -0.285969        0.03 
    38    58          0.027447      0.1140561873    0.001251        0.03 
    38    62         -6.356253      0.1237588837   -0.270672        0.03 
    40    38         -3.258395      0.0752949049   -0.209937        0.03 
    40    40          0.001207      0.0792056856     7.5e-05        0.03 
    66    66        -10.322453       0.215637479   -0.276738        0.03 
    88   136         16.877442      0.6209725751    0.187414        0.03 
   102   130          -29.3666      0.6661198159   -0.307574        0.03 
   102   132        -30.592101      0.6776541439   -0.315858        0.03 
   104   192        -31.541804      1.0843258358   -0.220112        0.03 
   106   194        -33.529473      1.1138299537   -0.228806        0.03 
   106   196        -40.096708      1.1287305233   -0.270608        0.03 
   108   196        -35.184293         1.1437301   -0.234856        0.03 
   108   198        -37.390478      1.1588286839    -0.24687        0.03 
   108   262         -1.564018      1.6942591185   -0.007525        0.03 
   108   264          8.796568      1.7126249369    0.041942        0.03 
   108   266        -71.281313      1.7310897623   -0.336847        0.03 
   108   268        -72.503686      1.7496535949   -0.339591        0.03 
   110   194        -33.361157         1.1437301   -0.222687        0.03 
   110   196          -34.9324      1.1588286839   -0.230641        0.03 
   110   198        -59.274589      1.1740262748   -0.387133        0.03 
   110   200        -38.484044      1.1893228728   -0.248649        0.03 
   110   260            0.2568      1.6942591185    0.001235        0.03 
   110   262          0.746827      1.7126249369    0.003561        0.03 
   110   264          4.722182      1.7310897623    0.022315        0.03 
   110   266        -72.455338      1.7496535949   -0.339365        0.03 
   110   268        -73.876319      1.7683164345   -0.342974        0.03 
   110   270        -74.901917      1.7870782813   -0.344691        0.03 
   112   192        -31.270325         1.1437301   -0.208731        0.03 
   112   194        -57.866312      1.1588286839   -0.382061        0.03 
   112   196         28.014715      1.1740262748    0.182969        0.03 
   112   198         -37.13486      1.1893228728   -0.239932        0.03 
   112   200        -39.218987       1.204718478   -0.250696        0.03 
   112   202        -55.484845      1.2202130902   -0.350914        0.03 
   112   262          0.366164      1.7310897623     0.00173        0.03 
   112   264           1.02357      1.7496535949    0.004794        0.03 
   112   266          8.774305      1.7683164345    0.040735        0.03 
   112   268        -77.704553      1.7870782813   -0.357588        0.03 
   112   270        -78.470259      1.8059391352   -0.357966        0.03 
   112   272         -79.23707      1.8248989962   -0.358332        0.03 
   114   190         -0.229621         1.1437301   -0.001533        0.03 
   114   196         20.647672      1.1893228728    0.133407        0.03 
   114   202        -42.035288      1.2358067096   -0.263054        0.03 
   114   204         -43.70088       1.251499336   -0.270617        0.03 
   114   264          0.488723      1.7683164345    0.002269        0.03 
   114   266           1.34974      1.7870782813    0.006211        0.03 
   114   268        -81.814235      1.8059391352   -0.373221        0.03 
   114   270        -82.490414      1.8248989962   -0.373045        0.03 
   114   274        -84.077395      1.8631157395   -0.373711        0.03 
   116   192        -58.779884      1.1740262748   -0.383902        0.03 
   116   196        -23.609316       1.204718478   -0.150916        0.03 
   116   198         20.696209      1.2202130902    0.130893        0.03 
   116   202        -42.902741       1.251499336   -0.265674        0.03 
   116   270        -86.363637      1.8439578643   -0.387194        0.03 
   116   272         -86.88382      1.8631157395   -0.386185        0.03 
   116   274         -87.40126      1.8823726218    -0.38517        0.03 
   116   276        -88.021605      1.9017285112   -0.384611        0.03 
   118   194         -21.54026       1.204718478    -0.13769        0.03 
   118   196        -22.730701      1.2202130902   -0.143761        0.03 
   118   198         -23.67666      1.2358067096   -0.148167        0.03 
   118   200        -24.358609       1.251499336    -0.15084        0.03 
   118   272        -65.407019      1.8823726218   -0.288244        0.03 
   118   276         -91.69182      1.9211834078   -0.397264        0.03 
   120   196        -23.920072      1.2358067096    -0.14969        0.03 
   120   198        -24.770987       1.251499336   -0.153394        0.03 
   120   200        -25.384612      1.2672909696    -0.15556        0.03 
   120   202         29.760921      1.2831816103    0.180494        0.03 
   120   274        -68.741521      1.9211834078    -0.29783        0.03 
   120   276        -70.895762      1.9407373114   -0.304582        0.03 
   120   278        -73.060984      1.9603902221    -0.31126        0.03 
