Z      N      A      Binding_Energy_(MeV)    Q20_total (b)  beta3_total    fileID    Convergence    
4      4      8      -55.504782              -0.001224      0.0            44        YES            
6      4      10     -64.922876              -0.004092      0.0            48        YES            
12     2      14     0.195759                -1.01924       0.0            52        YES            
14     16     30     -258.001999             -0.004572      0.0            56        YES            
14     24     38     -303.042932             0.842197       0.0            62        YES            
46     58     104    -892.955871             2.916016       0.0            65        YES            
50     62     112    -953.63534              2.099826       0.0            70        YES            
52     60     112    -941.093691             3.488833       0.0            74        YES            
52     62     114    -961.203487             3.648733       0.0            78        YES            
52     64     116    -980.652399             -4.039314      0.0            80        YES            
52     68     120    -1017.121648            -3.658567      0.0            84        YES            
56     64     120    -993.116446             10.808107      0.0            89        YES            
56     88     144    -1189.685022            7.436228       0.0            94        YES            
56     90     146    -1198.917699            8.80111        0.0            97        YES            
56     94     150    -1215.879644            12.147639      0.0            101       YES            
56     102    158    -1244.622188            15.339936      0.0            105       YES            
58     92     150    -1229.213739            13.341606      0.0            109       YES            
58     94     152    -1239.290066            14.875288      0.0            113       YES            
58     96     154    -1248.638022            15.783656      0.0            117       YES            
58     98     156    -1257.394048            16.440599      0.0            121       YES            
58     100    158    -1265.470008            16.992967      0.0            125       YES            
58     112    170    -1301.241736            15.943284      0.0            129       YES            
58     114    172    -1305.807114            14.650466      0.0            133       YES            
60     90     150    -1236.628703            12.863981      0.0            138       YES            
60     92     152    -1249.014205            15.189828      0.0            142       YES            
60     94     154    -1260.497112            16.40337       0.0            145       YES            
60     96     156    -1271.117547            17.208782      0.0            149       YES            
60     98     158    -1281.069899            17.839863      0.0            153       YES            
60     100    160    -1290.302219            18.420274      0.0            157       YES            
60     106    166    -1313.428609            20.253853      0.0            162       YES            
60     116    176    -1341.403348            16.203647      0.0            165       YES            
62     90     152    -1252.417278            14.220575      0.0            170       YES            
62     96     158    -1290.697437            18.007098      0.0            173       YES            
62     98     160    -1301.866861            18.618144      0.0            177       YES            
62     100    162    -1312.295493            19.18038       0.0            182       YES            
62     114    176    -1365.457008            19.744965      0.0            185       YES            
62     118    180    -1376.232278            15.991127      0.0            189       YES            
62     122    184    -1387.34683             -1.457087      0.0            192       YES            
62     134    196    -1406.486491            13.097088      0.0            197       YES            
64     90     154    -1265.874802            14.318851      0.0            202       YES            
64     92     156    -1280.641146            16.313726      0.0            206       YES            
64     94     158    -1294.578175            17.417209      0.0            210       YES            
64     98     162    -1320.075953            18.782965      0.0            214       YES            
66     86     152    -1244.20173             8.281869       0.0            218       YES            
66     90     156    -1277.263965            13.799456      0.0            222       YES            
66     92     158    -1293.042022            15.85411       0.0            226       YES            
66     94     160    -1308.124922            17.155611      0.0            230       YES            
68     86     154    -1251.588077            8.053965       0.0            234       YES            
68     90     158    -1286.695167            13.109914      0.0            238       YES            
68     96     164    -1335.099569            17.70578       0.0            242       YES            
70     86     156    -1257.225993            7.60677        0.0            246       YES            
70     94     164    -1329.00826             15.758149      0.0            250       YES            
72     86     158    -1260.553213            -5.293039      0.0            252       YES            
72     88     160    -1280.890352            9.500945       0.0            258       YES            
72     132    204    -1555.633522            -5.936629      0.0            260       YES            
74     86     160    -1262.92293             -4.519045      0.0            264       YES            
74     88     162    -1283.927406            8.525069       0.0            270       YES            
74     94     168    -1341.933238            13.033085      0.0            274       YES            
76     88     164    -1285.227205            7.239764       0.0            277       YES            
76     92     168    -1326.18314             10.161894      0.0            282       YES            
76     94     170    -1345.757902            11.395028      0.0            286       YES            
76     134    210    -1610.58417             -6.274631      0.0            288       YES            
78     90     168    -1306.57306             7.128449       0.0            294       YES            
78     92     170    -1327.525946            8.370166       0.0            297       YES            
78     94     172    -1347.91664             9.444895       0.0            302       YES            
78     96     174    -1367.753726            10.52017       0.0            306       YES            
84     138    222    -1694.387027            39.245947      0.0            313       YES            
86     132    218    -1686.377263            -1.538235      0.0            316       YES            
86     140    226    -1727.235974            17.04121       0.0            333       YES            
86     192    278    -1868.497724            -5.402263      0.0            336       YES            
86     194    280    -1868.30523             -8.449924      0.0            340       YES            
86     196    282    -1868.192703            -11.640931     0.0            344       YES            
86     198    284    -1868.144948            -14.584421     0.0            348       YES            
86     200    286    -1863.089134            60.962135      0.0            353       YES            
86     202    288    -1870.078937            24.678195      0.0            357       YES            
88     130    218    -1683.281891            -1.539248      0.0            360       YES            
88     132    220    -1694.24254             -4.572812      0.0            364       YES            
88     134    222    -1705.016229            -8.171617      0.0            367       YES            
88     140    228    -1735.760328            -23.497457     0.0            379       YES            
88     190    278    -1897.005141            -3.53338       0.0            384       YES            
88     192    280    -1897.329103            -6.300737      0.0            388       YES            
88     194    282    -1897.67795             -10.190132     0.0            392       YES            
88     196    284    -1895.28318             -34.842869     0.0            396       YES            
88     198    286    -1896.742768            -35.830207     0.0            400       YES            
88     200    288    -1897.977293            -36.170232     0.0            404       YES            
88     202    290    -1903.63714             28.898603      0.0            409       YES            
88     204    292    -1904.060882            30.900275      0.0            413       YES            
90     134    224    -1712.999787            -10.134716     0.0            424       YES            
90     136    226    -1722.483447            42.190237      0.0            429       YES            
90     138    228    -1734.884932            45.664626      0.0            434       YES            
90     190    280    -1918.070425            65.902251      0.0            437       YES            
90     192    282    -1920.593528            67.715948      0.0            441       YES            
90     194    284    -1922.948227            -36.951561     0.0            444       YES            
90     196    286    -1925.210085            -38.345615     0.0            448       YES            
90     198    288    -1927.224374            -39.459337     0.0            452       YES            
90     200    290    -1928.976793            -40.318013     0.0            456       YES            
92     128    220    -1674.367698            -24.742633     0.0            459       YES            
92     130    222    -1689.286755            -26.127455     0.0            463       YES            
92     132    224    -1703.759235            -27.419488     0.0            467       YES            
92     134    226    -1717.779641            -28.56903      0.0            471       YES            
92     188    280    -1947.837989            -2.297339      0.0            475       YES            
92     190    282    -1945.421146            64.994164      0.0            481       YES            
92     192    284    -1948.476391            66.616453      0.0            485       YES            
92     194    286    -1952.331282            -13.658939     0.0            487       YES            
92     196    288    -1953.752563            -40.142305     0.0            492       YES            
92     198    290    -1956.348514            -41.204054     0.0            496       YES            
94     128    222    -1677.617311            49.055395      0.0            502       YES            
94     130    224    -1696.240616            -6.209492      0.0            503       YES            
94     132    226    -1709.199008            -28.82772      0.0            507       YES            
94     134    228    -1724.24261             42.614273      0.0            513       YES            
94     188    282    -1971.718801            -2.32917       0.0            515       YES            
94     190    284    -1971.110228            63.404511      0.0            521       YES            
94     192    286    -1974.699025            64.455955      0.0            525       YES            
94     194    288    -1977.940756            65.565505      0.0            530       YES            
94     196    290    -1980.944477            66.365723      0.0            534       YES            
94     242    336    -1998.885177            47.304654      0.0            537       YES            
96     128    224    -1679.788702            49.421731      0.0            542       YES            
96     130    226    -1697.128059            51.41038       0.0            546       YES            
96     188    284    -1989.426342            -37.272192     0.0            548       YES            
96     190    286    -1993.988188            -39.483783     0.0            552       YES            
96     192    288    -2003.08576             21.712041      0.0            557       YES            
96     194    290    -2002.517041            -41.608483     0.0            560       YES            
98     128    226    -1680.363222            49.315647      0.0            566       YES            
98     186    284    -2012.563725            -0.981241      0.0            568       YES            
98     188    286    -2016.37084             0.477319       0.0            573       YES            
98     190    288    -2020.657808            16.19123       0.0            577       YES            
98     192    290    -2025.517589            22.316212      0.0            581       YES            
98     262    360    -2063.914007            9.336109       0.0            585       YES            
100    128    228    -1680.657466            30.489273      0.0            590       YES            
100    186    286    -2031.88951             -0.999752      0.0            592       YES            
100    188    288    -2035.750089            -2.75178       0.0            596       YES            
100    190    290    -2040.529103            48.685986      0.0            601       YES            
100    262    362    -2095.068986            68.352052      0.0            605       YES            
100    264    364    -2098.056643            15.9344        0.0            609       YES            
102    128    230    -1677.84255             32.791436      0.0            614       YES            
102    186    288    -2049.926756            -1.008107      0.0            616       YES            
102    188    290    -2054.376274            -2.995007      0.0            620       YES            
102    190    292    -2060.152506            51.988272      0.0            625       YES            
102    262    364    -2131.338008            73.007586      0.0            629       YES            
104    186    290    -2066.693438            -0.997505      0.0            632       YES            
104    188    292    -2071.409186            -3.133491      0.0            635       YES            
104    190    294    -2077.855331            53.64997       0.0            641       YES            
104    262    366    -2166.224122            74.585372      0.0            645       YES            
106    188    294    -2087.818675            -3.037771      0.0            648       YES            
106    190    296    -2094.093784            56.048847      0.0            653       YES            
108    190    298    -2108.98417             58.183833      0.0            657       YES            
108    192    300    -2116.972113            57.393258      0.0            661       YES            
110    166    276    -1994.669582            67.619921      0.0            666       YES            
110    190    300    -2122.784408            -7.550286      0.0            667       YES            
110    192    302    -2130.904196            60.493741      0.0            673       YES            
110    194    304    -2139.084471            60.063618      0.0            20        YES            
110    196    306    -2146.821883            59.408031      0.0            41        YES            
110    230    340    -2242.188604            42.46771       0.0            677       YES            
112    192    304    -2143.279801            64.671797      0.0            682       YES            
112    194    306    -2152.00479             64.199351      0.0            686       YES            
114    160    274    -1953.061029            -25.544106     0.0            688       YES            
114    164    278    -1987.10462             71.029572      0.0            694       YES            
114    166    280    -2003.84547             27.778221      0.0            697       YES            
114    192    306    -2154.340846            73.10725       0.0            702       YES            
114    194    308    -2163.650016            69.360239      0.0            705       YES            
116    168    284    -2018.970527            74.152877      0.0            710       YES            
116    192    308    -2162.57117             -59.786014     0.0            712       YES            
116    194    310    -2172.424845            -60.845309     0.0            716       YES            
116    196    312    -2181.755971            -61.369507     0.0            720       YES            
116    220    336    -2271.938867            -63.87309      0.0            724       YES            
116    222    338    -2277.754446            -65.380122     0.0            728       YES            
116    224    340    -2285.136995            95.288865      0.0            733       YES            
118    194    312    -2183.97392             86.974668      0.0            738       YES            
118    196    314    -2191.978624            -63.752176     0.0            740       YES            
118    198    316    -2201.420228            -64.715342     0.0            744       YES            
118    200    318    -2210.438133            -65.246757     0.0            748       YES            
118    202    320    -2219.283637            -62.174457     0.0            752       YES            
118    220    338    -2288.350384            -66.39951      0.0            756       YES            
118    222    340    -2294.793633            -67.75091      0.0            760       YES            
118    270    388    -2378.485075            -86.210684     0.0            764       YES            
118    272    390    -2379.467737            -86.345431     0.0            768       YES            
118    274    392    -2380.305881            -86.494838     0.0            772       YES            
120    198    318    -2210.356796            -67.098162     0.0            776       YES            
120    202    322    -2229.398865            -69.844879     0.0            780       YES            
120    218    338    -2295.439638            -68.890483     0.0            784       YES            
120    220    340    -2302.757133            -69.747098     0.0            788       YES            
120    222    342    -2309.805748            -70.64957      0.0            792       YES            
120    270    390    -2404.242275            -89.707531     0.0            796       YES            
120    272    392    -2405.545778            -89.980754     0.0            800       YES            
120    274    394    -2406.720037            -90.340666     0.0            804       YES            
120    276    396    -2407.756445            -90.87716      0.0            808       YES            
