Z      N      A      Binding_Energy_(MeV)    beta2_total    beta3_total    fileID    Convergence    
14     2      16     23.330065               -0.084703      0.009999       358       YES            
26     36     62     -537.084724             0.122781       0.01           1         YES            
32     70     102    -744.855056             0.211011       0.01           2         YES            
34     78     112    -795.075375             0.16565        0.01           3         YES            
36     32     68     -547.30299              -0.179015      0.01           4         YES            
40     56     96     -830.582574             5.5e-05        0.01           5         YES            
40     58     98     -841.643277             -6e-06         0.01           6         YES            
40     60     100    -851.097772             -0.000324      0.01           7         YES            
42     58     100    -860.736207             3e-05          0.01           8         YES            
42     74     116    -941.271384             -0.162017      0.01           9         YES            
42     104    146    -975.016105             -0.001444      0.01           10        YES            
52     58     110    -920.032419             0.167496       0.01           11        YES            
52     72     124    -1049.808231            0.162741       0.01           12        YES            
54     54     108    -873.266084             0.177346       0.01           13        YES            
54     56     110    -898.807334             0.19692        0.01           14        YES            
54     58     112    -922.695304             0.221349       0.01           15        YES            
54     72     126    -1064.110387            0.210388       0.01           16        YES            
54     74     128    -1080.491964            0.175575       0.01           17        YES            
54     88     142    -1167.895025            0.143243       0.01           18        NO             
54     90     144    -1175.280612            0.17457        0.010001       19        YES            
56     54     110    -869.405955             0.19816        0.01           20        YES            
56     56     112    -897.179681             0.218592       0.01           21        YES            
56     58     114    -923.086965             0.258984       0.010001       22        NO             
56     86     142    -1179.904334            0.122114       0.01           359       NO             
56     88     144    -1189.05911             0.160552       0.010001       360       NO             
56     90     146    -1197.967436            0.195382       0.01           23        NO             
58     54     112    -863.315527             0.22034        0.01           24        YES            
58     56     114    -893.07936              0.25152        0.01           25        NO             
58     86     144    -1197.292092            0.117597       0.01           361       NO             
58     88     146    -1207.637523            0.162529       0.01           362       YES            
58     90     148    -1218.126056            0.230457       0.01           26        YES            
60     62     122    -975.99418              0.363902       0.01           27        YES            
60     86     146    -1212.54687             0.098912       0.010001       363       NO             
60     88     148    -1223.884574            0.172243       0.01           28        YES            
60     136    196    -1365.698159            -0.061567      0.01           29        YES            
62     86     148    -1225.834517            0.073823       0.009998       30        NO             
62     88     150    -1238.338532            0.200201       0.01           31        YES            
62     90     152    -1252.566828            0.263744       0.01           32        YES            
62     132    194    -1402.113373            0.054841       0.01           33        NO             
62     134    196    -1402.664835            0.061792       0.01           34        NO             
62     136    198    -1402.963104            -0.069273      0.01           35        YES            
62     138    200    -1403.473304            -0.110333      0.01           36        YES            
62     140    202    -1403.732403            -0.122658      0.01           37        YES            
64     86     150    -1236.923555            -0.062996      0.01           38        NO             
64     88     152    -1250.962508            0.206048       0.010001       39        NO             
64     130    194    -1434.32749             0.023268       0.01           364       YES            
64     132    196    -1435.822022            0.044502       0.01           40        YES            
64     134    198    -1437.058823            0.051822       0.01           41        YES            
64     136    200    -1438.357885            -0.111512      0.01           42        YES            
64     138    202    -1439.824068            -0.127187      0.01           43        YES            
64     140    204    -1440.878351            -0.138635      0.01           44        YES            
66     72     138    -1100.055537            0.309925       0.010001       45        YES            
66     84     150    -1230.769542            0.000226       0.01           46        YES            
66     86     152    -1246.070944            -0.106573      0.01           47        YES            
66     88     154    -1261.651681            0.199227       0.01           48        YES            
66     94     160    -1309.286336            0.299379       0.01           49        YES            
66     130    196    -1465.293443            0.031756       0.01           50        YES            
66     132    198    -1467.50129             0.051399       0.01           51        YES            
66     134    200    -1469.567544            -0.10109       0.01           52        YES            
66     136    202    -1472.02934             -0.12068       0.01           53        YES            
66     138    204    -1474.251203            -0.133438      0.01           54        YES            
68     86     154    -1253.341341            -0.117252      0.01           55        YES            
68     130    198    -1494.522886            0.041151       0.01           56        YES            
68     132    200    -1497.478488            0.066871       0.010001       57        NO             
68     134    202    -1500.472582            -0.10693       0.01           58        YES            
68     136    204    -1503.570877            -0.122959      0.01           59        YES            
68     138    206    -1506.697765            0.195373       0.01           60        YES            
70     90     160    -1295.344357            0.21632        0.01           365       YES            
70     92     162    -1312.976552            0.247322       0.01           366       YES            
70     94     164    -1330.169864            0.271707       0.01           61        YES            
70     96     166    -1346.728446            0.292024       0.010002       62        YES            
70     130    200    -1522.23965             0.051822       0.01           63        YES            
70     132    202    -1525.97477             0.081445       0.01           64        NO             
70     134    204    -1529.520697            0.123331       0.01           65        NO             
70     136    206    -1533.513482            0.164391       0.010001       66        YES            
72     92     164    -1319.72507             0.229392       0.01           367       YES            
72     94     166    -1337.859555            0.255795       0.01           67        YES            
72     96     168    -1355.424145            0.280308       0.010001       68        YES            
72     130    202    -1548.381896            0.054734       0.01           69        YES            
72     132    204    -1552.909753            0.086045       0.01           70        NO             
72     134    206    -1557.283892            0.120161       0.01           71        NO             
72     136    208    -1561.888533            0.1535         0.01           72        YES            
74     92     166    -1324.567374            0.207955       0.01           368       YES            
74     94     168    -1343.624593            0.251703       0.01           369       YES            
74     96     170    -1362.255046            0.282688       0.01           73        YES            
74     98     172    -1380.168591            0.293352       0.009999       74        YES            
74     130    204    -1572.934817            0.048215       0.01           75        YES            
74     132    206    -1578.17446             0.080225       0.01           76        NO             
74     134    208    -1583.223158            0.107658       0.01           77        YES            
74     136    210    -1588.411317            0.137403       0.009999       78        YES            
76     96     172    -1367.058719            0.27876        0.01           79        YES            
76     98     174    -1385.941923            0.287095       0.010001       80        YES            
76     132    208    -1601.838385            0.064653       0.01           81        YES            
76     134    210    -1607.481806            0.089656       0.01           82        NO             
76     136    212    -1613.127653            0.114413       0.01           83        YES            
76     138    214    -1618.846645            0.13803        0.01           84        YES            
78     90     168    -1307.564319            0.131659       0.01           85        YES            
78     96     174    -1369.727699            0.268732       0.01           86        YES            
78     100    178    -1408.854955            0.287317       0.010001       87        YES            
78     132    210    -1624.005378            0.034078       0.01           88        YES            
78     134    212    -1630.25843             0.060774       0.01           370       YES            
78     136    214    -1636.498747            -0.081087      0.010001       371       YES            
78     138    216    -1642.606665            -0.091178      0.01           89        YES            
78     140    218    -1648.536215            0.202526       0.01           90        YES            
80     92     172    -1328.200535            0.100597       0.01           91        YES            
80     96     176    -1370.422053            0.256871       0.01           92        YES            
80     132    212    -1645.007691            1.9e-05        0.010001       372       YES            
80     134    214    -1651.855168            1.4e-05        0.01           93        YES            
80     136    216    -1658.512184            -0.035325      0.01           94        YES            
80     138    218    -1665.28493             -0.063824      0.01           95        YES            
80     140    220    -1671.823281            -0.071911      0.01           96        YES            
80     142    222    -1678.113621            -0.07622       0.01           97        YES            
82     92     174    -1326.708561            0.001303       0.009999       98        YES            
82     94     176    -1348.670613            0.003669       0.01           99        YES            
82     96     178    -1370.260493            -0.003038      0.01           100       YES            
82     132    214    -1663.510933            2e-05          0.01           373       YES            
82     134    216    -1671.129157            0.000464       0.01           101       YES            
82     136    218    -1678.552489            0.000662       0.01           102       YES            
82     138    220    -1685.762797            0.001159       0.01           103       YES            
82     140    222    -1692.807809            -0.025248      0.01           104       YES            
82     142    224    -1699.749636            -0.039571      0.01           105       YES            
82     144    226    -1706.674317            0.216296       0.009999       106       YES            
84     132    216    -1675.477784            0.002396       0.01           374       YES            
84     134    218    -1684.317153            -0.046811      0.01           107       YES            
84     136    220    -1693.109958            0.084273       0.01           108       YES            
84     192    276    -1828.951348            5e-06          0.01           109       YES            
84     194    278    -1828.047633            0.040072       0.01           110       YES            
84     196    280    -1827.319936            -0.057511      0.01           111       YES            
86     132    218    -1686.6861              0.072891       0.01           375       YES            
86     134    220    -1697.072491            0.107909       0.01           376       YES            
86     192    278    -1861.709272            0.051996       0.01           112       YES            
86     194    280    -1861.617982            0.076933       0.009999       113       YES            
88     132    220    -1696.118951            0.087807       0.010001       377       NO             
88     134    222    -1707.599214            0.130672       0.01           378       NO             
88     136    224    -1719.222725            0.162241       0.01           114       NO             
88     138    226    -1730.597039            0.181633       0.01           115       YES            
88     192    280    -1893.031579            0.055306       0.01           116       YES            
88     194    282    -1893.543829            0.077199       0.01           117       YES            
90     130    220    -1692.064225            -0.001128      0.01           118       YES            
90     132    222    -1703.58652             0.082421       0.010001       379       NO             
90     134    224    -1716.334393            0.157307       0.009999       380       YES            
90     136    226    -1729.520625            0.188701       0.01           119       NO             
90     138    228    -1742.192184            0.206408       0.01           120       YES            
90     192    282    -1922.71835             0.028673       0.01           121       YES            
90     194    284    -1923.782449            0.060469       0.010001       122       YES            
92     130    222    -1697.696237            -0.000627      0.01           123       YES            
92     132    224    -1709.836302            -0.004088      0.009999       124       YES            
92     134    226    -1723.954574            0.185533       0.009999       381       YES            
92     136    228    -1738.530297            0.210486       0.01           125       NO             
92     138    230    -1752.294238            0.223745       0.01           126       YES            
92     192    284    -1951.10563             -0.001677      0.01           127       YES            
92     194    286    -1952.389215            -0.033824      0.01           128       YES            
92     196    288    -1953.770144            0.073995       0.01           129       YES            
94     130    224    -1700.688616            0.001196       0.01           130       YES            
94     132    226    -1714.066915            -0.057942      0.01           131       YES            
94     134    228    -1730.075007            0.215605       0.01           382       YES            
94     136    230    -1745.602297            0.227416       0.01           132       YES            
94     188    282    -1972.345587            -0.000496      0.01           133       YES            
94     190    284    -1974.098245            2.6e-05        0.01           134       YES            
94     192    286    -1976.166554            -0.043283      0.01           135       YES            
94     194    288    -1978.496188            0.072065       0.01           136       YES            
94     196    290    -1980.841923            0.087874       0.01           137       YES            
94     198    292    -1983.017605            0.104958       0.009999       138       YES            
96     128    224    -1687.727477            -0.000647      0.01           139       YES            
96     130    226    -1701.742756            -0.022585      0.01           140       YES            
96     132    228    -1717.489772            0.243481       0.01           141       NO             
96     134    230    -1734.437853            0.24252        0.01           142       YES            
96     186    282    -1991.660597            2e-05          0.01           143       YES            
96     188    284    -1993.951483            3.1e-05        0.01           144       YES            
96     190    286    -1996.751878            -0.04898       0.01           145       YES            
96     192    288    -1999.78362             0.076577       0.010008       146       NO             
96     194    290    -2003.138266            0.094534       0.01           147       YES            
96     196    292    -2006.358486            0.111648       0.009999       148       YES            
96     198    294    -2009.506355            0.159459       0.010001       149       YES            
98     126    224    -1670.759732            1.4e-05        0.01           150       YES            
98     128    226    -1686.556112            2.1e-05        0.01           151       YES            
98     130    228    -1702.035861            -0.071843      0.01           152       YES            
98     132    230    -1719.546762            0.272991       0.01           153       YES            
98     134    232    -1737.13223             0.260899       0.01           154       YES            
98     186    284    -2011.377019            2e-05          0.01           155       YES            
98     188    286    -2014.269782            3e-05          0.01           156       YES            
98     190    288    -2018.254622            -0.061654      0.01           157       YES            
98     192    290    -2022.187084            0.094315       0.010003       158       NO             
98     194    292    -2026.538352            0.113648       0.010001       159       YES            
98     196    294    -2030.678823            0.137746       0.01           160       YES            
98     198    296    -2034.697262            0.161022       0.01           161       YES            
98     232    330    -2062.955242            -0.147742      0.01           162       YES            
98     234    332    -2063.291831            -0.145299      0.01           163       YES            
98     236    334    -2063.466942            -0.142014      0.01           164       YES            
98     238    336    -2063.475972            -0.137413      0.01           165       YES            
98     262    360    -2051.0307              0.021605       0.01           166       YES            
100    126    226    -1667.428145            8e-06          0.01           167       YES            
100    128    228    -1684.077079            1.5e-05        0.01           168       YES            
100    130    230    -1700.896042            -0.268383      0.01           169       YES            
100    132    232    -1719.758111            0.2938         0.01           170       YES            
100    134    234    -1738.046714            0.273414       0.01           171       YES            
100    184    284    -2025.436173            7e-06          0.01           172       YES            
100    186    286    -2029.867534            1.4e-05        0.01           173       YES            
100    188    288    -2033.626827            -0.042343      0.01           174       YES            
100    190    290    -2038.266145            -0.067821      0.01           383       NO             
100    192    292    -2043.242572            0.107131       0.01           384       YES            
100    194    294    -2048.448627            0.12965        0.01           175       YES            
100    196    296    -2053.448913            0.151289       0.01           176       YES            
100    198    298    -2058.233578            0.165954       0.010001       177       YES            
100    234    334    -2095.380687            -0.152094      0.01           178       YES            
100    236    336    -2096.016149            -0.148764      0.01           179       YES            
100    238    338    -2096.433324            -0.144246      0.01           180       YES            
100    240    340    -2096.604864            -0.138187      0.01           181       YES            
100    242    342    -2096.55224             -0.130491      0.01           182       YES            
100    250    350    -2094.893837            -0.082584      0.010004       183       NO             
100    260    360    -2090.956226            -3.8e-05       0.01           184       YES            
100    262    362    -2087.317905            -0.001508      0.01           185       YES            
100    264    364    -2084.238409            0.05614        0.009899       186       NO             
102    128    230    -1680.372881            -0.002982      0.01           187       YES            
102    130    232    -1698.941232            -0.267984      0.01           188       YES            
102    132    234    -1717.222273            -0.274903      0.01           189       YES            
102    134    236    -1737.504879            0.302298       0.01           190       YES            
102    182    284    -2034.476271            1e-06          0.01           191       YES            
102    184    286    -2042.097958            -1e-06         0.01           192       YES            
102    186    288    -2047.142605            6e-06          0.01           193       YES            
102    188    290    -2051.690738            -0.047622      0.01           194       YES            
102    190    292    -2056.946674            -0.072164      0.01           195       NO             
102    192    294    -2062.807503            0.118515       0.010001       196       NO             
102    194    296    -2068.71939             0.14525        0.01           197       YES            
102    196    298    -2074.505494            0.163934       0.01           198       YES            
102    214    316    -2112.653313            0.227695       0.010001       199       YES            
102    226    328    -2124.014892            0.213887       0.01           200       YES            
102    228    330    -2124.893036            0.209652       0.01           201       YES            
102    230    332    -2125.597832            0.204427       0.010001       202       YES            
102    232    334    -2126.090287            0.197922       0.01           203       YES            
102    234    336    -2126.339961            0.187265       0.010001       204       YES            
102    240    342    -2128.494238            -0.142556      0.01           205       YES            
102    242    344    -2128.834693            -0.13444       0.01           206       YES            
102    260    362    -2125.902505            0.000695       0.01           207       YES            
102    262    364    -2122.587753            0.001391       0.01           208       YES            
102    264    366    -2120.027455            0.058588       0.010001       209       NO             
104    134    238    -1733.224651            -0.28047       0.01           385       YES            
104    182    286    -2049.485728            -7e-06         0.01           210       YES            
104    184    288    -2057.595221            -9e-06         0.01           211       YES            
104    186    290    -2063.276328            -3e-06         0.01           212       YES            
104    188    292    -2068.454339            -0.048126      0.01           213       YES            
104    190    294    -2074.328801            -0.076445      0.01           214       YES            
104    192    296    -2080.810325            0.129524       0.01           215       NO             
104    194    298    -2087.755554            0.312767       0.01           216       YES            
104    196    300    -2093.702847            0.302248       0.01           217       YES            
104    212    316    -2134.199585            0.221978       0.01           218       YES            
104    214    318    -2137.771206            0.225937       0.01           219       YES            
104    216    320    -2141.093015            0.228568       0.01           220       YES            
104    236    340    -2157.081115            0.163904       0.010001       221       YES            
104    238    342    -2158.031731            -0.151856      0.01           222       YES            
104    240    344    -2159.006792            -0.145165      0.01           223       YES            
104    260    364    -2159.851144            0.001115       0.01           224       YES            
104    262    366    -2156.896838            0.003978       0.01           225       YES            
104    264    368    -2154.638067            0.058472       0.010001       226       NO             
106    184    290    -2071.92338             -1.7e-05       0.009999       227       YES            
106    186    292    -2078.228111            -1e-05         0.010001       228       YES            
106    188    294    -2083.984725            -0.117925      0.01           229       YES            
106    190    296    -2090.529434            -0.120072      0.01           230       YES            
106    192    298    -2097.370015            0.138387       0.010001       231       NO             
106    194    300    -2104.624731            0.2049         0.01           386       YES            
106    212    318    -2157.083983            0.217961       0.009999       232       YES            
106    214    320    -2161.187626            0.220096       0.01           233       YES            
106    216    322    -2165.012193            0.222148       0.01           234       YES            
106    234    340    -2185.405453            0.184544       0.010001       235       YES            
106    236    342    -2186.348782            0.16428        0.01           236       YES            
106    238    344    -2187.224026            0.146652       0.01           387       YES            
106    240    346    -2188.170679            -0.145871      0.01           388       YES            
106    242    348    -2189.342797            -0.136407      0.01           389       YES            
106    260    366    -2192.724073            0.00118        0.01           237       YES            
106    262    368    -2190.1714              0.004761       0.01           238       YES            
106    264    370    -2188.11969             0.054663       0.01           239       NO             
108    186    294    -2092.042451            -1.4e-05       0.010001       240       YES            
108    188    296    -2098.287157            -0.121525      0.01           390       YES            
108    190    298    -2105.455724            -0.122266      0.01           391       YES            
108    192    300    -2112.546446            0.132863       0.01           392       NO             
108    194    302    -2118.715377            -0.192145      0.01           393       YES            
108    196    304    -2124.982005            -0.276071      0.01           394       NO             
108    198    306    -2131.548587            -0.273335      0.01           395       YES            
108    212    320    -2178.092728            0.217144       0.01           241       YES            
108    214    322    -2182.795124            0.216871       0.01           242       YES            
108    216    324    -2187.210925            0.217106       0.01           243       YES            
108    242    350    -2217.976194            0.125104       0.009999       244       YES            
108    244    352    -2219.488987            0.342852       0.01           245       YES            
108    246    354    -2220.531232            0.343431       0.01           246       YES            
108    248    356    -2221.365066            0.343989       0.01           247       YES            
108    262    370    -2222.434391            0.003724       0.01           248       YES            
108    264    372    -2220.679421            -0.041187      0.01           249       YES            
108    266    374    -2219.408813            0.072502       0.01           250       NO             
108    268    376    -2218.561479            0.090719       0.01           251       YES            
108    270    378    -2217.827504            0.105817       0.01           252       YES            
108    272    380    -2216.569861            0.30706        0.01           253       YES            
110    188    298    -2111.41514             -4e-06         0.009999       396       YES            
110    190    300    -2119.069066            -0.119066      0.01           397       YES            
110    192    302    -2126.457271            0.11022        0.009999       398       NO             
110    194    304    -2134.526166            0.142764       0.01           399       YES            
110    196    306    -2140.475011            -0.310762      0.01           400       YES            
110    198    308    -2147.421648            -0.284407      0.01           254       YES            
110    200    310    -2154.281363            -0.278369      0.01           255       YES            
110    214    324    -2202.80906             0.218988       0.009999       256       YES            
110    244    354    -2247.194084            0.348584       0.009999       257       YES            
110    246    356    -2248.696805            0.347359       0.01           258       YES            
110    248    358    -2249.979799            0.346931       0.01           259       YES            
110    250    360    -2251.046209            0.34683        0.009998       260       YES            
110    252    362    -2251.88757             0.346529       0.01           261       YES            
110    262    372    -2253.689011            0.002371       0.01           262       YES            
110    264    374    -2252.23605             -0.037028      0.01           263       YES            
110    266    376    -2251.332482            -0.052994      0.01           264       YES            
110    268    378    -2250.545769            0.084023       0.01           265       NO             
110    270    380    -2250.042182            0.098934       0.01           266       YES            
110    276    386    -2248.153498            0.299449       0.01           267       YES            
112    158    270    -1943.172257            0.223738       0.009999       268       YES            
112    188    300    -2123.528171            5e-06          0.01           401       YES            
112    190    302    -2131.440884            -0.062917      0.01           402       YES            
112    192    304    -2139.379285            -0.117497      0.01           403       YES            
112    194    306    -2147.58995             0.115519       0.01           269       YES            
112    196    308    -2155.855775            0.132672       0.01           404       YES            
112    198    310    -2161.699929            -0.220844      0.01           405       YES            
112    200    312    -2168.949568            -0.230955      0.01           270       YES            
112    214    326    -2221.274137            0.226693       0.010001       271       YES            
112    248    360    -2276.981976            0.354873       0.010001       272       YES            
112    250    362    -2278.488303            0.353103       0.01           273       YES            
112    264    376    -2282.71772             -0.030646      0.01           274       YES            
112    266    378    -2282.241862            -0.049268      0.01           275       YES            
112    268    380    -2281.431694            0.07477        0.01           276       NO             
112    270    382    -2281.218101            0.089464       0.01           277       YES            
114    190    304    -2142.650402            -0.056534      0.01           406       YES            
114    192    306    -2151.017278            -0.109831      0.01           407       YES            
114    194    308    -2159.429591            0.095049       0.01           408       YES            
114    196    310    -2168.162643            0.110229       0.01           409       YES            
114    198    312    -2176.578481            0.122333       0.01           410       YES            
114    240    354    -2294.455174            0.138408       0.01           278       YES            
114    242    356    -2296.940208            0.126178       0.01           279       YES            
114    244    358    -2299.25597             0.116527       0.010001       280       YES            
114    264    378    -2312.100254            -0.029202      0.01           281       YES            
114    266    380    -2311.806055            -0.046175      0.01           282       YES            
114    268    382    -2311.530664            -0.054919      0.01           283       YES            
114    270    384    -2311.389562            0.078576       0.009998       284       NO             
114    272    386    -2311.356188            0.089779       0.01           411       YES            
114    278    392    -2311.771812            0.252488       0.01           285       YES            
116    162    278    -1974.935709            0.200569       0.01           286       YES            
116    164    280    -1991.360698            0.19217        0.01           287       YES            
116    168    284    -2020.949372            0.172207       0.01           288       YES            
116    170    286    -2034.937386            0.155242       0.010001       289       YES            
116    190    306    -2152.287616            -0.055728      0.01           290       YES            
116    192    308    -2161.317878            -0.101227      0.01           412       NO             
116    194    310    -2170.160809            -0.10515       0.01           291       YES            
116    196    312    -2179.169391            0.093562       0.01           292       YES            
116    198    314    -2188.077565            0.103128       0.009999       293       YES            
116    214    330    -2253.824556            0.23277        0.01           294       YES            
116    236    352    -2310.620381            0.160083       0.01           295       YES            
116    240    356    -2316.887289            0.136392       0.01           296       YES            
116    242    358    -2319.864448            0.122474       0.01           297       YES            
116    264    380    -2340.021712            -0.027097      0.009999       298       YES            
116    266    382    -2340.206617            -0.044922      0.01           299       YES            
116    268    384    -2340.372115            -0.053239      0.01           300       YES            
116    270    386    -2340.335425            0.06909        0.01           301       NO             
116    272    388    -2341.839046            0.312388       0.01           302       YES            
116    280    396    -2341.968059            0.254636       0.01           303       YES            
116    282    398    -2341.789727            0.248495       0.01           304       YES            
116    292    408    -2340.003256            0.203395       0.01           305       YES            
116    298    414    -2336.592863            0.203256       0.01           306       YES            
116    300    416    -2335.074816            0.202885       0.01           307       YES            
118    162    280    -1972.081182            0.207132       0.01           308       YES            
118    164    282    -1989.123356            0.195262       0.01           309       YES            
118    166    284    -2004.997934            0.182087       0.010001       310       YES            
118    188    306    -2150.229769            -0.000123      0.01           311       YES            
118    190    308    -2160.203312            -0.05759       0.009999       312       YES            
118    192    310    -2170.120265            -0.103643      0.01           313       YES            
118    194    312    -2179.491547            -0.107263      0.009989       314       NO             
118    196    314    -2188.576936            0.082514       0.01           315       YES            
118    198    316    -2198.026234            0.091205       0.01           413       YES            
118    200    318    -2207.237062            0.096708       0.01           316       YES            
118    204    322    -2227.501523            0.276393       0.010001       317       YES            
118    210    328    -2252.554067            0.24395        0.01           318       YES            
118    212    330    -2260.401036            0.236363       0.01           319       YES            
118    238    356    -2333.673479            0.151408       0.01           320       YES            
118    264    382    -2366.384845            -0.026255      0.010001       321       YES            
118    266    384    -2367.052483            -0.044685      0.01           322       YES            
118    268    386    -2367.701243            -0.053356      0.01           323       YES            
118    270    388    -2368.022647            -0.058716      0.01           324       YES            
118    272    390    -2369.699072            0.302317       0.01           325       YES            
118    274    392    -2370.487422            0.292344       0.01           326       YES            
118    280    398    -2371.310519            0.260982       0.01           327       YES            
118    282    400    -2371.506042            0.255858       0.01           328       YES            
118    284    402    -2371.490263            0.247902       0.010001       329       YES            
118    288    406    -2371.747791            0.205284       0.010001       330       YES            
118    290    408    -2371.552886            0.203188       0.01           331       YES            
118    292    410    -2371.209629            0.202479       0.01           332       YES            
118    296    414    -2369.96385             0.201442       0.01           333       YES            
118    298    416    -2369.011927            0.200898       0.01           334       YES            
118    300    418    -2367.872746            0.200177       0.01           335       YES            
120    166    286    -2002.003706            -0.361094      0.01           336       YES            
120    188    308    -2155.918274            -0.17406       0.01           337       YES            
120    190    310    -2166.764437            -0.178514      0.01           338       YES            
120    192    312    -2177.215538            -0.181813      0.01           339       YES            
120    194    314    -2187.317434            -0.184667      0.01           340       YES            
120    196    316    -2197.119871            -0.187135      0.01           341       YES            
120    198    318    -2206.63651             -0.190186      0.01           414       YES            
120    200    320    -2215.877193            -0.192482      0.01           342       YES            
120    208    328    -2255.568885            0.259822       0.01           343       YES            
120    210    330    -2264.162649            0.248035       0.01           344       YES            
120    262    382    -2390.644584            -0.000669      0.01           345       YES            
120    264    384    -2391.139134            -0.004944      0.01           346       YES            
120    266    386    -2392.2927              -0.045241      0.01           347       YES            
120    268    388    -2393.399827            -0.059019      0.01           348       YES            
120    270    390    -2394.854521            0.30761        0.01           349       YES            
120    272    392    -2396.162974            0.294972       0.009999       350       YES            
120    274    394    -2397.345463            0.286873       0.01           351       YES            
120    282    402    -2400.061442            0.257684       0.009999       352       YES            
120    284    404    -2400.393426            0.252241       0.009999       353       YES            
120    286    406    -2400.62771             0.245049       0.010001       354       YES            
120    288    408    -2400.782107            0.214806       0.01           355       YES            
120    290    410    -2401.166248            0.203204       0.01           356       YES            
120    298    418    -2400.208927            0.197714       0.01           357       YES            
