Z      N      A      Binding_Energy_(MeV)    Q20_total (b)  beta3_total    fileID    Convergence    
2      2      4      -30.074329              0.000468       0.0            654       YES            
22     44     66     -517.019254             1.018011       0.0            659       YES            
24     24     48     -409.194261             -0.249643      0.0            660       YES            
24     28     52     -458.646281             0.667636       0.0            666       YES            
26     46     72     -599.322418             2.192362       0.0            670       YES            
30     44     74     -642.735412             2.467125       0.0            674       YES            
30     46     76     -657.051259             2.187655       0.0            679       YES            
32     44     76     -662.297093             3.137857       0.0            683       YES            
32     46     78     -678.743609             2.730938       0.0            686       YES            
34     44     78     -678.642188             3.506775       0.0            691       YES            
34     52     86     -741.899011             2.08718        0.0            694       YES            
34     62     96     -782.800251             -5.645418      0.0            697       YES            
34     64     98     -788.874182             -5.907235      0.0            701       YES            
36     32     68     -547.270822             -2.165908      0.0            705       YES            
36     44     80     -692.504788             4.925446       0.0            710       YES            
36     52     88     -763.503937             1.554955       0.0            714       YES            
36     68     104    -835.111526             9.402839       0.0            718       YES            
38     34     72     -576.502533             6.210344       0.0            21        YES            
38     42     80     -683.151369             6.976738       0.0            722       YES            
38     44     82     -704.339767             5.973856       0.0            726       YES            
40     36     76     -607.01983              6.840682       0.0            42        YES            
40     42     82     -689.967311             7.134477       0.0            62        YES            
40     44     84     -713.247073             5.886723       0.0            730       YES            
40     58     98     -840.230354             8.255738       0.0            734       YES            
40     64     104    -877.822805             10.800032      0.0            82        YES            
40     66     106    -887.788891             11.020608      0.0            99        YES            
40     94     134    -961.352022             0.455658       0.0            738       YES            
40     96     136    -960.789702             -0.936658      0.0            741       YES            
40     98     138    -959.702109             -1.025141      0.0            745       YES            
40     100    140    -957.525432             -8.16305       0.0            749       YES            
40     102    142    -956.870777             -9.006524      0.0            753       YES            
42     36     78     -604.813155             6.541424       0.0            125       YES            
42     38     80     -637.090515             7.391587       0.0            147       YES            
42     42     84     -693.765236             6.430651       0.0            758       YES            
42     58     100    -858.530409             7.225403       0.0            762       YES            
42     64     106    -899.822986             10.174798      0.0            162       YES            
42     96     138    -1001.553163            -0.991756      0.0            765       YES            
42     98     140    -1000.980901            -8.632149      0.0            769       YES            
46     36     82     -595.245378             2.387496       0.0            774       YES            
52     56     108    -892.750365             3.615816       0.0            778       YES            
52     90     142    -1158.423199            5.225774       0.0            783       YES            
54     54     108    -867.564431             4.562736       0.0            786       YES            
54     56     110    -892.220029             5.529168       0.0            790       YES            
54     58     112    -915.623052             6.668131       0.0            794       YES            
54     86     140    -1163.290973            5.209932       0.0            799       YES            
54     88     142    -1172.008157            6.747196       0.0            803       YES            
54     90     144    -1180.292291            8.314025       0.0            807       YES            
54     92     146    -1188.390091            9.98979        0.0            811       YES            
54     94     148    -1196.321132            11.472812      0.0            815       YES            
54     96     150    -1203.948028            12.361455      0.0            819       YES            
56     52     108    -835.064623             4.093329       0.0            822       YES            
56     54     110    -863.082615             5.676004       0.0            826       YES            
56     56     112    -889.828253             6.742073       0.0            830       YES            
56     58     114    -915.485622             9.334312       0.0            834       YES            
56     66     122    -1008.632317            10.983235      0.0            838       YES            
56     84     140    -1168.805374            4.224267       0.0            843       YES            
56     86     142    -1179.996143            6.144931       0.0            847       YES            
56     88     144    -1190.344532            7.993253       0.0            851       YES            
56     90     146    -1200.313687            10.084987      0.0            855       YES            
56     92     148    -1210.451907            12.513665      0.0            859       YES            
56     94     150    -1219.946111            13.835911      0.0            863       YES            
56     96     152    -1228.770131            14.406366      0.0            866       YES            
56     132    188    -1313.277295            8.094571       0.0            870       YES            
56     134    190    -1312.940586            9.857001       0.0            874       YES            
56     136    192    -1312.289574            11.629098      0.0            878       YES            
56     138    194    -1311.47797             13.699964      0.0            882       YES            
58     54     112    -856.792109             7.04834        0.0            886       YES            
58     56     114    -885.72546              9.429204       0.0            891       YES            
58     58     116    -914.582008             11.095728      0.0            895       YES            
58     84     142    -1173.534853            21.479016      0.0            899       YES            
58     86     144    -1194.524335            6.635422       0.0            903       YES            
58     88     146    -1206.338442            9.603982       0.0            907       YES            
58     90     148    -1218.890653            12.435339      0.0            911       YES            
58     92     150    -1231.110071            14.304265      0.0            915       YES            
58     132    190    -1349.110311            -3.793109      0.0            917       YES            
58     134    192    -1350.662597            9.679515       0.0            922       YES            
58     136    194    -1350.661441            11.639723      0.0            926       YES            
58     138    196    -1350.904274            18.454434      0.0            930       YES            
60     84     144    -1193.861521            4.170728       0.0            935       YES            
60     86     146    -1207.181924            7.189108       0.0            939       YES            
60     88     148    -1220.865212            11.371406      0.0            943       YES            
60     90     150    -1235.593167            14.187432      0.0            947       YES            
60     130    190    -1384.444723            3.745044       0.0            950       YES            
60     132    192    -1385.671936            6.485134       0.0            954       YES            
60     134    194    -1386.487278            8.525705       0.0            958       YES            
60     136    196    -1387.045292            17.455517      0.0            962       YES            
62     84     146    -1203.859601            3.473517       0.0            967       YES            
62     86     148    -1218.302099            8.220756       0.0            971       YES            
62     88     150    -1233.449737            12.002436      0.0            975       YES            
62     90     152    -1249.070847            15.005397      0.0            979       YES            
62     130    192    -1417.160717            -1.63219       0.0            981       YES            
62     132    194    -1419.252496            4.393219       0.0            986       YES            
62     134    196    -1420.546211            6.248425       0.0            990       YES            
62     136    198    -1422.362806            18.181111      0.0            994       YES            
64     84     148    -1212.439366            -2.724075      0.0            997       YES            
64     86     150    -1227.929062            8.920307       0.0            1003      YES            
64     88     152    -1244.309596            12.067573      0.0            1007      YES            
64     90     154    -1260.805874            14.875309      0.0            1011      YES            
64     130    194    -1448.279072            -1.635188      0.0            1013      YES            
64     132    196    -1450.612928            -2.535088      0.0            1017      YES            
64     134    198    -1452.915034            3.243355       0.0            1022      YES            
64     136    200    -1455.648786            17.805943      0.0            1026      YES            
66     130    196    -1477.076864            -2.6472        0.0            1029      YES            
66     132    198    -1480.161702            -4.166802      0.0            1033      YES            
66     134    200    -1483.144754            -8.378966      0.0            1037      YES            
66     136    202    -1487.083571            16.883394      0.0            1042      YES            
68     130    198    -1504.267432            -3.821138      0.0            1045      YES            
68     132    200    -1508.096454            -5.94574       0.0            1049      YES            
68     134    202    -1511.926378            -9.297972      0.0            1053      YES            
68     190    258    -1540.631668            -8.801666      0.0            1057      YES            
70     130    200    -1529.995805            -4.250664      0.0            1061      YES            
70     132    202    -1534.492572            -6.076306      0.0            1065      YES            
70     134    204    -1538.854089            -9.037085      0.0            1069      YES            
70     166    236    -1592.076293            27.91706       0.0            1074      YES            
70     168    238    -1592.320103            27.537758      0.0            1078      YES            
72     132    204    -1559.479066            -5.68445       0.0            1081      YES            
72     168    240    -1629.656961            22.492509      0.0            1086      YES            
72     170    242    -1630.750645            21.47381       0.0            1090      YES            
74     170    244    -1665.156216            -19.8583       0.0            1093      YES            
76     90     166    -1294.015098            9.357565       0.0            1099      YES            
76     136    212    -1617.563884            -7.650692      0.0            1101      YES            
78     134    212    -1625.658055            -25.563687     0.0            1104      YES            
78     136    214    -1634.086734            -26.725617     0.0            1109      YES            
78     138    216    -1646.392023            10.756683      0.0            1114      YES            
80     134    214    -1643.092779            -27.643601     0.0            1116      YES            
80     136    216    -1652.560401            -28.851656     0.0            1120      YES            
80     138    218    -1661.550019            -29.802667     0.0            1124      YES            
80     140    220    -1669.94892             -30.427208     0.0            1129      YES            
82     134    216    -1658.626129            -28.849833     0.0            1132      YES            
82     136    218    -1669.076863            -30.236651     0.0            1136      YES            
82     138    220    -1679.007603            -31.27409      0.0            1140      YES            
82     140    222    -1688.30907             -32.015287     0.0            1145      YES            
82     142    224    -1697.090043            -32.576312     0.0            1149      YES            
84     132    216    -1671.804473            -0.734415      0.0            1153      YES            
84     134    218    -1671.142254            -27.811731     0.0            1156      YES            
84     136    220    -1682.314585            -31.151594     0.0            1160      YES            
84     154    238    -1767.054666            24.408116      0.0            1167      YES            
84     156    240    -1773.992486            24.245928      0.0            1171      YES            
84     158    242    -1778.929781            -21.603761     0.0            1173      YES            
84     160    244    -1785.91519             -21.523172     0.0            1177      YES            
84     162    246    -1792.68831             -21.307685     0.0            1181      YES            
84     194    278    -1846.309854            68.399004      0.0            1186      YES            
84     196    280    -1847.422338            69.851896      0.0            1190      YES            
84     198    282    -1848.228905            72.81842       0.0            1194      YES            
86     130    216    -1668.329106            -1.645164      0.0            1197      YES            
86     132    218    -1678.648776            -3.514268      0.0            1201      YES            
86     134    220    -1688.841902            -6.231691      0.0            1205      YES            
86     136    222    -1693.929928            -31.78784      0.0            1208      YES            
86     138    224    -1705.695111            -33.617967     0.0            1212      YES            
86     140    226    -1723.447053            17.59837       0.0            1218      YES            
86     142    228    -1733.666816            18.94501       0.0            1222      YES            
86     152    238    -1778.969224            23.596646      0.0            1227      YES            
86     154    240    -1786.736483            23.401088      0.0            1231      YES            
86     156    242    -1794.267874            23.000916      0.0            1235      YES            
86     158    244    -1801.634108            22.277455      0.0            1239      YES            
86     160    246    -1808.817357            21.164549      0.0            1243      YES            
86     164    250    -1819.122025            52.450861      0.0            1247      YES            
86     192    278    -1876.320198            63.903172      0.0            1250      YES            
86     194    280    -1878.303675            65.011896      0.0            1254      YES            
86     196    282    -1879.905646            66.774911      0.0            1258      YES            
88     128    216    -1649.246771            -34.198074     0.0            1260      YES            
88     130    218    -1673.277092            -3.254832      0.0            1265      YES            
88     132    220    -1684.522713            -6.035325      0.0            1269      YES            
88     134    222    -1695.917543            -9.287508      0.0            1273      YES            
88     138    226    -1716.74978             -34.349834     0.0            1280      YES            
88     140    228    -1728.74637             41.332974      0.0            1286      YES            
88     142    230    -1747.31893             21.558265      0.0            1290      YES            
88     144    232    -1758.085282            22.738275      0.0            1294      YES            
88     154    242    -1804.566151            24.403007      0.0            1299      YES            
88     156    244    -1812.660958            23.906411      0.0            1303      YES            
88     158    246    -1820.64404             23.251567      0.0            1307      YES            
88     160    248    -1824.850284            47.12049       0.0            1311      YES            
88     162    250    -1832.659934            50.954921      0.0            1315      YES            
88     172    260    -1866.028536            57.217306      0.0            1319      YES            
88     190    278    -1903.073715            63.599217      0.0            1322      YES            
88     192    280    -1906.070646            63.802701      0.0            1326      YES            
88     194    282    -1908.642739            64.725153      0.0            1330      YES            
88     196    284    -1910.805098            66.403823      0.0            1334      YES            
88     198    286    -1912.703478            68.623206      0.0            1338      YES            
88     200    288    -1914.39128             71.109902      0.0            1342      YES            
88     202    290    -1915.807902            74.078451      0.0            1346      YES            
88     204    292    -1916.987214            78.196132      0.0            1350      YES            
90     128    218    -1658.235195            47.461219      0.0            1355      YES            
90     130    220    -1670.0978              -37.191957     0.0            1356      YES            
90     132    222    -1684.502507            -36.831322     0.0            1360      YES            
90     134    224    -1700.104643            -27.68841      0.0            1364      YES            
90     136    226    -1713.166777            -29.356901     0.0            1368      YES            
90     138    228    -1726.139831            -33.416397     0.0            1372      YES            
90     140    230    -1738.621617            -35.171649     0.0            1376      YES            
90     156    246    -1829.458102            25.703601      0.0            1383      YES            
90     158    248    -1838.085537            25.024318      0.0            1386      YES            
90     160    250    -1846.486871            24.147374      0.0            1390      YES            
90     162    252    -1850.871627            49.343302      0.0            1395      YES            
90     190    280    -1930.333583            63.329555      0.0            1398      YES            
90     192    282    -1933.857514            63.500995      0.0            1402      YES            
90     194    284    -1936.982132            64.275007      0.0            1406      YES            
90     196    286    -1939.725352            65.825971      0.0            1410      YES            
90     198    288    -1942.203096            67.922854      0.0            1414      YES            
90     222    312    -1959.354124            35.860668      0.0            1418      YES            
90     224    314    -1958.944935            35.372693      0.0            1422      YES            
92     128    220    -1662.39153             46.986396      0.0            1427      YES            
92     130    222    -1678.931522            48.689691      0.0            1431      YES            
92     132    224    -1697.236415            16.440085      0.0            1434      YES            
92     134    226    -1706.815196            -29.292337     0.0            1436      YES            
92     136    228    -1720.799134            -30.741693     0.0            1440      YES            
92     158    250    -1854.121202            26.912379      0.0            1447      YES            
92     162    254    -1871.366009            24.943757      0.0            1450      YES            
92     164    256    -1876.59743             -50.377036     0.0            1452      YES            
92     190    282    -1955.838335            63.39986       0.0            1458      YES            
92     192    284    -1959.925612            63.426417      0.0            1462      YES            
92     194    286    -1963.64319             63.876033      0.0            1466      YES            
92     196    288    -1966.954244            64.825889      0.0            1470      YES            
92     198    290    -1969.922599            66.152494      0.0            1474      YES            
92     226    318    -1992.885323            37.261687      0.0            1478      YES            
92     230    322    -1990.018346            65.649403      0.0            1483      YES            
94     128    222    -1664.787229            48.01665       0.0            1487      YES            
94     130    224    -1682.210102            48.821201      0.0            1491      YES            
94     132    226    -1699.243868            49.955717      0.0            1495      YES            
94     134    228    -1715.423515            50.926657      0.0            1499      YES            
94     136    230    -1730.007216            51.110961      0.0            1503      YES            
94     138    232    -1743.909579            50.281112      0.0            1507      YES            
94     140    234    -1764.368201            26.566148      0.0            1511      YES            
94     142    236    -1778.480463            27.702985      0.0            1514      YES            
94     160    254    -1878.19707             28.062298      0.0            1518      YES            
94     188    282    -1974.635196            64.667822      0.0            1523      YES            
94     190    284    -1979.502768            64.213636      0.0            1527      YES            
94     192    286    -1984.183533            64.110659      0.0            1530      YES            
94     194    288    -1988.558547            64.532912      0.0            1534      YES            
94     196    290    -1992.564006            65.312556      0.0            1538      YES            
94     198    292    -1996.174827            66.20951       0.0            1542      YES            
94     230    324    -2026.238692            35.840726      0.0            1546      YES            
94     232    326    -2024.736062            66.109877      0.0            1551      YES            
94     234    328    -2024.468583            69.220976      0.0            1554      YES            
96     126    222    -1644.159876            -43.365479     0.0            1556      YES            
96     128    224    -1665.753028            50.633113      0.0            1563      YES            
96     130    226    -1683.93857             50.880408      0.0            1567      YES            
96     132    228    -1701.788024            51.373225      0.0            1571      YES            
96     138    234    -1748.988252            49.633532      0.0            1575      YES            
96     160    256    -1892.195394            29.973653      0.0            1578      YES            
96     162    258    -1901.418674            28.996915      0.0            1582      YES            
96     182    278    -1979.720208            70.985863      0.0            1587      YES            
96     184    280    -1985.287243            70.672863      0.0            1591      YES            
96     186    282    -1990.724239            68.130157      0.0            1595      YES            
96     188    284    -1996.201706            65.387289      0.0            1599      YES            
96     190    286    -2001.649522            64.212569      0.0            1603      YES            
96     192    288    -2006.936004            63.99441       0.0            1607      YES            
96     194    290    -2011.963522            64.347337      0.0            1610      YES            
96     196    292    -2016.631957            65.08986       0.0            1614      YES            
96     234    330    -2058.714034            66.600042      0.0            1618      YES            
96     256    352    -2051.664047            100.945521     0.0            1622      YES            
96     258    354    -2050.110849            103.537797     0.0            1626      YES            
96     260    356    -2048.439261            105.910447     0.0            1630      YES            
96     262    358    -2046.611167            108.231012     0.0            1634      YES            
98     126    224    -1644.986208            40.983672      0.0            1638      YES            
98     128    226    -1664.201886            41.297304      0.0            1642      YES            
98     130    228    -1682.902558            41.349531      0.0            1646      YES            
98     162    260    -1914.486926            30.856309      0.0            1650      YES            
98     164    262    -1923.588463            29.098639      0.0            1654      YES            
98     166    264    -1932.525763            26.390342      0.0            1658      YES            
98     182    280    -1998.275037            71.076958      0.0            1663      YES            
98     184    282    -2004.482373            71.264036      0.0            1667      YES            
98     186    284    -2010.455198            70.252289      0.0            1671      YES            
98     188    286    -2016.252688            62.62734       0.0            1675      YES            
98     190    288    -2023.154316            49.252118      0.0            1678      YES            
98     192    290    -2029.047966            41.873669      0.0            1682      YES            
98     194    292    -2035.015235            40.558687      0.0            1686      YES            
98     196    294    -2040.740609            39.84922       0.0            1690      YES            
98     256    354    -2088.219214            99.660452      0.0            1694      YES            
98     258    356    -2087.080476            102.735292     0.0            1698      YES            
98     260    358    -2085.776656            105.639312     0.0            1703      YES            
98     262    360    -2084.321247            108.325395     0.0            1707      YES            
100    126    226    -1643.266572            34.996853      0.0            1710      YES            
100    128    228    -1663.427               34.491567      0.0            1714      YES            
100    162    262    -1925.805598            31.682677      0.0            1718      YES            
100    164    264    -1935.601071            29.688761      0.0            1722      YES            
100    166    266    -1945.185951            27.390361      0.0            1726      YES            
100    168    268    -1954.1453              44.276209      0.0            1730      YES            
100    182    282    -2014.988577            68.803179      0.0            1735      YES            
100    184    284    -2021.848967            68.362547      0.0            1739      YES            
100    186    286    -2028.493044            66.728458      0.0            1743      YES            
100    188    288    -2035.965253            51.88616       0.0            1746      YES            
100    190    290    -2042.842447            52.196254      0.0            1750      YES            
100    192    292    -2049.374593            52.398318      0.0            1754      YES            
100    194    294    -2055.385448            50.915877      0.0            1758      YES            
100    196    296    -2061.394023            43.13634       0.0            1762      YES            
100    256    356    -2123.559499            96.888765      0.0            1766      YES            
100    258    358    -2122.667953            100.154969     0.0            1770      YES            
100    260    360    -2121.652741            103.40812      0.0            1774      YES            
100    262    362    -2120.436952            106.88595      0.0            1779      YES            
100    264    364    -2119.048618            110.903484     0.0            1783      YES            
102    128    230    -1659.809385            39.400657      0.0            1787      YES            
102    134    236    -1719.208084            36.654353      0.0            183       YES            
102    136    238    -1737.959901            34.42699       0.0            1791      YES            
102    162    264    -1935.718091            31.683237      0.0            1794      YES            
102    164    266    -1943.142638            53.288366      0.0            1799      YES            
102    166    268    -1954.571589            54.081206      0.0            1803      YES            
102    168    270    -1965.678664            54.594875      0.0            1807      YES            
102    182    284    -2030.582785            64.516812      0.0            1811      YES            
102    184    286    -2038.213763            63.065719      0.0            1815      YES            
102    186    288    -2045.769897            57.318846      0.0            1818      YES            
102    188    290    -2053.381382            54.812293      0.0            1822      YES            
102    190    292    -2060.895618            53.831392      0.0            1826      YES            
102    192    294    -2068.115579            53.867278      0.0            1830      YES            
102    256    358    -2157.697151            92.73172       0.0            1834      YES            
102    258    360    -2156.949168            95.749027      0.0            1838      YES            
102    260    362    -2156.097081            99.037275      0.0            1842      YES            
102    262    364    -2155.113584            103.009937     0.0            1847      YES            
102    264    366    -2154.031761            107.698528     0.0            1851      YES            
104    134    238    -1716.062584            41.95847       0.0            210       YES            
104    136    240    -1735.266367            40.156131      0.0            231       YES            
104    164    268    -1951.443854            56.49849       0.0            1855      YES            
104    166    270    -1963.561773            56.483042      0.0            1859      YES            
104    168    272    -1975.39863             56.561935      0.0            1863      YES            
104    170    274    -1986.889002            57.021903      0.0            1867      YES            
104    172    276    -1997.890126            58.059518      0.0            252       YES            
104    182    286    -2045.059951            63.099473      0.0            1871      YES            
104    184    288    -2053.368727            61.934894      0.0            1875      YES            
104    186    290    -2061.471389            60.217186      0.0            1878      YES            
104    188    292    -2069.431017            58.364486      0.0            1882      YES            
104    190    294    -2077.351168            56.257605      0.0            1886      YES            
104    252    356    -2191.170695            86.303458      0.0            271       YES            
104    256    360    -2190.757177            89.068499      0.0            1890      YES            
104    258    362    -2190.253537            89.990507      0.0            1894      YES            
104    260    364    -2189.625419            89.603507      0.0            1898      YES            
104    262    366    -2188.895062            82.657423      0.0            1902      YES            
104    264    368    -2188.482366            78.697698      0.0            1906      YES            
106    156    262    -1909.136208            33.093547      0.0            1910      YES            
106    162    268    -1951.187672            31.797011      0.0            1914      YES            
106    166    272    -1970.81129             61.578356      0.0            1919      YES            
106    168    274    -1983.073787            61.533513      0.0            1923      YES            
106    170    276    -1995.032027            61.52659       0.0            1927      YES            
106    172    278    -2006.635208            61.870722      0.0            1931      YES            
106    182    288    -2057.299768            64.646387      0.0            1935      YES            
106    184    290    -2066.233884            61.785061      0.0            1938      YES            
106    186    292    -2075.139653            60.292681      0.0            1942      YES            
106    188    294    -2083.86189             59.210148      0.0            1946      YES            
106    190    296    -2092.390075            58.303084      0.0            1950      YES            
106    192    298    -2100.679488            57.763444      0.0            1954      YES            
106    198    304    -2123.020165            55.446641      0.0            293       YES            
106    238    344    -2210.160822            77.148934      0.0            1958      YES            
106    250    356    -2220.957609            84.685054      0.0            313       YES            
106    254    360    -2222.247219            87.207372      0.0            1962      YES            
106    256    362    -2222.396282            87.775965      0.0            1966      YES            
106    258    364    -2222.370144            87.454671      0.0            1970      YES            
106    260    366    -2222.282658            86.231219      0.0            1974      YES            
106    262    368    -2222.150357            84.6745        0.0            1978      YES            
106    264    370    -2221.941918            83.400295      0.0            1982      YES            
108    154    262    -1895.898461            32.785331      0.0            1986      YES            
108    156    264    -1911.602385            32.744203      0.0            1990      YES            
108    158    266    -1927.167768            32.652154      0.0            1994      YES            
108    164    272    -1963.440535            64.769908      0.0            1999      YES            
108    166    274    -1976.75556             65.392529      0.0            2003      YES            
108    168    276    -1989.604981            65.825195      0.0            2007      YES            
108    170    278    -2002.100037            66.126165      0.0            2011      YES            
108    172    280    -2014.239312            66.457389      0.0            2015      YES            
108    180    288    -2058.538687            70.480669      0.0            2019      YES            
108    182    290    -2068.114745            67.58334       0.0            2023      YES            
108    184    292    -2077.708614            63.327399      0.0            2026      YES            
108    186    294    -2087.175572            61.844851      0.0            2030      YES            
108    188    296    -2096.43033             60.746441      0.0            2034      YES            
108    190    298    -2105.506401            59.832678      0.0            2038      YES            
108    192    300    -2114.391781            59.359681      0.0            2042      YES            
108    194    302    -2122.959246            59.293236      0.0            2046      YES            
108    244    352    -2243.253073            82.599143      0.0            334       YES            
108    246    354    -2245.554894            83.493347      0.0            355       YES            
108    248    356    -2247.687382            84.652545      0.0            376       YES            
108    250    358    -2249.538453            85.962182      0.0            397       YES            
108    252    360    -2250.929163            87.264518      0.0            2050      YES            
108    254    362    -2251.93859             88.359717      0.0            2054      YES            
108    256    364    -2252.581163            89.046216      0.0            2058      YES            
108    258    366    -2252.983984            89.123536      0.0            2062      YES            
108    260    368    -2253.247321            88.676134      0.0            2066      YES            
110    152    262    -1876.79197             31.908921      0.0            2070      YES            
110    154    264    -1893.894944            31.970659      0.0            2074      YES            
110    156    266    -1910.483768            31.989705      0.0            2078      YES            
110    158    268    -1926.922931            31.962105      0.0            2082      YES            
110    160    270    -1943.037776            31.675581      0.0            2086      YES            
110    164    274    -1972.36932             30.071613      0.0            2090      YES            
110    166    276    -1981.673269            68.95726       0.0            2095      YES            
110    168    278    -1995.118918            69.608356      0.0            2099      YES            
110    170    280    -2008.18793             70.187888      0.0            2103      YES            
110    186    296    -2097.876184            64.655065      0.0            2107      YES            
110    188    298    -2107.655975            63.35413       0.0            420       YES            
110    190    300    -2117.265314            62.239115      0.0            2110      YES            
110    192    302    -2126.697244            61.531658      0.0            2114      YES            
110    250    360    -2276.337564            87.660642      0.0            439       YES            
110    252    362    -2278.323474            88.770246      0.0            460       YES            
110    254    364    -2279.82614             89.817965      0.0            2118      YES            
110    256    366    -2281.062903            90.538394      0.0            481       YES            
112    152    264    -1872.717308            30.516159      0.0            2122      YES            
112    154    266    -1890.656809            30.707269      0.0            2126      YES            
112    156    268    -1908.125472            30.916952      0.0            2130      YES            
112    158    270    -1925.462302            31.086943      0.0            2134      YES            
112    160    272    -1942.552016            30.969661      0.0            2138      YES            
112    164    276    -1970.496552            70.988533      0.0            2143      YES            
112    188    300    -2117.332943            65.945949      0.0            2146      YES            
112    190    302    -2127.557549            64.824041      0.0            2150      YES            
112    250    362    -2301.559059            91.133143      0.0            502       YES            
112    252    364    -2303.956283            91.937056      0.0            523       YES            
112    254    366    -2305.923786            92.875341      0.0            544       YES            
112    276    388    -2315.675413            87.707669      0.0            562       YES            
114    156    270    -1904.762777            29.186627      0.0            2154      YES            
114    162    276    -1950.127125            -52.362104     0.0            2157      YES            
114    164    278    -1966.560738            -53.325808     0.0            2161      YES            
114    192    306    -2146.771395            67.663369      0.0            2167      YES            
114    194    308    -2156.935633            67.484718      0.0            2170      YES            
114    272    386    -2342.53303             90.911972      0.0            2174      YES            
114    278    392    -2344.675516            89.383464      0.0            2178      YES            
114    282    396    -2344.713353            89.738384      0.0            2182      YES            
114    284    398    -2344.226371            90.230894      0.0            2186      YES            
114    286    400    -2343.530793            90.825529      0.0            2190      YES            
114    288    402    -2342.671631            91.335997      0.0            2194      YES            
114    290    404    -2343.589435            62.889496      0.0            2198      YES            
114    292    406    -2343.41126             62.298772      0.0            2202      YES            
114    294    408    -2343.004702            62.064816      0.0            2206      YES            
114    296    410    -2342.34207             62.010549      0.0            2210      YES            
116    160    276    -1932.539249            -52.214513     0.0            2213      YES            
116    190    306    -2144.135418            72.839857      0.0            2218      YES            
116    194    310    -2165.423219            71.539116      0.0            2223      YES            
116    264    380    -2363.71816             101.637116     0.0            2226      YES            
116    266    382    -2365.319237            97.355201      0.0            2230      YES            
116    268    384    -2366.737733            96.830864      0.0            2234      YES            
116    284    400    -2373.503729            90.730681      0.0            2238      YES            
116    286    402    -2373.260314            91.301683      0.0            2242      YES            
116    288    404    -2372.822411            91.900117      0.0            2246      YES            
116    290    406    -2372.14448             92.167948      0.0            2250      YES            
116    292    408    -2373.600619            62.7254        0.0            2254      YES            
116    294    410    -2373.583185            62.110633      0.0            2258      YES            
116    296    412    -2373.341387            61.830215      0.0            2262      YES            
116    298    414    -2372.880489            61.708405      0.0            2266      YES            
116    300    416    -2372.221676            61.535625      0.0            2270      YES            
118    162    280    -1951.64272             25.790546      0.0            2274      YES            
118    188    306    -2136.688286            -57.226668     0.0            2276      YES            
118    190    308    -2148.361963            -58.673748     0.0            2281      YES            
118    192    310    -2159.782938            -60.201012     0.0            2285      YES            
118    264    382    -2386.377858            -88.041278     0.0            2289      YES            
118    266    384    -2388.456544            -88.77127      0.0            2293      YES            
118    268    386    -2390.293518            -89.717184     0.0            2297      YES            
118    270    388    -2391.882261            -90.549688     0.0            2301      YES            
118    274    392    -2394.525289            -91.589194     0.0            2305      YES            
118    284    402    -2399.758798            109.049094     0.0            2310      YES            
118    286    404    -2401.883838            91.315928      0.0            2314      YES            
118    288    406    -2401.866832            91.801018      0.0            2318      YES            
118    290    408    -2402.246586            66.467778      0.0            2322      YES            
118    292    410    -2402.658451            63.953867      0.0            2326      YES            
118    294    412    -2403.012487            62.36691       0.0            2330      YES            
118    296    414    -2403.203979            61.636246      0.0            2334      YES            
118    298    416    -2403.176353            61.338458      0.0            2338      YES            
118    300    418    -2402.933858            61.175472      0.0            2342      YES            
120    166    286    -1982.355865            -59.332432     0.0            569       YES            
120    188    308    -2140.466049            -59.211289     0.0            2345      YES            
120    190    310    -2152.847516            -60.614258     0.0            2349      YES            
120    192    312    -2164.969347            -62.15702      0.0            2353      YES            
120    194    314    -2176.817582            -63.802734     0.0            2357      YES            
120    210    330    -2258.40702             -76.12057      0.0            590       YES            
120    216    336    -2284.727204            -80.212303     0.0            611       YES            
120    218    338    -2293.096475            -81.582986     0.0            632       YES            
120    262    382    -2407.943681            -95.461456     0.0            2361      YES            
120    264    384    -2410.581784            -97.198305     0.0            2365      YES            
120    266    386    -2412.866551            -98.677297     0.0            2369      YES            
120    268    388    -2414.881953            -99.916751     0.0            2373      YES            
120    270    390    -2416.703322            -100.690558    0.0            2377      YES            
120    272    392    -2418.431815            -97.600453     0.0            2381      YES            
120    296    416    -2431.78686             63.334086      0.0            2386      YES            
120    298    418    -2432.138139            62.220782      0.0            2390      YES            
