 Nrows 
   180 
    Z     N          Q20                 Q30           beta2       beta3
     4     6          0.001354      0.0012375888    0.002676        0.03 
     6     4           0.00062      0.0012375888    0.001225        0.03 
    18    12          0.004538      0.0111382995    0.001437        0.03 
    24    18          0.000889      0.0218310671    0.000161        0.03 
    54    72          5.365089      0.1964796038     0.15543        0.03 
    56    66          8.947918      0.1842027226    0.273547        0.03 
    64    90         14.158218      0.2935065687    0.293574        0.03 
    66    90           14.1136      0.3011796195    0.286422        0.03 
    68   154         28.301584      0.6099332827    0.319006        0.03 
    70    88          9.129115      0.3089516774    0.181375        0.03 
    70   148         24.762093      0.5881517191    0.287697        0.03 
    72    90          10.37109      0.3247928145     0.19764        0.03 
    74    88          6.666142      0.3247928145    0.127036        0.03 
    76    90          7.332588      0.3410299801    0.134169        0.03 
    78   140          8.893569      0.5881517191     0.10333        0.03 
    78   160        -15.819579      0.7010198211   -0.158785        0.03 
    84   162         -10.63232      0.7489392609   -0.100998        0.03 
    86   158         18.442718      0.7368108903     0.17759        0.03 
    86   200         16.897462      1.0122981655    0.124869        0.03 
    86   202         18.903028      1.0265056854    0.138077        0.03 
    88   112         13.006286       0.495035535    0.174453        0.03 
    88   132          9.197042      0.5989929973    0.105241        0.03 
    88   134         12.003664      0.6099332827    0.135301        0.03 
    88   136         14.163015      0.6209725751    0.157272        0.03 
    88   138         16.068386      0.6321108746    0.175806        0.03 
    88   140         17.772604      0.6433481813    0.191618        0.03 
    88   154         22.754148      0.7247815268    0.222132        0.03 
    88   162         19.983504      0.7734930234    0.184791        0.03 
    88   170         13.890878      0.8237886338    0.121882        0.03 
    88   194         12.335674      0.9841801471    0.093323        0.03 
    88   196         16.361486      0.9981896528    0.122331        0.03 
    88   198         19.119944      1.0122981655    0.141293        0.03 
    88   200         21.483249      1.0265056854    0.156924        0.03 
    88   202         23.550058      1.0408122123    0.170048        0.03 
    90   132         11.635338      0.6099332827     0.13115        0.03 
    90   134         14.586868      0.6209725751    0.161979        0.03 
    90   136         17.171149      0.6321108746    0.187872        0.03 
    90   138         19.432774      0.6433481813    0.209517        0.03 
    90   156         25.268808      0.7489392609    0.240032        0.03 
    90   158         24.617566      0.7611666386    0.230711        0.03 
    90   194         15.679076      0.9981896528    0.117228        0.03 
    90   196         19.809434      1.0122981655    0.146388        0.03 
    90   198         23.042951      1.0265056854    0.168317        0.03 
    90   200         25.757415      1.0408122123    0.185987        0.03 
    90   202         27.990691      1.0552177464    0.199811        0.03 
    92   120         -9.059647      0.5562219271   -0.110271        0.03 
    92   130          8.215604      0.6099332827    0.092603        0.03 
    92   132         13.932045      0.6209725751    0.154707        0.03 
    92   134         17.434681      0.6321108746    0.190755        0.03 
    92   136         20.365615      0.6433481813    0.219575        0.03 
    92   160         26.851073      0.7859184154    0.245021        0.03 
    92   162         25.815003      0.7984428144    0.232484        0.03 
    92   164         24.603277      0.8110662205    0.218693        0.03 
    92   166         23.187363      0.8237886338    0.203452        0.03 
    92   170         19.231247      0.8495304816    0.164468        0.03 
    92   192             1e-06      0.9981896528         0.0        0.03 
    92   194         19.111399      1.0122981655    0.141229        0.03 
    92   196         24.246303      1.0265056854    0.177106        0.03 
    92   198         27.693475      1.0408122123    0.199966        0.03 
    94   120        -10.596755       0.566766184   -0.126977        0.03 
    94   130         10.053516      0.6209725751    0.111639        0.03 
    94   132         17.153499      0.6321108746    0.187679        0.03 
    94   144         28.281445      0.7010198211    0.283868        0.03 
    94   160         30.512865      0.7984428144    0.274791        0.03 
    94   162         29.957072      0.8110662205    0.266282        0.03 
    94   168         25.743714      0.8495304816    0.220163        0.03 
    94   170         22.734836      0.8625499162    0.191982        0.03 
    94   192           0.31623      1.0122981655    0.002337        0.03 
    94   194          25.76913      1.0265056854     0.18823        0.03 
    96   130         12.760996      0.6321108746     0.13962        0.03 
    96   158         33.018935      0.7984428144     0.29736        0.03 
    96   164         34.334856      0.8366100541     0.29741        0.03 
    96   166         34.888157      0.8495304816    0.298368        0.03 
    96   192         11.540631      1.0265056854    0.084298        0.03 
    96   220         45.891962      1.2358067096    0.287189        0.03 
    96   238         54.114179      1.3806046035    0.308776        0.03 
    98   160         35.081035      0.8237886338     0.30781        0.03 
    98   162         35.861547      0.8366100541    0.310634        0.03 
    98   188          0.005353      1.0122981655       4e-05        0.03 
    98   190         -0.011797      1.0265056854    -8.6e-05        0.03 
    98   192         40.950842      1.0408122123    0.295694        0.03 
    98   218         46.147589      1.2358067096    0.288789        0.03 
    98   236          56.16853      1.3806046035    0.320498        0.03 
    98   246         63.507939      1.4645131267     0.34499        0.03 
   100   158         35.189577      0.8237886338    0.308762        0.03 
   100   162         36.719168      0.8495304816    0.314027        0.03 
   100   188         -0.029005      1.0265056854   -0.000212        0.03 
   100   190         46.686585      1.0408122123     0.33711        0.03 
   100   216         45.469259      1.2358067096    0.284544        0.03 
   100   228          51.22153      1.3314475749    0.301235        0.03 
   100   230         52.670287       1.347734244    0.306633        0.03 
   100   232         54.028902      1.3641199202    0.311391        0.03 
   100   234         55.329327      1.3806046035    0.315709        0.03 
   100   236         56.892017       1.397188294    0.321412        0.03 
   100   238          58.51947      1.4138709915    0.327352        0.03 
   100   240          60.19076      1.4306526961    0.333407        0.03 
   100   242         61.878502      1.4475334079    0.339421        0.03 
   100   244         63.503181      1.4645131267    0.344964        0.03 
   100   260           0.15863      1.6039151334    0.000799        0.03 
   100   262          0.229488      1.6217859162    0.001145        0.03 
   100   264         -0.089079      1.6397557061    -0.00044        0.03 
   102   154         34.377694      0.8110662205    0.305576        0.03 
   102   156          34.68175      0.8237886338    0.304306        0.03 
   102   174         43.561113      0.9427456728    0.341581        0.03 
   102   188          0.029206      1.0408122123    0.000211        0.03 
   102   230          50.95768      1.3641199202     0.29369        0.03 
   102   232         52.332129      1.3806046035    0.298607        0.03 
   102   234         53.848025       1.397188294    0.304215        0.03 
   102   238         57.262036      1.4306526961    0.317184        0.03 
   102   242         61.008685      1.4645131267    0.331414        0.03 
   102   244         62.955307      1.4815918527      0.3387        0.03 
   102   260          0.395514      1.6217859162    0.001973        0.03 
   102   262          0.300274      1.6397557061    0.001485        0.03 
   102   264          0.330364      1.6578245031    0.001618        0.03 
   104   148         33.222534      0.7859184154    0.303162        0.03 
   104   154         34.026936      0.8237886338    0.298561        0.03 
   104   172         38.902589      0.9427456728    0.305051        0.03 
   104   176         42.199146      0.9702696486     0.32306        0.03 
   104   180         56.827129      0.9981896528    0.424882        0.03 
   104   192         50.192484      1.0843258358    0.350264        0.03 
   104   198         45.888274      1.1287305233    0.309694        0.03 
   104   230         48.521172      1.3806046035    0.276862        0.03 
   104   232         49.516056       1.397188294    0.279741        0.03 
   104   234         50.943544      1.4138709915    0.284973        0.03 
   104   250         79.546887      1.5508968276    0.411965        0.03 
   104   262          0.425521      1.6578245031    0.002085        0.03 
   104   264         74.344044      1.6759923073    0.360919        0.03 
   106   144         32.323431      0.7734930234    0.298901        0.03 
   106   150          33.17919      0.8110662205    0.294923        0.03 
   106   166         33.566778      0.9156177255    0.269694        0.03 
   106   176          38.47212      0.9841801471    0.291054        0.03 
   106   200         45.919398      1.1588286839    0.303182        0.03 
   106   202         44.713395      1.1740262748    0.292031        0.03 
   106   230         46.491107       1.397188294    0.262652        0.03 
   106   236         48.691863      1.4475334079    0.267089        0.03 
   106   238         50.054867      1.4645131267     0.27191        0.03 
   106   242         53.095525      1.4987695857    0.282923        0.03 
   108   148         32.798792      0.8110662205    0.291542        0.03 
   108   194         56.097785      1.1287305233    0.378597        0.03 
   108   198         52.743487      1.1588286839    0.348238        0.03 
   108   200         50.178874      1.1740262748    0.327727        0.03 
   108   202         47.422749      1.1893228728    0.306403        0.03 
   108   244         48.945057      1.5334220732    0.255886        0.03 
   108   248         80.581363      1.5684705891    0.413423        0.03 
   108   252         82.328461      1.6039151334    0.414593        0.03 
   110   156         32.541004      0.8756683578    0.271355        0.03 
   110   164         31.465664      0.9291321956    0.249744        0.03 
   110   174           73.9647      0.9981896528    0.553015        0.03 
   110   190          60.09291      1.1138299537    0.410076        0.03 
   110   196         58.965116      1.1588286839    0.389316        0.03 
   110   204         38.013215      1.2202130902    0.240415        0.03 
   110   232         42.156884      1.4475334079    0.231243        0.03 
   112   162         30.645523      0.9291321956    0.243235        0.03 
   112   190         64.977244      1.1287305233    0.438523        0.03 
   114   192         10.616291      1.1588286839    0.070094        0.03 
   114   198         71.612177       1.204718478    0.457761        0.03 
   114   200         72.494263      1.2202130902    0.458491        0.03 
   114   208         33.884511      1.2831816103    0.205503        0.03 
   114   220         37.953035      1.3806046035     0.21656        0.03 
   114   244         31.104643      1.5861433577    0.158099        0.03 
   116   212         34.535556      1.3314475749    0.203105        0.03 
   116   214         35.488226       1.347734244    0.206603        0.03 
   116   228         35.537594      1.4645131267    0.193049        0.03 
   116   240         30.782908      1.5684705891    0.157932        0.03 
   118   218         36.065219       1.397188294    0.203751        0.03 
   118   236         29.901471      1.5508968276    0.154857        0.03 
   118   238         28.521578      1.5684705891     0.14633        0.03 
   118   240         27.013409      1.5861433577    0.137304        0.03 
   120   166         75.980852      1.0122981655    0.561483        0.03 
   120   168         76.432497      1.0265056854    0.558299        0.03 
   120   232         29.889908      1.5334220732    0.156265        0.03 
   120   280         15.655092        1.98014214     0.06614        0.03 
   120   294         55.431905      2.1211777639    0.221141        0.03 
   120   298         56.698361      2.1623647204    0.222597        0.03 
   106   190          -0.00118      1.0843258358      -8e-06        0.03 
   106   244         55.068516      1.5160463259    0.290647        0.03 
   106   264          0.797327      1.6942591185    0.003836        0.03 
   112   198          26.70336      1.1893228728    0.172533        0.03 
   120   284         23.970238       2.019942997    0.099605        0.03 
   120   286         47.486351      2.0399919362    0.195705        0.03 
